1 0.290278 0.227315 0.014815 0.033333
1 0.700463 0.305556 0.012963 0.041667
1 0.287500 0.347685 0.014815 0.042593
1 0.552778 0.228704 0.015741 0.032407
1 0.388889 0.691667 0.016667 0.056481
1 0.478241 0.205556 0.012037 0.030556
2 0.611111 0.242593 0.012037 0.034259
1 0.491204 0.222222 0.011111 0.032407
1 0.991667 0.546296 0.019444 0.047222
1 0.608333 0.292130 0.012037 0.034259
1 0.987500 0.748611 0.025000 0.053704
1 0.394907 0.273148 0.012963 0.032407
1 0.238426 0.233796 0.014815 0.033333
1 0.149074 0.422685 0.014815 0.047222
1 0.585963 0.541500 0.016639 0.049907
1 0.391880 0.147454 0.017528 0.030676
1 0.570639 0.147139 0.013148 0.026296
1 0.766620 0.231667 0.011898 0.033815
1 0.771000 0.216009 0.009389 0.032556
1 0.368713 0.269231 0.011269 0.031306
0 0.360889 0.241370 0.006889 0.008139
2 0.240676 0.113324 0.008139 0.028806
1 0.581602 0.118648 0.010019 0.023167
