1 0.342130 0.293519 0.012037 0.036111
1 0.447222 0.205093 0.012037 0.031481
1 0.823148 0.446296 0.015741 0.037037
1 0.536111 0.134722 0.012037 0.027778
1 0.782870 0.331481 0.015741 0.037037
1 0.150000 0.274537 0.017593 0.037963
1 0.330556 0.487963 0.013889 0.042593
1 0.582870 0.284259 0.014815 0.038889
1 0.083796 0.336574 0.016667 0.041667
1 0.586574 0.432407 0.025000 0.048148
1 0.059722 0.368981 0.019444 0.042593
1 0.007870 0.501852 0.021296 0.041667
2 0.221296 0.116667 0.011111 0.027778
1 0.216667 0.240278 0.013889 0.036111
1 0.334722 0.471296 0.012963 0.033333
1 0.127778 0.604630 0.023148 0.049074
2 0.254167 0.315278 0.014815 0.035185
1 0.279935 0.426426 0.018713 0.043667
1 0.187250 0.214324 0.018713 0.029407
1 0.237157 0.147046 0.013370 0.026731
1 0.673824 0.210315 0.018713 0.037426
0 0.809731 0.432213 0.007130 0.016037
