1 0.458333 0.238889 0.050000 0.088889
1 0.350694 0.417361 0.059722 0.109722
1 0.732639 0.448611 0.051389 0.127778
1 0.550000 0.454167 0.061111 0.119444
1 0.220139 0.398611 0.062500 0.100000
1 0.248611 0.319444 0.038889 0.097222
1 0.906944 0.304167 0.044444 0.097222
1 0.682639 0.376389 0.037500 0.108333
1 0.700000 0.233333 0.050000 0.080556
1 0.953472 0.237500 0.034722 0.086111
1 0.504167 0.355556 0.052778 0.097222
1 0.400694 0.390972 0.054167 0.104167
2 0.628472 0.135417 0.029167 0.073611
0 0.384264 0.429778 0.024694 0.020056
