1 0.308796 0.237037 0.014815 0.036111
1 0.509722 0.286111 0.012963 0.040741
1 0.210185 0.336111 0.015741 0.039815
1 0.286574 0.307870 0.018519 0.038889
1 0.137500 0.214815 0.017593 0.034259
1 0.465278 0.187500 0.011111 0.031481
1 0.622685 0.432870 0.013889 0.044444
1 0.845833 0.201389 0.012037 0.026852
2 0.418056 0.269907 0.013889 0.035185
1 0.262037 0.262500 0.012963 0.036111
1 0.580093 0.159722 0.012037 0.030556
1 0.696296 0.204630 0.011111 0.032407
1 0.716667 0.378704 0.014815 0.040741
1 0.550000 0.198611 0.012963 0.032407
1 0.783796 0.279167 0.013889 0.034259
1 0.428704 0.125926 0.012037 0.026852
1 0.582870 0.247685 0.012963 0.034259
1 0.324222 0.173083 0.016259 0.035519
1 0.545778 0.159241 0.011435 0.029500
1 0.565944 0.156231 0.013241 0.027093
1 0.676417 0.198972 0.012639 0.033111
1 0.789306 0.316074 0.010833 0.033713
0 0.510259 0.165861 0.007824 0.012639
