1 0.425000 0.237963 0.014815 0.026852
1 0.911574 0.374074 0.022222 0.033333
1 0.240741 0.351852 0.021296 0.039815
1 0.853704 0.717593 0.034259 0.046296
1 0.699074 0.173611 0.016667 0.026852
1 0.062037 0.363426 0.021296 0.041667
1 0.193250 0.235481 0.016667 0.032407
1 0.523611 0.130759 0.012963 0.028185
1 0.183796 0.203241 0.016667 0.031481
1 0.021852 0.424833 0.033333 0.040741
1 0.169806 0.515380 0.022935 0.038676
1 0.354167 0.867593 0.037037 0.052778
1 0.677778 0.436574 0.027778 0.040741
1 0.900306 0.271361 0.019472 0.040278
2 0.331944 0.366204 0.016667 0.041667
1 0.775463 0.667130 0.041667 0.061111
1 0.100463 0.691667 0.038889 0.047222
1 0.057000 0.330583 0.022222 0.038889
1 0.635185 0.293519 0.021296 0.036111
1 0.481417 0.236676 0.020037 0.032556
2 0.211250 0.107065 0.019407 0.026296
