1 0.511574 0.308333 0.013889 0.044444
1 0.623148 0.147685 0.011111 0.034259
2 0.419444 0.193056 0.012963 0.036111
1 0.312500 0.252315 0.013889 0.039815
1 0.102778 0.262963 0.014815 0.044444
1 0.399537 0.163426 0.010185 0.036111
1 0.444907 0.155093 0.012037 0.039815
1 0.168981 0.239352 0.010185 0.039815
1 0.097685 0.197685 0.006481 0.036111
1 0.118981 0.181019 0.010185 0.043519
1 0.048148 0.186111 0.016667 0.048148
1 0.058796 0.238426 0.014815 0.040741
1 0.176389 0.167130 0.010185 0.043519
1 0.106481 0.187500 0.016667 0.037037
1 0.169444 0.161574 0.008333 0.033333
1 0.187037 0.157870 0.009259 0.031481
1 0.231944 0.187500 0.008333 0.025926
1 0.235648 0.214352 0.016667 0.038889
1 0.187500 0.231019 0.017593 0.037037
1 0.145833 0.213889 0.019444 0.034259
1 0.362037 0.126389 0.015741 0.035185
1 0.426389 0.035648 0.008333 0.025926
2 0.337963 0.040741 0.010185 0.026852
2 0.840278 0.984259 0.026852 0.031481
