1 0.948611 0.443519 0.032407 0.053704
1 0.915741 0.323148 0.022222 0.033333
1 0.624074 0.417130 0.035185 0.039815
1 0.818981 0.313426 0.025000 0.036111
1 0.278704 0.272222 0.014815 0.033333
2 0.403704 0.358796 0.016667 0.036111
1 0.632407 0.338889 0.024074 0.037037
1 0.778704 0.260185 0.024074 0.037037
1 0.502315 0.327778 0.023148 0.037037
1 0.685648 0.176852 0.012037 0.033333
1 0.668519 0.179167 0.018519 0.036111
2 0.345833 0.079630 0.015741 0.029630
1 0.668981 0.407407 0.026852 0.040741
1 0.347685 0.325000 0.017593 0.038889
1 0.720370 0.637037 0.035185 0.053704
1 0.252778 0.383796 0.016667 0.039815
1 0.498148 0.303241 0.024074 0.031481
1 0.670370 0.639352 0.027778 0.049074
0 0.720833 0.417593 0.012963 0.010185
1 0.718056 0.248611 0.024074 0.031481
1 0.586574 0.205093 0.022222 0.030556
1 0.410648 0.158333 0.013889 0.033333
1 0.362037 0.243981 0.025926 0.040741
