1 0.009722 0.578472 0.083333 0.131944
1 0.593056 0.132639 0.033333 0.087500
1 0.737500 0.624306 0.058333 0.115278
1 0.857639 0.641667 0.104167 0.158333
1 0.002083 0.293056 0.043056 0.116667
1 0.888194 0.256250 0.045833 0.112500
1 0.590278 0.443750 0.050000 0.126389
1 0.648611 0.426389 0.066667 0.127778
1 0.714583 0.335417 0.048611 0.123611
2 0.302083 0.038889 0.040278 0.077778
2 0.714583 0.336111 0.048611 0.122222
1 0.087500 0.161806 0.030556 0.090278
2 0.087500 0.161111 0.030556 0.091667
0 0.881250 0.359028 0.026389 0.026389
