1 0.382639 0.739583 0.087500 0.148611
1 0.152083 0.370139 0.037500 0.109722
1 0.618750 0.409722 0.040278 0.111111
1 0.667361 0.218750 0.031944 0.084722
1 0.902778 0.304167 0.036111 0.102778
1 0.027083 0.263889 0.043056 0.088889
1 0.815972 0.343750 0.043056 0.109722
1 0.201389 0.195139 0.027778 0.084722
1 0.443750 0.648611 0.054167 0.141667
1 0.361111 0.300694 0.044444 0.095833
2 0.283333 0.345139 0.047222 0.106944
1 0.212500 0.412500 0.038889 0.113889
1 0.378472 0.120139 0.023611 0.056944
1 0.322917 0.225694 0.043056 0.087500
2 0.300000 0.092361 0.030556 0.068056
0 0.393056 0.800000 0.025000 0.030556
