1 0.476852 0.567593 0.016667 0.047222
2 0.443056 0.403241 0.012037 0.039815
1 0.480093 0.204630 0.011111 0.034259
1 0.712500 0.403241 0.012037 0.039815
1 0.582870 0.302315 0.014815 0.037963
1 0.728704 0.173148 0.012037 0.033333
1 0.731481 0.329167 0.012037 0.039815
1 0.481019 0.246296 0.011111 0.038889
2 0.420370 0.109722 0.010185 0.028704
1 0.905093 0.275463 0.014815 0.038889
1 0.450000 0.334722 0.012963 0.036111
1 0.713426 0.333333 0.013889 0.037963
1 0.639815 0.364815 0.012963 0.041667
1 0.656019 0.406944 0.013889 0.039815
1 0.687037 0.380093 0.012037 0.038889
1 0.948148 0.406944 0.017593 0.043519
1 0.675926 0.642593 0.021296 0.051852
1 0.632556 0.309704 0.014472 0.037046
1 0.671917 0.346750 0.017944 0.038204
1 0.688417 0.355435 0.012731 0.038204
1 0.703750 0.362380 0.011000 0.046315
1 0.671333 0.416213 0.015630 0.043991
