1 0.822685 0.318981 0.017593 0.041667
1 0.135185 0.262963 0.013889 0.035185
1 0.426389 0.575926 0.022222 0.045370
1 0.334722 0.297222 0.015741 0.036111
1 0.068056 0.403241 0.021296 0.041667
1 0.734259 0.887963 0.025000 0.061111
1 0.946296 0.567593 0.026852 0.049074
1 0.064352 0.363889 0.020370 0.040741
1 0.303704 0.296759 0.013889 0.037963
1 0.228704 0.367593 0.018519 0.042593
1 0.237500 0.603704 0.028704 0.050000
1 0.411574 0.843519 0.033333 0.051852
1 0.182870 0.885648 0.037037 0.046296
2 0.282870 0.458796 0.017593 0.037963
1 0.433333 0.638426 0.020370 0.040741
1 0.460185 0.405556 0.018519 0.044444
1 0.417130 0.406481 0.013889 0.039815
1 0.198611 0.857870 0.028704 0.045370
1 0.562500 0.169907 0.011111 0.029630
1 0.323750 0.196157 0.020565 0.032759
2 0.143593 0.118833 0.015231 0.031991
0 0.552657 0.893556 0.019806 0.018287
