1 0.381019 0.193981 0.012037 0.032407
1 0.243519 0.206019 0.013889 0.035185
1 0.291667 0.295833 0.013889 0.040741
1 0.043519 0.342593 0.019444 0.041667
1 0.692593 0.441204 0.018519 0.038889
1 0.346759 0.210648 0.012037 0.033333
1 0.559259 0.288889 0.014815 0.029630
1 0.302778 0.501389 0.027778 0.050926
1 0.306481 0.377778 0.015741 0.042593
1 0.483796 0.360185 0.013889 0.041667
1 0.642593 0.260648 0.013889 0.037963
1 0.255093 0.369444 0.016667 0.043519
1 0.532407 0.282870 0.012037 0.037037
1 0.783796 0.248148 0.013889 0.036111
1 0.427315 0.314352 0.012963 0.037037
2 0.148120 0.108333 0.013889 0.028704
1 0.115380 0.747019 0.030491 0.049250
1 0.097787 0.261519 0.016417 0.042222
1 0.631954 0.158315 0.012898 0.025796
2 0.598537 0.272657 0.014074 0.034009
