1 0.331944 0.310185 0.012963 0.036111
1 0.158333 0.273148 0.013889 0.033333
1 0.268519 0.305093 0.013889 0.037037
1 0.699074 0.466204 0.015741 0.035185
1 0.130093 0.196759 0.012037 0.032407
1 0.379630 0.162037 0.011111 0.029630
1 0.346759 0.538889 0.019444 0.045370
1 0.197685 0.457870 0.014815 0.046296
1 0.253704 0.175463 0.012037 0.027778
1 0.640741 0.506481 0.014815 0.046296
1 0.030093 0.199074 0.012037 0.028704
1 0.652315 0.155556 0.010185 0.028704
1 0.206944 0.266667 0.013889 0.035185
1 0.528241 0.175000 0.012037 0.029630
1 0.594546 0.277537 0.012639 0.037324
1 0.459991 0.167972 0.012037 0.032509
1 0.528315 0.136361 0.016259 0.029500
1 0.587315 0.161046 0.012639 0.027093
1 0.639093 0.117398 0.011435 0.027694
1 0.783880 0.278139 0.025287 0.037324
1 0.992185 0.169778 0.015657 0.032509
0 0.982556 0.181815 0.007222 0.007222
2 0.431694 0.236000 0.012037 0.032509
2 0.059630 0.130639 0.012037 0.030102
