1 0.704861 0.650000 0.070833 0.163889
1 0.737500 0.402778 0.055556 0.138889
1 0.675694 0.283333 0.051389 0.097222
1 0.220833 0.411111 0.055556 0.127778
1 0.405556 0.454167 0.052778 0.136111
1 0.381250 0.357639 0.054167 0.123611
1 0.135028 0.441431 0.069444 0.118056
1 0.760417 0.300000 0.054167 0.075000
1 0.029861 0.462500 0.048611 0.141667
1 0.570139 0.267361 0.045833 0.090278
1 0.077236 0.454708 0.062500 0.134722
1 0.095139 0.378319 0.056944 0.062194
2 0.963194 0.197222 0.040278 0.091667
1 0.030250 0.459639 0.046611 0.141514
1 0.542361 0.272222 0.043056 0.088889
0 0.506944 0.301389 0.019444 0.022222
