1 0.357870 0.184722 0.012037 0.029630
1 0.510648 0.269907 0.012037 0.031481
1 0.181944 0.399074 0.013889 0.043519
1 0.264352 0.207407 0.013889 0.035185
1 0.337963 0.292130 0.013889 0.033333
1 0.397222 0.590741 0.017593 0.047222
1 0.972685 0.482870 0.018519 0.037963
1 0.728241 0.268056 0.014815 0.035185
2 0.578704 0.225463 0.011111 0.030556
1 0.613889 0.479167 0.013889 0.042593
1 0.566667 0.201852 0.010185 0.027778
1 0.627778 0.265278 0.014815 0.032407
1 0.574537 0.137500 0.010185 0.025926
1 0.759259 0.211574 0.012963 0.029630
1 0.413657 0.275380 0.014787 0.036620
1 0.480926 0.189102 0.008454 0.027472
1 0.504870 0.183824 0.011269 0.026759
1 0.413657 0.147194 0.014787 0.030991
1 0.519306 0.110926 0.010565 0.023241
1 0.745741 0.196148 0.009861 0.027472
2 0.241111 0.113037 0.010565 0.027472
0 0.272731 0.225889 0.009676 0.008361
