1 0.477778 0.309722 0.013889 0.036111
1 0.436111 0.505556 0.014815 0.045370
1 0.165741 0.301389 0.015741 0.035185
2 0.422222 0.285185 0.012037 0.037037
1 0.227315 0.415278 0.015741 0.045370
1 0.836574 0.351389 0.013889 0.034259
1 0.284259 0.325000 0.018519 0.039815
1 0.596759 0.279630 0.012963 0.040741
1 0.848611 0.318519 0.013889 0.033333
1 0.373713 0.235185 0.012759 0.034259
1 0.933333 0.235185 0.014815 0.031481
1 0.683796 0.327778 0.014815 0.037037
1 0.782407 0.220833 0.012963 0.030556
1 0.258333 0.227315 0.014815 0.035185
1 0.818981 0.305093 0.013889 0.037037
1 0.637500 0.393519 0.015741 0.039815
1 0.324528 0.377898 0.013472 0.042778
1 0.361926 0.239324 0.012370 0.024741
1 0.718778 0.293565 0.014278 0.035213
1 0.674046 0.237185 0.013324 0.036639
1 0.963815 0.224102 0.009519 0.028546
1 0.830111 0.280009 0.010472 0.042343
