1 0.334259 0.473148 0.016667 0.046296
1 0.178704 0.259722 0.016667 0.036111
1 0.851389 0.457407 0.022222 0.041667
1 0.432407 0.215278 0.015741 0.034259
1 0.824074 0.693056 0.023148 0.056481
1 0.434722 0.162500 0.013889 0.029630
1 0.180093 0.172685 0.016667 0.033333
1 0.533796 0.225463 0.012963 0.032407
1 0.517130 0.411574 0.015741 0.044444
1 0.400000 0.160185 0.012037 0.030556
1 0.521759 0.125000 0.010185 0.027778
1 0.638889 0.240741 0.013889 0.037037
1 0.162963 0.369444 0.019444 0.043519
1 0.312963 0.115278 0.011111 0.025000
2 0.559722 0.249074 0.012963 0.032407
1 0.250463 0.171296 0.012963 0.033333
2 0.169694 0.099444 0.013491 0.025398
1 0.682407 0.177778 0.014815 0.031481
1 0.629250 0.174324 0.014648 0.033694
1 0.320148 0.253435 0.016111 0.032231
1 0.367630 0.126565 0.014278 0.026648
1 0.167083 0.115861 0.011898 0.029028
0 0.307444 0.127278 0.008093 0.010944
