1 0.511111 0.366667 0.016667 0.040741
1 0.107407 0.291667 0.016667 0.039815
1 0.292593 0.230093 0.014815 0.033333
1 0.485648 0.281481 0.014815 0.037037
1 0.462500 0.348611 0.015741 0.036111
1 0.467130 0.247685 0.013889 0.032407
1 0.316204 0.345833 0.017593 0.039815
1 0.757407 0.303241 0.013889 0.036111
1 0.803704 0.346296 0.013889 0.037037
1 0.618981 0.289352 0.013889 0.034259
1 0.084259 0.507407 0.024074 0.045370
1 0.698148 0.570370 0.020370 0.049074
2 0.557407 0.321759 0.013889 0.036111
1 0.601852 0.284259 0.014815 0.032407
1 0.723611 0.556019 0.023148 0.050000
1 0.479630 0.334722 0.017593 0.042593
1 0.723176 0.351880 0.015556 0.034241
1 0.275000 0.417593 0.019444 0.043519
1 0.949074 0.258333 0.014815 0.035185
1 0.696796 0.277194 0.011685 0.034509
1 0.567657 0.192593 0.017259 0.035620
0 0.386204 0.348722 0.009463 0.008352
