1 0.611574 0.378241 0.013889 0.040741
1 0.442593 0.200463 0.011111 0.034259
1 0.292593 0.292130 0.014815 0.036111
1 0.514352 0.231944 0.013889 0.035185
1 0.342593 0.223148 0.012037 0.034259
1 0.128704 0.432870 0.016667 0.033333
1 0.580093 0.554167 0.020370 0.046296
1 0.218981 0.288889 0.013889 0.037037
2 0.312963 0.372222 0.013889 0.035185
1 0.817130 0.653704 0.026852 0.050926
1 0.551852 0.362500 0.013889 0.038889
1 0.454167 0.847685 0.025926 0.050000
2 0.440741 0.102778 0.011111 0.028704
1 0.903241 0.361574 0.018519 0.037963
1 0.261194 0.664620 0.021056 0.044111
1 0.064713 0.524778 0.015037 0.041102
1 0.143907 0.421528 0.013028 0.031074
1 0.143407 0.361380 0.016037 0.037093
1 0.412694 0.347722 0.015630 0.042981
1 0.516556 0.133167 0.011074 0.030602
0 0.469019 0.852704 0.009769 0.011074
