1 0.240278 0.432407 0.025000 0.045370
1 0.847222 0.219907 0.014815 0.037963
1 0.110648 0.446759 0.020370 0.040741
1 0.311111 0.288426 0.018519 0.040741
1 0.131019 0.211111 0.017593 0.037963
1 0.642593 0.292593 0.016667 0.041667
1 0.863889 0.446759 0.020370 0.056481
1 0.924537 0.352315 0.017593 0.043519
1 0.427778 0.378704 0.019444 0.045370
2 0.466667 0.274074 0.016667 0.038889
1 0.486111 0.382407 0.016667 0.045370
1 0.812963 0.630093 0.025000 0.050000
1 0.321759 0.550926 0.029630 0.052778
1 0.349074 0.167593 0.016667 0.033333
1 0.636574 0.400463 0.018519 0.044444
1 0.406944 0.142593 0.017593 0.034259
1 0.791204 0.456481 0.016667 0.046296
1 0.052315 0.325463 0.022222 0.033333
1 0.987037 0.350926 0.020370 0.045370
1 0.343519 0.533796 0.023148 0.053704
1 0.588426 0.549074 0.025000 0.050000
1 0.403426 0.030843 0.015426 0.028917
