1 0.388889 0.199537 0.011111 0.031481
1 0.468056 0.276852 0.012037 0.039815
1 0.247222 0.282407 0.012037 0.039815
1 0.645370 0.234722 0.012963 0.035185
1 0.078241 0.352315 0.015741 0.038889
1 0.265278 0.254167 0.012963 0.038889
1 0.050926 0.287963 0.017593 0.036111
2 0.290741 0.297222 0.012037 0.037037
1 0.094444 0.213889 0.015741 0.033333
1 0.175000 0.421296 0.017593 0.042593
1 0.405093 0.418981 0.014815 0.045370
1 0.156019 0.402778 0.017593 0.042593
1 0.698148 0.458796 0.016667 0.045370
2 0.879167 0.953241 0.029630 0.050000
2 0.093519 0.115741 0.012963 0.028704
1 0.143565 0.151537 0.012046 0.034296
1 0.440611 0.128361 0.009269 0.025028
1 0.547657 0.301676 0.012046 0.032435
0 0.540704 0.315583 0.009269 0.012046
