1 0.789352 0.175000 0.012963 0.032407
1 0.981481 0.405093 0.016667 0.039815
1 0.663889 0.225926 0.012963 0.032407
1 0.263426 0.307407 0.012037 0.036111
1 0.443519 0.256944 0.012037 0.035185
1 0.960648 0.579630 0.025926 0.050000
1 0.405093 0.447685 0.014815 0.046296
1 0.581019 0.166204 0.012037 0.027778
2 0.508796 0.220833 0.012037 0.032407
1 0.550000 0.220833 0.012963 0.030556
1 0.806019 0.231481 0.014815 0.039815
1 0.479167 0.115741 0.009259 0.024074
1 0.509259 0.136574 0.010185 0.027778
1 0.563426 0.125000 0.010185 0.025000
1 0.610926 0.412759 0.015843 0.045954
1 0.371269 0.231333 0.015056 0.033278
1 0.724907 0.161972 0.015583 0.028944
1 0.388991 0.146389 0.010574 0.028944
1 0.455222 0.147222 0.013917 0.029500
1 0.465796 0.146389 0.010574 0.030056
1 0.497528 0.145000 0.010574 0.027278
2 0.269593 0.108537 0.008907 0.026722
