1 0.357407 0.197685 0.012037 0.031481
1 0.932407 0.560185 0.023148 0.052778
1 0.246759 0.555093 0.019444 0.043519
1 0.152778 0.265278 0.014815 0.037037
1 0.512500 0.549537 0.018519 0.045370
1 0.129630 0.787963 0.030556 0.054630
1 0.684259 0.841204 0.018519 0.056481
1 0.421296 0.591667 0.015741 0.044444
1 0.350463 0.745833 0.022222 0.049074
1 0.186111 0.876389 0.028704 0.045370
1 0.094444 0.347222 0.015741 0.038889
1 0.248611 0.361111 0.014815 0.039815
1 0.477778 0.395833 0.012963 0.040741
1 0.149537 0.393519 0.015741 0.042593
1 0.827778 0.308333 0.014815 0.039815
2 0.312963 0.448611 0.016667 0.039815
2 0.162963 0.121296 0.011111 0.028704
1 0.458685 0.402704 0.013898 0.036148
1 0.325269 0.300676 0.017583 0.035889
1 0.372519 0.292620 0.016843 0.035889
1 0.585296 0.171398 0.007324 0.024907
