1 0.844444 0.403241 0.012963 0.043519
1 0.756944 0.171296 0.010185 0.034259
1 0.775463 0.243981 0.012037 0.038889
1 0.266204 0.286111 0.012037 0.038889
1 0.579167 0.173611 0.009259 0.031481
1 0.331944 0.154630 0.011111 0.027778
1 0.417130 0.413426 0.015741 0.041667
1 0.381019 0.267130 0.012037 0.037037
1 0.512037 0.173611 0.008333 0.032407
1 0.374074 0.178241 0.010185 0.031481
1 0.306481 0.202778 0.012963 0.033333
1 0.601852 0.161574 0.010185 0.030556
1 0.625000 0.165741 0.010185 0.029630
1 0.618981 0.134259 0.010185 0.026852
1 0.246759 0.144444 0.010185 0.025926
1 0.487963 0.119444 0.009259 0.026852
1 0.272685 0.377778 0.013889 0.042593
1 0.680065 0.544056 0.018713 0.045454
1 0.522306 0.234694 0.012306 0.031574
1 0.633361 0.245926 0.008565 0.030509
2 0.401083 0.262519 0.012843 0.030509
2 0.239981 0.119083 0.010704 0.028370
