1 0.127778 0.381250 0.061111 0.129167
1 0.697917 0.506250 0.065278 0.137500
1 0.590278 0.534028 0.061111 0.143056
1 0.259028 0.434722 0.048611 0.127778
1 0.797222 0.357639 0.038889 0.115278
1 0.657639 0.383333 0.045833 0.122222
1 0.465972 0.393056 0.054167 0.141667
1 0.700694 0.409722 0.043056 0.108333
1 0.377083 0.347222 0.043056 0.105556
1 0.561111 0.409028 0.044444 0.123611
1 0.559722 0.361806 0.044444 0.093056
1 0.334722 0.339583 0.044444 0.118056
1 0.295833 0.381944 0.036111 0.086111
1 0.300000 0.356944 0.038889 0.116667
1 0.601389 0.433333 0.052778 0.125000
