1 0.713426 0.315278 0.016667 0.033333
1 0.958796 0.487500 0.018519 0.037963
1 0.689815 0.396759 0.020370 0.033333
1 0.555093 0.282407 0.016667 0.032407
1 0.108333 0.255556 0.015741 0.034259
1 0.415741 0.560185 0.022222 0.040741
1 0.256944 0.335648 0.017593 0.037037
1 0.519444 0.425000 0.019444 0.038889
1 0.801852 0.401389 0.024074 0.035185
1 0.512037 0.306019 0.017593 0.035185
1 0.996296 0.274537 0.015741 0.030556
2 0.331019 0.335185 0.014815 0.033333
1 0.660185 0.223148 0.016667 0.030556
1 0.981944 0.587963 0.024074 0.046296
1 0.622222 0.207870 0.015741 0.028704
1 0.370370 0.578704 0.023148 0.037963
1 0.111574 0.342593 0.017593 0.033333
1 0.117593 0.337037 0.017593 0.034259
1 0.191204 0.493981 0.021296 0.039815
1 0.769444 0.397222 0.021296 0.036111
1 0.116667 0.323611 0.017593 0.029630
1 0.410417 0.312231 0.020185 0.035815
0 0.972694 0.602324 0.013028 0.013028
