1 0.157407 0.307407 0.018519 0.036111
1 0.426852 0.085185 0.015741 0.025000
1 0.114815 0.291204 0.019444 0.034259
2 0.491204 0.280556 0.017593 0.037963
1 0.168981 0.425000 0.022222 0.040741
1 0.746759 0.351389 0.018519 0.041667
1 0.172222 0.190741 0.015741 0.034259
1 0.997222 0.328704 0.016667 0.045370
1 0.122222 0.388426 0.023148 0.042593
1 0.418981 0.562963 0.032407 0.047222
2 0.418519 0.008796 0.012037 0.017593
1 0.102454 0.175204 0.016759 0.036565
1 0.634556 0.150833 0.011426 0.035037
1 0.674546 0.255194 0.013713 0.035037
1 0.925546 0.518009 0.020565 0.045704
1 0.951833 0.506194 0.015231 0.052565
2 0.964019 0.967454 0.036565 0.051796
1 0.393074 0.527148 0.020565 0.048750
