1 0.068056 0.456019 0.021296 0.044444
1 0.427778 0.521296 0.019444 0.046296
1 0.823148 0.384722 0.017593 0.025926
1 0.890741 0.249074 0.014815 0.025926
1 0.355093 0.612500 0.027778 0.050000
1 0.413426 0.415278 0.026852 0.037963
1 0.211111 0.221759 0.015741 0.034259
1 0.486111 0.404630 0.020370 0.040741
1 0.038426 0.311111 0.020370 0.034259
1 0.393981 0.320370 0.018519 0.037037
1 0.596759 0.248611 0.016667 0.029630
1 0.706019 0.275926 0.017593 0.037963
2 0.334722 0.303241 0.017593 0.034259
1 0.360648 0.182407 0.014815 0.027778
1 0.122685 0.177315 0.016667 0.026852
1 0.184722 0.227315 0.019444 0.030556
1 0.193056 0.386574 0.017593 0.034259
1 0.545380 0.271019 0.013917 0.032231
0 0.987426 0.343898 0.011722 0.010991
1 0.185370 0.373194 0.019046 0.037352
