1 0.798148 0.268981 0.013889 0.033333
1 0.336111 0.301852 0.013889 0.039815
1 0.801389 0.311111 0.012963 0.036111
1 0.625926 0.400463 0.013889 0.040741
1 0.710648 0.201389 0.012037 0.030556
1 0.513889 0.185185 0.012037 0.027778
1 0.737963 0.359259 0.014815 0.039815
2 0.434722 0.266204 0.012037 0.036111
1 0.709722 0.212963 0.012037 0.031481
1 0.624537 0.157870 0.011111 0.025000
1 0.560648 0.282407 0.014815 0.039815
1 0.218056 0.191204 0.012037 0.031481
1 0.616204 0.243056 0.013889 0.035185
1 0.445370 0.128241 0.010185 0.024074
1 0.327315 0.251852 0.014815 0.036111
1 0.474537 0.179167 0.012963 0.032407
1 0.257407 0.318056 0.014815 0.038889
1 0.366519 0.234500 0.011880 0.031685
1 0.452870 0.150528 0.013472 0.028519
1 0.515852 0.146167 0.007926 0.030898
1 0.606963 0.141417 0.014259 0.026148
1 0.854704 0.214083 0.015954 0.029852
0 0.484944 0.194019 0.008231 0.011324
