1 0.109259 0.386111 0.024074 0.036111
1 0.430093 0.406944 0.029630 0.041667
1 0.735648 0.134259 0.011111 0.023148
1 0.263426 0.242130 0.015741 0.030556
1 0.797222 0.175926 0.012963 0.029630
1 0.383333 0.258796 0.020370 0.037037
1 0.709481 0.140102 0.027009 0.017009
1 0.587500 0.487037 0.025926 0.043519
1 0.193981 0.339352 0.019444 0.036111
1 0.834722 0.177778 0.013889 0.026852
1 0.537963 0.161574 0.015741 0.028704
2 0.385185 0.080093 0.013889 0.026852
1 0.270833 0.215741 0.016667 0.034259
1 0.642130 0.134722 0.012037 0.027778
1 0.346296 0.276852 0.022222 0.033333
1 0.897222 0.331944 0.021296 0.042593
1 0.321917 0.187500 0.012352 0.030556
1 0.620370 0.098148 0.010185 0.025926
1 0.521611 0.181583 0.014815 0.027778
2 0.484722 0.286574 0.022222 0.033333
1 0.564417 0.101907 0.014324 0.026694
1 0.675444 0.118509 0.014972 0.027352
