1 0.699074 0.241667 0.011111 0.035185
1 0.644444 0.334722 0.016667 0.037037
1 0.736111 0.289815 0.012963 0.035185
1 0.165278 0.308333 0.016667 0.033333
1 0.834259 0.352778 0.013889 0.038889
2 0.420370 0.291204 0.012037 0.035185
1 0.471759 0.503241 0.014815 0.044444
1 0.581019 0.271296 0.012963 0.036111
1 0.954630 0.239815 0.014815 0.035185
1 0.285185 0.391204 0.013889 0.039815
1 0.228241 0.420833 0.016667 0.045370
1 0.260648 0.232870 0.014815 0.035185
1 0.877778 0.327315 0.013889 0.037037
1 0.795833 0.218981 0.012037 0.030556
1 0.253704 0.328241 0.016667 0.036111
1 0.822222 0.272222 0.013889 0.035185
1 0.361111 0.242130 0.017593 0.031481
1 0.811472 0.280907 0.014815 0.037963
1 0.614157 0.412926 0.010019 0.039444
1 0.476722 0.319324 0.015657 0.023796
1 0.384685 0.240741 0.013148 0.030676
