1 0.868981 0.292130 0.017593 0.037037
1 0.751852 0.406944 0.025000 0.044444
1 0.169907 0.418981 0.013889 0.041667
1 0.701852 0.246296 0.014815 0.033333
1 0.507407 0.554167 0.016667 0.048148
1 0.559722 0.321296 0.015741 0.037963
1 0.405093 0.494907 0.015741 0.045370
1 0.159259 0.290278 0.013889 0.037963
1 0.354167 0.300000 0.014815 0.040741
1 0.107407 0.337963 0.015741 0.033333
1 0.263426 0.265741 0.012963 0.033333
2 0.395370 0.372685 0.013889 0.037963
1 0.424074 0.199537 0.016667 0.028704
2 0.435185 0.083333 0.013889 0.029630
1 0.394444 0.250000 0.015741 0.034259
1 0.638889 0.268056 0.014815 0.034259
1 0.659259 0.264815 0.013889 0.033333
1 0.240278 0.273148 0.012037 0.034259
1 0.269907 0.243981 0.012963 0.034259
1 0.094546 0.232194 0.013185 0.033694
1 0.499602 0.179454 0.013185 0.029296
1 0.680157 0.244648 0.012454 0.026370
0 0.686546 0.227991 0.008880 0.010148
