1 0.534722 0.202315 0.012037 0.030556
1 0.775926 0.311111 0.012963 0.032407
1 0.611574 0.436574 0.015741 0.037963
1 0.298611 0.290278 0.019444 0.036111
1 0.492130 0.137037 0.012963 0.027778
2 0.468519 0.268056 0.013889 0.033333
1 0.865278 0.232407 0.012037 0.035185
1 0.579630 0.275926 0.016667 0.033333
1 0.203241 0.204167 0.019444 0.032407
1 0.520370 0.314815 0.012963 0.036111
1 0.734722 0.263889 0.013889 0.030556
1 0.296296 0.249537 0.019444 0.031481
1 0.384259 0.228241 0.015741 0.030556
1 0.192593 0.348148 0.018519 0.039815
1 0.347685 0.156944 0.012037 0.025000
1 0.751852 0.258796 0.012963 0.032407
1 0.337500 0.116204 0.011111 0.021296
1 0.272685 0.202315 0.014815 0.027778
1 0.675759 0.393333 0.018315 0.042481
1 0.772444 0.387843 0.016843 0.040287
1 0.502898 0.212417 0.015380 0.033694
1 0.364824 0.159676 0.011722 0.030759
0 0.213472 0.220537 0.009519 0.008093
