1 0.690278 0.318519 0.017593 0.034259
1 0.823148 0.372222 0.029630 0.034259
1 0.219444 0.545833 0.030556 0.044444
1 0.996296 0.507870 0.025926 0.040741
1 0.798611 0.235185 0.018519 0.030556
1 0.292593 0.432407 0.022222 0.041667
1 0.617593 0.380093 0.021296 0.033333
1 0.906481 0.603704 0.037963 0.044444
1 0.520833 0.377315 0.025926 0.036111
1 0.059722 0.338889 0.019444 0.037037
1 0.273611 0.283333 0.016667 0.034259
1 0.385648 0.287037 0.015741 0.032407
1 0.694907 0.195370 0.021296 0.028704
2 0.426852 0.333333 0.013889 0.032407
1 0.258796 0.198611 0.012037 0.028704
1 0.213426 0.506019 0.026852 0.037963
1 0.582870 0.269907 0.015741 0.031481
2 0.137954 0.125963 0.017426 0.025352
1 0.725000 0.392556 0.017426 0.043574
1 0.501194 0.266194 0.018222 0.034861
0 0.729361 0.408009 0.011880 0.014259
1 0.591509 0.279657 0.013472 0.031685
