1 0.356481 0.274074 0.017593 0.034259
1 0.733333 0.531944 0.016667 0.044444
1 0.688889 0.272222 0.015741 0.035185
1 0.777778 0.736111 0.027778 0.054630
1 0.094444 0.228241 0.016667 0.032407
1 0.535648 0.129167 0.012037 0.027778
1 0.728704 0.273611 0.014815 0.035185
1 0.150926 0.390741 0.023148 0.043519
1 0.293056 0.203241 0.017593 0.031481
1 0.550463 0.181944 0.015741 0.028704
1 0.512963 0.172222 0.012963 0.030556
1 0.245833 0.137037 0.012963 0.026852
1 0.306944 0.556944 0.026852 0.042593
2 0.291667 0.093519 0.012963 0.027778
1 0.383333 0.427778 0.017593 0.039815
1 0.414815 0.260648 0.018519 0.035185
1 0.318981 0.194444 0.018519 0.032407
1 0.240278 0.117130 0.012963 0.025000
1 0.431481 0.113889 0.010185 0.022222
2 0.779630 0.984722 0.031481 0.030556
2 0.649537 0.278241 0.014815 0.031481
1 0.815278 0.207407 0.017593 0.035185
1 0.766426 0.196870 0.013241 0.036120
0 0.088611 0.167185 0.009389 0.008991
