1 0.209259 0.174537 0.013889 0.030556
1 0.132407 0.368056 0.016667 0.044444
1 0.662963 0.177315 0.014815 0.033333
1 0.479630 0.218519 0.012037 0.033333
1 0.286111 0.478241 0.015741 0.045370
1 0.804630 0.448611 0.017593 0.041667
1 0.150463 0.256944 0.018519 0.037963
1 0.787037 0.665741 0.024074 0.050926
1 0.405556 0.214352 0.015741 0.032407
2 0.521759 0.247222 0.012037 0.033333
2 0.987037 0.956019 0.037963 0.050000
2 0.131019 0.103241 0.012037 0.029630
1 0.418981 0.163426 0.011111 0.029630
1 0.386574 0.160648 0.010185 0.029630
1 0.607407 0.172685 0.012963 0.031481
1 0.104167 0.172222 0.017593 0.032407
1 0.385648 0.129167 0.010185 0.025926
1 0.478241 0.408796 0.014815 0.042593
1 0.162037 0.115741 0.012963 0.026852
1 0.276278 0.244843 0.014972 0.031259
1 0.287343 0.114935 0.009769 0.030602
1 0.505815 0.127630 0.013028 0.029954
1 0.631491 0.242889 0.019537 0.032556
0 0.267815 0.128935 0.008463 0.011722
