1 0.461574 0.423611 0.028704 0.042593
1 0.383333 0.309722 0.023148 0.030556
1 0.889815 0.201852 0.020370 0.032407
1 0.314352 0.225463 0.029630 0.033333
1 0.225000 0.250926 0.024074 0.034259
1 0.687963 0.376852 0.020370 0.038889
1 0.343056 0.400000 0.033333 0.042593
1 0.625926 0.254630 0.013889 0.037963
1 0.704167 0.245833 0.020370 0.028704
1 0.928241 0.307870 0.027778 0.038889
1 0.214815 0.382870 0.037963 0.039815
1 0.699537 0.172222 0.017593 0.031481
1 0.902778 0.395370 0.024074 0.035185
1 0.369907 0.261574 0.025926 0.036111
1 0.962167 0.231222 0.027935 0.029926
1 0.258796 0.357407 0.031481 0.035185
1 0.087500 0.611111 0.045370 0.049074
1 0.292019 0.358454 0.026926 0.018157
2 0.316120 0.352194 0.026296 0.038194
2 0.300472 0.046019 0.020037 0.030676
0 0.899981 0.218204 0.005639 0.006889
