2 0.398611 0.199537 0.012037 0.039815
1 0.085185 0.264352 0.012963 0.041667
1 0.567593 0.133796 0.011111 0.032407
1 0.422685 0.161574 0.013889 0.036111
1 0.491204 0.312500 0.012037 0.041667
1 0.240278 0.222222 0.015741 0.038889
1 0.446759 0.161111 0.013889 0.037037
1 0.169907 0.244444 0.012037 0.038889
1 0.158796 0.170370 0.011111 0.040741
1 0.133796 0.217130 0.013889 0.039815
1 0.250926 0.193981 0.011111 0.039815
1 0.385648 0.121759 0.012037 0.037963
1 0.329167 0.247685 0.011111 0.041667
1 0.293519 0.222685 0.012963 0.037963
1 0.079630 0.204630 0.009259 0.037037
1 0.162963 0.176852 0.012963 0.035185
1 0.029167 0.244907 0.012037 0.037963
1 0.094907 0.186574 0.012037 0.043519
2 0.319444 0.044907 0.009259 0.028704
1 0.404630 0.041204 0.013889 0.027778
1 0.026389 0.193981 0.012963 0.042593
1 0.083796 0.191667 0.008333 0.035185
1 0.161111 0.151389 0.008333 0.014815
2 0.824537 0.983333 0.028704 0.033333
