1 0.467593 0.240741 0.012963 0.035185
1 0.754630 0.337963 0.014815 0.041667
1 0.387500 0.352778 0.015741 0.040741
1 0.952315 0.244444 0.012037 0.032407
1 0.578241 0.318519 0.012963 0.035185
1 0.688426 0.287963 0.014815 0.037963
2 0.531481 0.288426 0.012963 0.037037
1 0.782870 0.441667 0.013889 0.046296
1 0.711574 0.273611 0.012963 0.035185
1 0.431944 0.125000 0.010185 0.023148
1 0.683796 0.352315 0.013889 0.037037
1 0.698148 0.247222 0.012963 0.033333
1 0.185648 0.436111 0.020370 0.045370
2 0.018981 0.144907 0.012963 0.030556
1 0.550463 0.258333 0.012963 0.037963
1 0.837037 0.496759 0.016667 0.043519
1 0.425926 0.231481 0.012037 0.035185
1 0.420833 0.104630 0.008333 0.023148
1 0.295833 0.278241 0.015741 0.036111
1 0.413731 0.221713 0.022574 0.030102
1 0.519093 0.235028 0.013315 0.035889
1 0.545139 0.154269 0.014472 0.026046
0 0.312139 0.247185 0.008102 0.008102
