1 0.021759 0.222685 0.014815 0.032407
1 0.065278 0.193981 0.012963 0.031481
1 0.225463 0.701389 0.021296 0.051852
1 0.308333 0.221759 0.012963 0.032407
1 0.657870 0.206944 0.012037 0.034259
1 0.377315 0.144444 0.012037 0.028704
1 0.521296 0.157870 0.011111 0.030556
1 0.574537 0.109722 0.010185 0.027778
1 0.269444 0.224074 0.013889 0.032407
1 0.748611 0.248148 0.012037 0.035185
1 0.058796 0.475000 0.021296 0.049074
1 0.876389 0.528241 0.023148 0.046296
1 0.614815 0.168519 0.012037 0.032407
1 0.530093 0.114815 0.010185 0.024074
1 0.350000 0.139815 0.013889 0.031481
2 0.365769 0.269750 0.014787 0.038028
1 0.544306 0.380324 0.019722 0.045074
1 0.893639 0.178537 0.011269 0.035917
1 0.456620 0.088037 0.014787 0.023944
1 0.385843 0.096491 0.021130 0.022537
1 0.513324 0.077472 0.009861 0.019722
1 0.522472 0.093324 0.016907 0.030287
0 0.463204 0.102250 0.005944 0.009611
