1 0.868056 0.668981 0.022222 0.053704
1 0.388889 0.375926 0.013889 0.040741
1 0.603241 0.406019 0.016667 0.038889
1 0.443981 0.212500 0.011111 0.034259
1 0.925000 0.382407 0.016667 0.040741
1 0.223148 0.283333 0.013889 0.037963
1 0.156944 0.489352 0.020370 0.036111
1 0.536111 0.133796 0.010185 0.027778
1 0.434259 0.785648 0.025000 0.053704
1 0.467593 0.591204 0.020370 0.048148
1 0.159259 0.350000 0.014815 0.034259
1 0.084259 0.802778 0.028704 0.051852
2 0.443519 0.097685 0.010185 0.028704
1 0.506481 0.239815 0.012963 0.036111
1 0.373148 0.755093 0.030556 0.054630
1 0.193056 0.506019 0.016667 0.041667
1 0.195370 0.288426 0.012963 0.037963
1 0.539815 0.408333 0.014815 0.039815
1 0.271759 0.288426 0.012963 0.037963
1 0.328241 0.222685 0.012963 0.032407
1 0.079630 0.678704 0.021296 0.055556
2 0.321463 0.387741 0.019046 0.042657
0 0.454009 0.781574 0.009907 0.012185
