1 0.312963 0.269444 0.016667 0.033333
1 0.269907 0.329167 0.014815 0.036111
1 0.843056 0.287037 0.015741 0.034259
1 0.093981 0.205093 0.018519 0.032407
1 0.790278 0.255556 0.013889 0.031481
1 0.437500 0.485185 0.023148 0.046296
1 0.182407 0.182870 0.018519 0.030556
1 0.113889 0.448148 0.025000 0.042593
1 0.106944 0.363889 0.021296 0.044444
1 0.036111 0.300926 0.019444 0.036111
1 0.560185 0.131481 0.012037 0.028704
2 0.088722 0.389889 0.024074 0.042593
1 0.234111 0.205194 0.013287 0.035722
1 0.369907 0.316667 0.019444 0.037037
1 0.365269 0.187398 0.018287 0.038093
1 0.638741 0.140167 0.009139 0.039611
1 0.723296 0.225481 0.013713 0.035037
1 0.941546 0.243389 0.020565 0.043417
