1 0.891204 0.283333 0.013889 0.036111
1 0.798611 0.398148 0.017593 0.044444
1 0.539352 0.540278 0.016667 0.043519
1 0.601852 0.238889 0.012037 0.034259
1 0.557407 0.184259 0.012963 0.030556
1 0.687500 0.231481 0.013889 0.033333
1 0.176389 0.406481 0.013889 0.040741
1 0.625463 0.258796 0.012037 0.035185
1 0.401852 0.292130 0.014815 0.035185
2 0.399074 0.370370 0.012963 0.038889
1 0.426852 0.459259 0.013889 0.043519
1 0.607870 0.314352 0.013889 0.039815
1 0.194444 0.337963 0.014815 0.039815
1 0.303241 0.266667 0.012963 0.035185
2 0.470833 0.089352 0.010185 0.027778
1 0.217593 0.296759 0.012963 0.039815
1 0.054472 0.404269 0.013380 0.040852
1 0.103417 0.227139 0.015491 0.035917
1 0.283370 0.267991 0.010565 0.034509
1 0.342176 0.236296 0.015491 0.034509
1 0.451694 0.238759 0.020426 0.035213
1 0.652417 0.238407 0.017611 0.027472
1 0.518250 0.186287 0.012676 0.026056
0 0.596074 0.193685 0.010565 0.008454
