2 0.397685 0.202315 0.012037 0.038889
1 0.468981 0.207870 0.015741 0.039815
1 0.289815 0.182870 0.012963 0.043519
1 0.344907 0.238889 0.013889 0.046296
1 0.525000 0.316667 0.011111 0.042593
1 0.095370 0.274074 0.012963 0.044444
1 0.201852 0.243981 0.011111 0.041667
1 0.551389 0.123611 0.010185 0.032407
1 0.467130 0.148611 0.010185 0.036111
1 0.207407 0.176389 0.011111 0.039815
1 0.084259 0.196759 0.011111 0.049074
1 0.046759 0.248148 0.012037 0.042593
1 0.402778 0.122685 0.011111 0.036111
1 0.271296 0.216667 0.012963 0.040741
1 0.202315 0.150926 0.010185 0.038889
2 0.337037 0.048611 0.009259 0.030556
1 0.015741 0.196759 0.021296 0.041667
1 0.169907 0.214352 0.013889 0.035185
1 0.109722 0.185185 0.016667 0.035185
1 0.192593 0.180556 0.014815 0.035185
1 0.452315 0.162963 0.012037 0.035185
1 0.405093 0.042593 0.009259 0.027778
2 0.820370 0.985185 0.021296 0.029630
1 0.082870 0.209259 0.009259 0.036111
