1 0.108796 0.181481 0.012963 0.028704
1 0.735648 0.261111 0.012963 0.035185
1 0.702315 0.435648 0.013889 0.040741
1 0.335648 0.303241 0.012963 0.036111
1 0.264815 0.298148 0.013889 0.037963
1 0.196759 0.451389 0.015741 0.047222
1 0.466204 0.162500 0.011111 0.029630
1 0.204167 0.258333 0.013889 0.034259
1 0.649537 0.508796 0.014815 0.045370
1 0.247685 0.166204 0.012037 0.029630
1 0.163889 0.257870 0.012963 0.034259
1 0.536111 0.170370 0.012037 0.028704
1 0.570370 0.264815 0.012963 0.036111
1 0.627315 0.154630 0.013889 0.026852
1 0.552315 0.134722 0.011111 0.025926
1 0.984722 0.181019 0.016667 0.029630
1 0.372685 0.156019 0.012037 0.027778
2 0.032407 0.131481 0.012963 0.027778
1 0.622222 0.124074 0.010185 0.026852
1 0.365926 0.514565 0.019778 0.047611
1 0.011407 0.197398 0.021241 0.034426
1 0.571380 0.153454 0.013185 0.027102
0 0.928463 0.178722 0.008056 0.010250
2 0.435880 0.234028 0.011722 0.031500
