1 0.317130 0.154167 0.023148 0.027778
1 0.712500 0.480093 0.021296 0.049074
1 0.486111 0.206481 0.018519 0.034259
1 0.087963 0.347685 0.025926 0.037037
1 0.863426 0.300463 0.016667 0.043519
1 0.374537 0.518056 0.025926 0.050926
1 0.937500 0.332870 0.015741 0.043519
1 0.044907 0.296296 0.020370 0.033333
1 0.329167 0.408333 0.036111 0.038889
1 0.192593 0.385185 0.025000 0.038889
1 0.212500 0.254167 0.021296 0.034259
1 0.174537 0.189352 0.017593 0.030556
1 0.027778 0.179630 0.015741 0.025926
1 0.431463 0.289435 0.016454 0.028926
1 0.255556 0.331019 0.020370 0.035185
1 0.415741 0.275926 0.024074 0.033333
2 0.416204 0.304630 0.021296 0.036111
1 0.812500 0.495833 0.022222 0.056481
1 0.191583 0.259769 0.013713 0.030472
1 0.099787 0.251769 0.019046 0.037324
2 0.417130 0.012500 0.013889 0.025000
2 0.872602 0.943833 0.028944 0.053324
0 0.392139 0.298565 0.007139 0.007139
