1 0.803241 0.618056 0.025926 0.048148
1 0.686111 0.581944 0.022222 0.051852
1 0.833796 0.429630 0.017593 0.049074
1 0.331481 0.080556 0.012963 0.026852
1 0.043056 0.193056 0.016667 0.031481
1 0.487500 0.278704 0.021296 0.036111
1 0.202778 0.231944 0.018519 0.031481
1 0.617593 0.137037 0.012963 0.028704
1 0.975463 0.314352 0.015741 0.039815
1 0.331944 0.342130 0.022222 0.036111
1 0.878704 0.424537 0.021296 0.050926
2 0.345833 0.029630 0.012037 0.021296
1 0.300463 0.335185 0.021296 0.037037
1 0.342130 0.340741 0.019444 0.037963
1 0.241667 0.238889 0.023148 0.030556
1 0.144028 0.532917 0.033361 0.042630
1 0.017519 0.542648 0.025028 0.047269
1 0.629213 0.241898 0.013898 0.038926
1 0.676944 0.275722 0.014833 0.028731
