1 0.463194 0.515972 0.029167 0.079167
1 0.615278 0.567361 0.069444 0.081944
2 0.451389 0.409028 0.027778 0.070833
1 0.434722 0.639583 0.063889 0.101389
1 0.784722 0.400694 0.027778 0.076389
1 0.015278 0.459028 0.030556 0.076389
1 0.577083 0.452778 0.029167 0.072222
1 0.543056 0.625694 0.041667 0.095833
1 0.896528 0.572222 0.034722 0.091667
1 0.239583 0.325000 0.023611 0.061111
1 0.393056 0.337500 0.019444 0.058333
1 0.809028 0.518750 0.045833 0.079167
1 0.838194 0.272917 0.023611 0.051389
1 0.965278 0.423611 0.038889 0.072222
1 0.856250 0.544444 0.037500 0.075000
1 0.276389 0.415972 0.025000 0.073611
0 0.588889 0.659028 0.016667 0.020833
2 0.202167 0.240736 0.015431 0.049389
2 0.960417 0.827083 0.073611 0.126389
