1 0.254861 0.450694 0.020833 0.048611
1 0.960417 0.497917 0.020833 0.065278
1 0.434028 0.561111 0.037500 0.066667
1 0.726389 0.506250 0.025000 0.062500
1 0.077083 0.645833 0.026389 0.077778
1 0.240972 0.730556 0.048611 0.086111
1 0.648611 0.544444 0.022222 0.063889
1 0.327083 0.522917 0.023611 0.059722
1 0.082639 0.554167 0.029167 0.069444
1 0.372222 0.414583 0.019444 0.045833
1 0.387500 0.486111 0.019444 0.050000
1 0.753472 0.439583 0.020833 0.048611
1 0.097222 0.509722 0.022222 0.058333
1 0.341667 0.473611 0.019444 0.047222
0 0.718361 0.532403 0.013889 0.018514
