1 0.419444 0.223611 0.012963 0.032407
1 0.656944 0.202778 0.012037 0.033333
1 0.692130 0.543056 0.016667 0.050926
1 0.285648 0.308333 0.014815 0.033333
1 0.492593 0.205093 0.014815 0.033333
1 0.360185 0.292130 0.014815 0.034259
1 0.193519 0.456481 0.022222 0.042593
1 0.759259 0.346759 0.012963 0.040741
2 0.464815 0.312500 0.015741 0.035185
1 0.519907 0.157870 0.012037 0.028704
1 0.125000 0.405556 0.018519 0.038889
1 0.353241 0.209259 0.014815 0.034259
1 0.249537 0.268056 0.014815 0.034259
1 0.172685 0.350926 0.018519 0.037037
1 0.298148 0.264352 0.013889 0.030556
1 0.532870 0.098148 0.012037 0.025000
1 0.927315 0.323611 0.014815 0.038889
1 0.560185 0.144907 0.012963 0.025926
1 0.417130 0.167593 0.016667 0.032407
1 0.123148 0.628704 0.027778 0.049074
2 0.428037 0.086731 0.011111 0.025926
1 0.720546 0.170611 0.015426 0.028917
0 0.630222 0.178389 0.008417 0.006435
