1 0.054861 0.540972 0.043056 0.145833
1 0.713194 0.526389 0.054167 0.138889
1 0.557639 0.435417 0.043056 0.109722
1 0.468056 0.373611 0.041667 0.097222
1 0.965278 0.442361 0.044444 0.104167
1 0.840278 0.470833 0.044444 0.116667
1 0.793056 0.514583 0.050000 0.123611
1 0.762500 0.420833 0.044444 0.091667
1 0.648611 0.435417 0.047222 0.109722
1 0.786806 0.511111 0.034722 0.116667
1 0.518056 0.384028 0.044444 0.090278
1 0.684417 0.399542 0.057722 0.124069
1 0.868208 0.418056 0.025306 0.102778
1 0.002778 0.231250 0.025000 0.073611
1 0.649306 0.390972 0.040278 0.106944
1 0.895833 0.418208 0.032403 0.098764
