1 0.444444 0.279630 0.012963 0.035185
1 0.911574 0.512037 0.016667 0.049074
1 0.699074 0.202778 0.012037 0.032407
1 0.550463 0.510648 0.021296 0.044444
1 0.665278 0.201389 0.012963 0.033333
1 0.222222 0.324074 0.014815 0.040741
1 0.668519 0.153704 0.012037 0.025000
1 0.067130 0.192593 0.014815 0.032407
1 0.243519 0.277778 0.012963 0.037037
1 0.346296 0.168056 0.012963 0.025926
1 0.879630 0.628241 0.025000 0.048148
1 0.385185 0.303241 0.012963 0.039815
1 0.645370 0.259722 0.013889 0.035185
1 0.559722 0.240741 0.011111 0.033333
2 0.162500 0.117130 0.012037 0.024074
1 0.367176 0.580343 0.020426 0.047889
1 0.361898 0.195093 0.011269 0.028176
1 0.392185 0.198611 0.022537 0.025352
2 0.636222 0.255657 0.010565 0.035213
0 0.339713 0.200722 0.007750 0.009861
1 0.143213 0.200370 0.017611 0.031694
