1 0.388426 0.284722 0.012037 0.037963
1 0.255093 0.218056 0.013889 0.038889
1 0.968519 0.505556 0.019444 0.044444
1 0.381481 0.625000 0.015741 0.050926
1 0.166204 0.416204 0.014815 0.045370
1 0.315278 0.309259 0.013889 0.037963
1 0.557407 0.212037 0.012037 0.031481
1 0.480093 0.199537 0.010185 0.029630
1 0.618981 0.274074 0.012963 0.037037
1 0.315278 0.204167 0.011111 0.032407
1 0.594907 0.497685 0.015741 0.041667
1 0.398148 0.145833 0.009259 0.027778
1 0.472685 0.277778 0.015741 0.034259
1 0.743676 0.206019 0.012963 0.037037
1 0.717593 0.279167 0.017593 0.036111
2 0.580556 0.231481 0.012963 0.032407
1 0.750000 0.213426 0.013889 0.037963
1 0.497148 0.194278 0.012306 0.027833
1 0.567000 0.140491 0.011778 0.027296
1 0.528731 0.114269 0.010167 0.026222
2 0.229546 0.114537 0.011241 0.025694
0 0.263796 0.234157 0.008028 0.006954
