1 0.139815 0.242130 0.023148 0.033333
1 0.825926 0.737037 0.034259 0.051852
1 0.432870 0.420370 0.019444 0.037963
1 0.344444 0.537963 0.020370 0.046296
1 0.349537 0.185185 0.018519 0.030556
1 0.762500 0.508333 0.021296 0.041667
1 0.516204 0.170370 0.014815 0.031481
1 0.247222 0.121296 0.012963 0.029630
1 0.437963 0.248148 0.013889 0.031481
1 0.727315 0.266667 0.015741 0.036111
1 0.550926 0.126389 0.012037 0.025000
1 0.442130 0.105093 0.011111 0.025926
1 0.193519 0.385648 0.032407 0.042593
2 0.295926 0.093074 0.011111 0.025000
1 0.368981 0.264815 0.021296 0.035185
1 0.319444 0.198611 0.020370 0.032407
2 0.667130 0.270833 0.015741 0.030556
1 0.762481 0.192843 0.010741 0.038019
1 0.683639 0.267111 0.012963 0.030556
1 0.810519 0.204157 0.016000 0.035037
0 0.157713 0.153398 0.015028 0.010019
1 0.279806 0.129611 0.011269 0.023796
1 0.545907 0.177194 0.013778 0.026296
1 0.832676 0.986454 0.026296 0.026926
