1 0.026389 0.201852 0.018519 0.030556
1 0.670833 0.305556 0.017593 0.037963
1 0.077778 0.265741 0.020370 0.037037
1 0.802778 0.442593 0.018519 0.047222
1 0.931944 0.308796 0.016667 0.039815
1 0.951389 0.325463 0.018519 0.040741
1 0.110648 0.276852 0.019444 0.034259
1 0.308796 0.079630 0.015741 0.025926
1 0.523611 0.132870 0.014815 0.029630
2 0.981944 0.980093 0.039815 0.039815
1 0.554361 0.565519 0.031861 0.045824
1 0.817593 0.434259 0.016667 0.044444
2 0.436111 0.283796 0.016667 0.037963
1 0.599417 0.601537 0.040991 0.044556
1 0.161407 0.376074 0.018713 0.035648
1 0.149824 0.356463 0.015148 0.035648
1 0.584713 0.243731 0.011583 0.038324
2 0.308889 0.018269 0.010694 0.029407
