1 0.334722 0.309722 0.025000 0.034259
1 0.406944 0.418519 0.021296 0.038889
1 0.154630 0.256481 0.023148 0.032407
1 0.293519 0.268981 0.023148 0.037037
1 0.238426 0.233796 0.025926 0.036111
1 0.559722 0.242130 0.014815 0.034259
1 0.279167 0.404167 0.033333 0.044444
1 0.157870 0.368981 0.025000 0.026852
1 0.654167 0.166204 0.013889 0.029630
1 0.875000 0.373611 0.019444 0.037037
1 0.804815 0.194815 0.025370 0.036296
1 0.887037 0.270833 0.021296 0.036111
1 0.883796 0.206019 0.016667 0.029630
1 0.175667 0.390509 0.032917 0.037500
1 0.654630 0.358796 0.018519 0.037963
1 0.087037 0.618981 0.047222 0.050000
1 0.197685 0.374074 0.025000 0.033333
1 0.114815 0.587037 0.034259 0.039815
2 0.218269 0.355500 0.021074 0.031907
1 0.657759 0.235398 0.019870 0.032509
0 0.810370 0.213722 0.007222 0.006019
2 0.186963 0.052074 0.015056 0.027093
