1 0.294444 0.590972 0.033333 0.062500
1 0.550694 0.542361 0.026389 0.062500
1 0.586806 0.484722 0.026389 0.050000
2 0.525694 0.762500 0.048611 0.091667
1 0.818056 0.550000 0.030556 0.061111
1 0.647222 0.411806 0.016667 0.040278
1 0.463889 0.656944 0.030556 0.075000
2 0.460417 0.501389 0.020833 0.058333
1 0.872222 0.447222 0.019444 0.047222
1 0.968056 0.568056 0.022222 0.058333
1 0.013431 0.591667 0.015736 0.061111
1 0.400694 0.450694 0.020833 0.048611
2 0.759722 0.377083 0.016667 0.037500
1 0.425000 0.489583 0.025000 0.051389
1 0.793750 0.406250 0.015278 0.037500
1 0.968750 0.553472 0.023611 0.056944
1 0.365736 0.449847 0.018514 0.054014
1 0.027778 0.586417 0.021611 0.070986
0 0.055556 0.604944 0.012347 0.012347
