1 0.225926 0.358796 0.021296 0.035185
1 0.020833 0.441204 0.019444 0.040741
1 0.155556 0.429167 0.021296 0.044444
1 0.331019 0.204167 0.013889 0.032407
1 0.137037 0.288889 0.014815 0.037037
1 0.510648 0.521759 0.018519 0.049074
1 0.743056 0.311111 0.020370 0.043519
1 0.284259 0.365278 0.016667 0.040741
1 0.576852 0.281481 0.015741 0.037037
1 0.418981 0.638889 0.018519 0.054630
1 0.223148 0.153241 0.012963 0.025926
1 0.616204 0.261111 0.016667 0.034259
2 0.432407 0.297222 0.014815 0.036111
1 0.924537 0.411111 0.026852 0.027778
1 0.302315 0.207870 0.012963 0.031481
1 0.469444 0.420833 0.021296 0.041667
1 0.436111 0.172685 0.013889 0.030556
1 0.008796 0.297685 0.020370 0.035185
1 0.077315 0.121759 0.011111 0.022222
1 0.457398 0.323861 0.013491 0.040481
0 0.988500 0.390852 0.013491 0.010602
1 0.971630 0.273741 0.012528 0.032769
