1 0.387037 0.165741 0.011111 0.037037
1 0.630556 0.181481 0.009259 0.038889
1 0.244907 0.268056 0.012037 0.045370
1 0.506944 0.309259 0.012037 0.040741
1 0.086574 0.271759 0.012037 0.041667
1 0.153704 0.243981 0.011111 0.037963
1 0.448611 0.169444 0.012037 0.040741
1 0.202778 0.195833 0.012963 0.041667
1 0.179630 0.173148 0.011111 0.035185
1 0.132407 0.187500 0.009259 0.037963
1 0.290278 0.138426 0.010185 0.034259
1 0.388426 0.044444 0.008333 0.029630
1 0.175463 0.159259 0.006481 0.036111
1 0.112963 0.179630 0.011111 0.040741
2 0.415741 0.193519 0.012963 0.040741
1 0.043056 0.193056 0.010185 0.034259
1 0.229167 0.199074 0.013889 0.032407
1 0.145833 0.187037 0.012037 0.032407
1 0.126389 0.167130 0.012037 0.025926
1 0.093056 0.200463 0.010185 0.037037
1 0.056019 0.236111 0.016667 0.036111
2 0.333796 0.040278 0.009259 0.028704
