1 0.121296 0.246759 0.014815 0.037963
1 0.070370 0.342130 0.017593 0.042593
1 0.291667 0.170833 0.011111 0.032407
1 0.735648 0.265741 0.012963 0.037963
1 0.433333 0.487963 0.016667 0.048148
1 0.157407 0.487500 0.020370 0.050000
1 0.837037 0.438426 0.016667 0.041667
1 0.486111 0.218056 0.011111 0.035185
1 0.430093 0.261574 0.012037 0.037963
1 0.261574 0.303241 0.014815 0.041667
1 0.434259 0.124537 0.009259 0.026852
1 0.625463 0.173148 0.011111 0.031481
2 0.152778 0.103704 0.011111 0.026852
2 0.510185 0.247685 0.011111 0.033333
1 0.342130 0.123611 0.009259 0.025926
1 0.815278 0.429167 0.021296 0.039815
1 0.767843 0.652778 0.019602 0.049019
1 0.182481 0.186185 0.017259 0.035065
1 0.384537 0.156685 0.010574 0.029500
1 0.503926 0.140546 0.013361 0.027278
1 0.503648 0.171991 0.010574 0.028944
1 0.204463 0.116611 0.010019 0.028389
1 0.298259 0.109102 0.013917 0.023380
0 0.215324 0.127463 0.008352 0.006676
