1 0.818519 0.470833 0.018519 0.044444
1 0.466667 0.179630 0.012963 0.030556
1 0.553241 0.290278 0.013889 0.035185
1 0.391667 0.206944 0.012037 0.032407
1 0.491204 0.150463 0.012037 0.032407
1 0.396296 0.696759 0.018519 0.050926
1 0.605556 0.401852 0.016667 0.037963
1 0.181481 0.396296 0.014815 0.038889
1 0.838426 0.311111 0.016667 0.037037
1 0.220370 0.331481 0.012963 0.036111
1 0.306944 0.275000 0.013889 0.037963
1 0.434722 0.270370 0.014815 0.034259
1 0.272685 0.482870 0.015741 0.038889
1 0.140278 0.393981 0.016667 0.038889
2 0.298509 0.360602 0.011269 0.039444
1 0.319287 0.376806 0.017611 0.036620
1 0.229843 0.313065 0.017611 0.041556
1 0.297102 0.271509 0.009861 0.038741
1 0.539731 0.214815 0.011972 0.033806
1 0.633759 0.307074 0.012676 0.036620
0 0.797157 0.468713 0.008454 0.013380
2 0.457324 0.107759 0.011972 0.030991
