1 0.556944 0.350926 0.013889 0.038889
1 0.309259 0.312037 0.014815 0.036111
1 0.153704 0.273148 0.017593 0.035185
1 0.331019 0.401852 0.017593 0.043519
1 0.933796 0.257407 0.013889 0.037963
1 0.557407 0.174074 0.012037 0.030556
1 0.686111 0.362037 0.013889 0.040741
1 0.492130 0.362500 0.015741 0.042593
1 0.106481 0.482407 0.018519 0.044444
1 0.802315 0.544907 0.017593 0.050000
1 0.733796 0.286111 0.012037 0.038889
1 0.773148 0.485648 0.016667 0.044444
1 0.442593 0.127315 0.012037 0.027778
1 0.468519 0.238426 0.012963 0.032407
1 0.337500 0.224074 0.012963 0.034259
2 0.578704 0.318981 0.014815 0.038889
1 0.459722 0.301389 0.017593 0.036111
1 0.764917 0.344972 0.012639 0.038528
1 0.562333 0.281148 0.018065 0.038528
1 0.586417 0.269417 0.016861 0.031907
1 0.679426 0.271519 0.017463 0.039731
2 0.012972 0.152315 0.012639 0.028898
0 0.454269 0.246833 0.007824 0.009630
1 0.461194 0.235093 0.009630 0.029500
