1 0.732639 0.277083 0.051389 0.101389
1 0.322222 0.368750 0.044444 0.123611
1 0.912500 0.448611 0.063889 0.122222
1 0.040972 0.522222 0.068056 0.152778
1 0.398611 0.416667 0.044444 0.125000
1 0.597917 0.461806 0.065278 0.143056
1 0.683333 0.402083 0.047222 0.123611
1 0.089583 0.304167 0.045833 0.113889
1 0.813889 0.550694 0.105556 0.134722
1 0.340972 0.253472 0.037500 0.109722
1 0.776389 0.479167 0.055556 0.136111
1 0.134028 0.307639 0.034722 0.120833
1 0.640972 0.379861 0.048611 0.104167
2 0.696528 0.134028 0.037500 0.068056
2 0.777083 0.478472 0.059722 0.137500
0 0.406250 0.463889 0.026389 0.027778
