1 0.847685 0.325000 0.022222 0.039815
1 0.034259 0.485185 0.017593 0.046296
1 0.039815 0.422685 0.018519 0.045370
1 0.556019 0.170370 0.011111 0.030556
1 0.558333 0.639815 0.017593 0.051852
1 0.182407 0.266204 0.016667 0.036111
1 0.512963 0.415278 0.012963 0.043519
1 0.301389 0.196759 0.012037 0.033333
1 0.374537 0.608796 0.015741 0.051852
1 0.785185 0.888889 0.029630 0.053704
1 0.143056 0.913426 0.035185 0.059259
1 0.302315 0.361574 0.013889 0.042593
1 0.306481 0.306019 0.013889 0.037037
1 0.610648 0.854167 0.030556 0.055556
1 0.327778 0.607407 0.015741 0.053704
2 0.271759 0.472685 0.017593 0.042593
2 0.133796 0.118519 0.012963 0.027778
1 0.121759 0.369444 0.014815 0.043519
1 0.186111 0.845370 0.020370 0.053704
1 0.412306 0.405741 0.012000 0.036843
1 0.322333 0.290481 0.015426 0.030852
0 0.806898 0.871028 0.023139 0.023139
