1 0.422685 0.266204 0.016667 0.037963
1 0.442593 0.157870 0.012963 0.032407
1 0.040278 0.355556 0.019444 0.042593
1 0.318981 0.496296 0.024074 0.047222
1 0.048611 0.228241 0.018519 0.035185
1 0.396296 0.129630 0.013889 0.027778
1 0.130556 0.396759 0.024074 0.041667
1 0.277167 0.265991 0.016704 0.043935
1 0.190741 0.355093 0.022222 0.040741
1 0.891667 0.238426 0.012963 0.030556
1 0.104630 0.339352 0.020370 0.043519
1 0.193519 0.191204 0.016667 0.037037
1 0.671296 0.119444 0.013889 0.025000
1 0.874074 0.243981 0.013889 0.027778
1 0.546083 0.169648 0.009639 0.026991
1 0.548972 0.148435 0.011565 0.023130
1 0.786565 0.186509 0.016389 0.037593
1 0.980306 0.207231 0.014454 0.036630
