1 0.134722 0.204167 0.019444 0.029630
1 0.203704 0.364815 0.028704 0.039815
1 0.579167 0.160648 0.013889 0.028704
1 0.800463 0.249074 0.018519 0.032407
1 0.201852 0.521759 0.025000 0.050000
1 0.037574 0.343981 0.039657 0.040741
2 0.287963 0.348611 0.018519 0.029630
1 0.020833 0.383333 0.023148 0.043519
1 0.531944 0.300463 0.015741 0.037963
1 0.806481 0.689815 0.022222 0.050000
1 0.608796 0.434259 0.029630 0.041667
1 0.366667 0.915278 0.030556 0.056481
1 0.381481 0.232407 0.014815 0.030556
1 0.020565 0.430417 0.048509 0.039287
1 0.858796 0.358796 0.020370 0.037963
1 0.125463 0.240278 0.019444 0.030556
1 0.317593 0.232407 0.015741 0.032407
2 0.110185 0.118056 0.013889 0.025926
0 0.426389 0.555093 0.012963 0.015741
1 0.419444 0.123148 0.011111 0.025000
1 0.695426 0.658056 0.040639 0.036676
