1 0.622222 0.226852 0.012037 0.030556
1 0.487037 0.263426 0.011111 0.036111
1 0.219444 0.244444 0.012963 0.037963
1 0.378241 0.195370 0.010185 0.033333
1 0.200463 0.415278 0.018519 0.040741
1 0.108796 0.211574 0.015741 0.034259
1 0.048148 0.354167 0.015741 0.041667
1 0.435648 0.405093 0.015741 0.046296
1 0.168981 0.391204 0.017593 0.041667
1 0.528704 0.305556 0.012963 0.034259
1 0.049537 0.292130 0.015741 0.037037
2 0.109722 0.116204 0.012963 0.027778
2 0.256944 0.302778 0.013889 0.034259
2 0.875463 0.955556 0.034259 0.054630
1 0.434722 0.125000 0.010185 0.024074
1 0.239352 0.269444 0.013889 0.040741
1 0.747685 0.410185 0.018519 0.043519
1 0.149537 0.148611 0.014815 0.028704
0 0.607083 0.241685 0.007528 0.011000
