1 0.729167 0.466204 0.022222 0.043519
1 0.468981 0.290741 0.018519 0.034259
1 0.934259 0.300000 0.018519 0.039815
1 0.139352 0.406019 0.027778 0.037037
1 0.562963 0.452778 0.025926 0.042593
1 0.362037 0.174074 0.020370 0.031481
1 0.746296 0.165741 0.011111 0.029630
1 0.250000 0.254630 0.019444 0.032407
1 0.206481 0.370370 0.021296 0.037963
1 0.594444 0.186111 0.014815 0.029630
2 0.551389 0.289815 0.017593 0.034259
1 0.800463 0.161574 0.012037 0.026852
1 0.436574 0.281944 0.020370 0.037037
2 0.357870 0.089352 0.013889 0.024074
1 0.261574 0.228241 0.018519 0.036111
1 0.649083 0.131435 0.014426 0.022222
1 0.541306 0.174185 0.011074 0.030602
1 0.574519 0.119898 0.012713 0.022880
1 0.630657 0.124343 0.008898 0.026694
1 0.661370 0.149972 0.014407 0.032194
1 0.675778 0.131333 0.008472 0.026269
1 0.684463 0.131120 0.011435 0.029231
2 0.938917 0.989528 0.020241 0.020944
