1 0.191667 0.523148 0.033333 0.047222
1 0.889815 0.362500 0.025926 0.033333
1 0.223148 0.358796 0.021296 0.038889
1 0.846296 0.706019 0.036111 0.045370
1 0.373148 0.235185 0.014815 0.029630
1 0.467593 0.125926 0.011111 0.023148
1 0.646759 0.431944 0.032407 0.037037
1 0.042130 0.373611 0.025000 0.042593
1 0.848148 0.257870 0.016667 0.032407
1 0.581019 0.293981 0.020370 0.037037
1 0.162500 0.203704 0.018519 0.029630
1 0.060648 0.342593 0.027778 0.041667
1 0.376389 0.895370 0.029630 0.050000
1 0.744444 0.655556 0.051852 0.061111
1 0.639352 0.167593 0.015741 0.024074
2 0.308796 0.356944 0.016667 0.036111
1 0.162963 0.237963 0.017593 0.031481
1 0.031769 0.427046 0.030944 0.039269
1 0.429167 0.235648 0.015741 0.031481
1 0.137593 0.732380 0.050046 0.053167
2 0.164944 0.113269 0.021148 0.026157
0 0.166620 0.495111 0.011130 0.015028
