1 0.791667 0.175000 0.011111 0.037037
1 0.477315 0.301389 0.013889 0.038889
1 0.375926 0.116204 0.011111 0.032407
1 0.132407 0.128704 0.012037 0.033333
1 0.216204 0.462963 0.017593 0.047222
1 0.691667 0.114352 0.010185 0.031481
1 0.048148 0.156481 0.012037 0.033333
2 0.357407 0.212963 0.012963 0.037963
1 0.437037 0.294444 0.013889 0.040741
1 0.581019 0.221296 0.013889 0.037963
1 0.564815 0.219444 0.012037 0.038889
1 0.162037 0.273611 0.015741 0.041667
1 0.535648 0.055556 0.009259 0.028704
1 0.826852 0.204167 0.012037 0.035185
2 0.338361 0.016870 0.016389 0.029880
