1 0.482870 0.562963 0.018519 0.050000
1 0.921296 0.547685 0.019444 0.042593
1 0.551389 0.251389 0.012963 0.036111
1 0.922222 0.421296 0.020370 0.038889
1 0.985185 0.216204 0.016667 0.034259
2 0.662963 0.376852 0.012963 0.039815
1 0.772222 0.318981 0.013889 0.037963
1 0.962556 0.405713 0.023250 0.038565
1 0.481481 0.196759 0.011111 0.033333
1 0.453565 0.332509 0.014898 0.051472
0 0.484037 0.348769 0.014898 0.014898
2 0.456269 0.105981 0.017611 0.030472
1 0.946574 0.379917 0.013546 0.039278
1 0.927954 0.396843 0.014222 0.035213
1 0.994056 0.396972 0.009731 0.038491
1 0.988565 0.381111 0.019880 0.042296
1 0.969315 0.373917 0.007611 0.021991
1 0.964454 0.383009 0.012269 0.020722
