1 0.554167 0.201852 0.013889 0.038889
2 0.442130 0.203241 0.012037 0.037963
1 0.818056 0.176389 0.012037 0.034259
1 0.173611 0.281481 0.012037 0.044444
1 0.564815 0.086111 0.007407 0.037037
1 0.607407 0.367593 0.012963 0.046296
1 0.400000 0.216667 0.011111 0.037037
2 0.401852 0.049537 0.007407 0.030556
1 0.335648 0.147685 0.010185 0.036111
1 0.221296 0.157870 0.011111 0.034259
1 0.631481 0.095370 0.009259 0.033333
1 0.407870 0.199074 0.012963 0.034259
1 0.609259 0.119444 0.007407 0.035185
1 0.137500 0.237963 0.013889 0.040741
1 0.165278 0.193056 0.010185 0.037963
1 0.500000 0.105093 0.008333 0.028704
1 0.394444 0.146296 0.011111 0.035185
1 0.325926 0.106019 0.008333 0.030556
1 0.450463 0.048148 0.008333 0.030556
1 0.057870 0.193981 0.012037 0.037963
1 0.318981 0.188426 0.009259 0.033333
1 0.305556 0.257870 0.012037 0.037037
2 0.851852 0.988889 0.036111 0.022222
