1 0.179167 0.356019 0.018519 0.037963
1 0.335648 0.636574 0.019444 0.046296
1 0.131019 0.293981 0.016667 0.037037
1 0.669907 0.689352 0.021296 0.049074
1 0.467130 0.263889 0.012963 0.034259
1 0.216204 0.468519 0.020370 0.038889
1 0.381481 0.507407 0.014815 0.037037
1 0.684722 0.373611 0.015741 0.036111
1 0.650000 0.440741 0.017593 0.040741
1 0.332407 0.307870 0.012037 0.036111
1 0.418981 0.272685 0.015741 0.034259
1 0.393519 0.349074 0.017593 0.038889
1 0.517593 0.293056 0.013889 0.035185
1 0.437500 0.426389 0.014815 0.038889
1 0.651389 0.164352 0.012037 0.026852
2 0.201852 0.114815 0.012037 0.029630
1 0.900926 0.493519 0.023148 0.045370
1 0.278472 0.384991 0.019713 0.032472
2 0.393861 0.407898 0.017398 0.035370
1 0.190630 0.238880 0.014491 0.033630
1 0.457639 0.192204 0.011593 0.034213
1 0.832481 0.278306 0.012176 0.041750
0 0.676806 0.389630 0.008120 0.010435
