1 0.493056 0.560185 0.018519 0.045370
1 0.690278 0.247222 0.013889 0.037963
1 0.469444 0.179630 0.012963 0.028704
1 0.728704 0.409259 0.020370 0.044444
1 0.132870 0.287037 0.011111 0.034259
1 0.243981 0.265741 0.012963 0.031481
1 0.224537 0.247685 0.012037 0.031481
1 0.158796 0.431019 0.014815 0.039815
1 0.708333 0.274537 0.013889 0.036111
1 0.375000 0.208796 0.012963 0.031481
1 0.359722 0.248611 0.014815 0.032407
1 0.394907 0.518519 0.014815 0.050000
2 0.422222 0.080556 0.011111 0.028704
2 0.392130 0.376852 0.014815 0.040741
1 0.317130 0.298611 0.013889 0.033333
1 0.515278 0.317593 0.015741 0.033333
1 0.204167 0.274537 0.012963 0.034259
1 0.092130 0.234722 0.010185 0.027778
1 0.637500 0.237037 0.017593 0.033333
1 0.055194 0.333315 0.018046 0.037093
1 0.857648 0.297722 0.013028 0.040102
1 0.656157 0.278176 0.013028 0.033083
