1 0.166204 0.554630 0.015741 0.044444
1 0.686574 0.326852 0.015741 0.037037
1 0.864352 0.374074 0.018519 0.041667
1 0.079630 0.816204 0.030556 0.051852
1 0.353704 0.176389 0.010185 0.029630
1 0.534259 0.562963 0.019444 0.037037
1 0.288889 0.261574 0.012037 0.035185
1 0.809259 0.772685 0.031481 0.044444
2 0.447222 0.375463 0.013889 0.038889
1 0.169444 0.376389 0.013889 0.043519
1 0.941204 0.235648 0.021296 0.031481
1 0.369907 0.495370 0.019444 0.040741
1 0.461111 0.419444 0.014815 0.040741
1 0.671759 0.169907 0.012963 0.029630
1 0.708333 0.144907 0.012037 0.025926
1 0.418056 0.124074 0.010185 0.026852
1 0.613426 0.284259 0.013889 0.036111
2 0.222222 0.116204 0.012037 0.028704
1 0.324491 0.264676 0.013370 0.033861
