1 0.577315 0.243519 0.011111 0.031481
1 0.919907 0.517130 0.017593 0.045370
1 0.669444 0.198148 0.012037 0.030556
1 0.449537 0.269444 0.013889 0.034259
1 0.570833 0.513889 0.021296 0.045370
1 0.163426 0.199537 0.012963 0.029630
1 0.383333 0.591204 0.016667 0.051852
1 0.071296 0.189815 0.014815 0.033333
1 0.662963 0.259722 0.012963 0.035185
1 0.385185 0.296296 0.012037 0.035185
1 0.373148 0.204167 0.012037 0.029630
1 0.353704 0.171296 0.011111 0.027778
1 0.704167 0.198148 0.012037 0.031481
1 0.229167 0.330093 0.015741 0.039815
1 0.904167 0.639815 0.018519 0.050000
1 0.239815 0.297685 0.016667 0.034259
2 0.640000 0.256472 0.010833 0.030102
1 0.698398 0.155630 0.016861 0.029500
1 0.411519 0.201083 0.012639 0.027694
1 0.338972 0.169472 0.019269 0.027093
2 0.173713 0.117398 0.017463 0.027694
0 0.339278 0.189639 0.009028 0.009630
