1 0.487037 0.341204 0.012037 0.040741
1 0.436111 0.338426 0.012963 0.037963
1 0.774074 0.353241 0.012963 0.038889
1 0.183333 0.438889 0.015741 0.045370
1 0.314352 0.256481 0.013889 0.031481
1 0.799537 0.247685 0.011111 0.030556
1 0.396296 0.231019 0.011111 0.034259
1 0.933333 0.279630 0.012037 0.036111
1 0.128241 0.437500 0.015741 0.041667
1 0.746759 0.211111 0.011111 0.033333
1 0.536574 0.256019 0.011111 0.037963
1 0.514352 0.471296 0.013889 0.036111
1 0.517130 0.506019 0.014815 0.049074
1 0.701852 0.211111 0.010185 0.032407
1 0.893519 0.312963 0.012963 0.035185
1 0.105556 0.341667 0.015741 0.039815
1 0.884259 0.239352 0.012963 0.032407
2 0.371296 0.310185 0.014815 0.036111
1 0.257889 0.235120 0.013185 0.033694
1 0.742046 0.279435 0.014648 0.034426
1 0.717880 0.258565 0.013185 0.036620
1 0.118102 0.326852 0.022435 0.025519
