1 0.888426 0.248148 0.017593 0.037037
1 0.915741 0.433333 0.018519 0.042593
1 0.344907 0.352778 0.013889 0.043519
1 0.841667 0.187037 0.015741 0.030556
1 0.744907 0.167130 0.011111 0.027778
1 0.485648 0.397222 0.012963 0.040741
1 0.376389 0.252778 0.012037 0.035185
1 0.423611 0.154630 0.011111 0.028704
1 0.525000 0.175926 0.010185 0.032407
1 0.609259 0.161111 0.009259 0.028704
1 0.713889 0.229630 0.011111 0.033333
1 0.627315 0.230556 0.013889 0.033333
1 0.577315 0.137037 0.010185 0.025926
2 0.358796 0.106481 0.010185 0.028704
2 0.470370 0.269907 0.011111 0.033333
1 0.678731 0.494009 0.014472 0.041898
1 0.546565 0.256713 0.012185 0.035037
1 0.413639 0.215963 0.011426 0.038852
1 0.434204 0.149306 0.011426 0.030472
1 0.674167 0.155398 0.011426 0.025898
1 0.720630 0.134074 0.014472 0.024380
1 0.766343 0.168352 0.009907 0.027426
