1 0.334259 0.430093 0.020370 0.040741
1 0.713889 0.553704 0.018519 0.048148
1 0.418981 0.261574 0.012963 0.036111
1 0.818981 0.208796 0.014815 0.033333
1 0.266204 0.201852 0.013889 0.034259
1 0.730556 0.281944 0.013889 0.037963
1 0.006019 0.162963 0.015741 0.027778
1 0.061111 0.214815 0.015741 0.031481
1 0.773611 0.198148 0.013889 0.034259
1 0.226389 0.144907 0.014815 0.026852
1 0.125926 0.387037 0.022222 0.040741
1 0.557407 0.188426 0.019444 0.026852
1 0.283333 0.199074 0.014815 0.034259
1 0.347685 0.281481 0.019444 0.037037
2 0.751389 0.984722 0.035185 0.030556
1 0.505093 0.170370 0.014815 0.032407
2 0.285185 0.093519 0.012037 0.026852
1 0.257870 0.570370 0.024074 0.050000
1 0.732870 0.731944 0.037037 0.051852
1 0.422685 0.120833 0.011111 0.023148
1 0.700000 0.284259 0.013889 0.034259
1 0.518519 0.132407 0.011111 0.025000
2 0.630935 0.283481 0.011269 0.031694
0 0.041083 0.177833 0.011972 0.010565
1 0.233167 0.109880 0.013148 0.026926
