1 0.563194 0.395833 0.037500 0.122222
1 0.077083 0.477778 0.073611 0.133333
1 0.411806 0.338194 0.037500 0.106944
1 0.895833 0.414583 0.038889 0.118056
1 0.350694 0.481944 0.031944 0.116667
1 0.686111 0.411111 0.036111 0.125000
1 0.740278 0.380556 0.036111 0.100000
1 0.977778 0.447222 0.044444 0.127778
1 0.344444 0.413194 0.027778 0.070833
1 0.829167 0.453472 0.063889 0.134722
1 0.787500 0.441667 0.036111 0.127778
1 0.806250 0.447222 0.068056 0.141667
1 0.743750 0.392361 0.037500 0.120833
1 0.975000 0.378472 0.038889 0.073611
