1 0.655093 0.625463 0.015741 0.050000
1 0.619444 0.375926 0.017593 0.044444
1 0.357407 0.348611 0.016667 0.039815
1 0.069907 0.287037 0.015741 0.037963
1 0.520833 0.201389 0.012037 0.033333
1 0.258333 0.268056 0.012963 0.037037
1 0.530556 0.297685 0.013889 0.033333
1 0.582407 0.680093 0.017593 0.051852
1 0.217593 0.464815 0.016667 0.045370
1 0.694444 0.475463 0.015741 0.043519
1 0.390278 0.405093 0.015741 0.039815
1 0.618981 0.277315 0.014815 0.037963
1 0.537963 0.392593 0.012963 0.042593
2 0.484722 0.303704 0.012963 0.037963
1 0.281481 0.405093 0.017593 0.040741
1 0.594444 0.275926 0.014815 0.037963
1 0.416204 0.276852 0.015741 0.037037
1 0.413426 0.362500 0.020370 0.041667
1 0.585157 0.483500 0.015491 0.044370
1 0.898222 0.244037 0.011972 0.035917
1 0.364361 0.147556 0.014787 0.026056
0 0.289630 0.414139 0.007815 0.011722
