1 0.625000 0.673148 0.021296 0.053704
1 0.001389 0.566667 0.024074 0.050926
1 0.424074 0.186574 0.013889 0.033333
1 0.671759 0.350463 0.016667 0.038889
1 0.315741 0.286574 0.016667 0.035185
1 0.109722 0.342593 0.018519 0.037037
1 0.342593 0.295833 0.018519 0.038889
1 0.881019 0.439815 0.017593 0.042593
1 0.134722 0.612963 0.025926 0.050000
1 0.349537 0.425463 0.018519 0.042593
1 0.286574 0.167130 0.014815 0.030556
1 0.236111 0.268519 0.023148 0.037037
1 0.134722 0.349074 0.019444 0.043519
1 0.259722 0.212037 0.016667 0.033333
1 0.300926 0.428704 0.020370 0.040741
2 0.292593 0.100463 0.014815 0.025000
1 0.613426 0.497685 0.023148 0.050000
2 0.291667 0.360185 0.021296 0.037963
1 0.057407 0.497685 0.023148 0.050000
1 0.764407 0.207769 0.019019 0.033806
0 0.773907 0.242630 0.012676 0.009157
1 0.480222 0.109167 0.011269 0.025352
