1 0.374074 0.373611 0.016667 0.033333
1 0.202778 0.300926 0.013889 0.035185
1 0.770833 0.280556 0.019444 0.030556
1 0.839352 0.319444 0.024074 0.032407
1 0.556944 0.162963 0.012963 0.027778
1 0.509259 0.239815 0.019444 0.030556
1 0.897222 0.396296 0.025000 0.038889
1 0.924537 0.548611 0.033333 0.037963
1 0.073611 0.461111 0.020370 0.036111
1 0.154630 0.272222 0.017593 0.032407
1 0.515278 0.180093 0.012963 0.026852
2 0.380093 0.087500 0.010185 0.025926
1 0.406019 0.357870 0.017593 0.035185
1 0.654630 0.385185 0.022222 0.037963
1 0.293981 0.224074 0.016667 0.028704
1 0.327778 0.306481 0.016667 0.031481
2 0.460185 0.350000 0.018519 0.033333
1 0.614815 0.171759 0.013889 0.028704
1 0.941667 0.315278 0.020370 0.033333
1 0.722222 0.529630 0.027778 0.039815
1 0.190278 0.368981 0.023148 0.036111
0 0.638843 0.185796 0.007611 0.008093
1 0.404037 0.120139 0.012843 0.025213
1 0.011500 0.241944 0.011898 0.032833
