1 0.845370 0.307407 0.016667 0.034259
1 0.517593 0.510648 0.019444 0.044444
1 0.910185 0.231019 0.017593 0.030556
1 0.887963 0.340278 0.020370 0.036111
1 0.776852 0.304630 0.015741 0.037037
1 0.817130 0.386111 0.018519 0.038889
1 0.980556 0.314352 0.017593 0.035185
1 0.372685 0.400463 0.016667 0.041667
1 0.517787 0.233194 0.014417 0.025287
1 0.600000 0.298611 0.014815 0.034259
1 0.993981 0.365278 0.017593 0.040741
1 0.939815 0.341204 0.022222 0.037963
1 0.968981 0.337963 0.018519 0.037963
1 0.481944 0.323148 0.017593 0.037963
2 0.071759 0.129630 0.012037 0.025000
2 0.573148 0.280556 0.014815 0.035185
1 0.524639 0.364713 0.013463 0.040981
1 0.325019 0.284806 0.009954 0.032194
1 0.413417 0.219231 0.015806 0.032194
1 0.546306 0.236796 0.011120 0.028685
1 0.807981 0.249389 0.011120 0.028102
