1 0.912500 0.559259 0.018519 0.045370
1 0.968981 0.213889 0.012963 0.036111
1 0.482870 0.566204 0.018519 0.047222
2 0.645370 0.379630 0.012037 0.037963
1 0.481481 0.199074 0.011111 0.032407
1 0.537963 0.252315 0.012037 0.037037
1 0.904630 0.423148 0.017593 0.035185
1 0.999537 0.388426 0.018519 0.045370
1 0.454500 0.331843 0.017528 0.041324
0 0.482981 0.351565 0.013148 0.011898
1 0.763796 0.326213 0.013778 0.036315
1 0.912500 0.397583 0.013148 0.038824
1 0.947250 0.407602 0.015028 0.041324
1 0.932537 0.380056 0.013148 0.037565
1 0.956648 0.382556 0.016278 0.040074
1 0.950074 0.384750 0.008139 0.019407
1 0.970111 0.386944 0.013148 0.037565
1 0.974491 0.370972 0.011898 0.028176
1 0.991083 0.400093 0.012519 0.037565
1 0.994213 0.378491 0.011269 0.024417
2 0.457630 0.108630 0.013778 0.031935
