1 0.868056 0.269907 0.015741 0.039815
1 0.668519 0.157407 0.012037 0.030556
1 0.446296 0.325463 0.012963 0.037037
1 0.708333 0.324537 0.014815 0.037037
1 0.472222 0.556019 0.018519 0.047222
1 0.675000 0.631481 0.023148 0.050000
1 0.525000 0.358333 0.012037 0.043519
1 0.649537 0.397685 0.014815 0.045370
1 0.609259 0.406481 0.014815 0.044444
1 0.902315 0.422222 0.020370 0.045370
2 0.440278 0.395833 0.012963 0.042593
1 0.475926 0.198148 0.011111 0.037037
1 0.619444 0.333333 0.012037 0.037963
1 0.598583 0.343130 0.009315 0.035269
1 0.569907 0.409259 0.015741 0.043519
1 0.587546 0.323704 0.015657 0.041324
1 0.636074 0.303667 0.011269 0.040074
1 0.456370 0.268296 0.012519 0.034435
1 0.361204 0.285194 0.015028 0.040694
1 0.475472 0.239806 0.011898 0.035065
2 0.386250 0.104250 0.008769 0.026926
1 0.592454 0.376750 0.012806 0.039806
