1 0.113426 0.325926 0.018519 0.030556
1 0.181019 0.441204 0.016667 0.044444
1 0.421296 0.349074 0.016667 0.038889
1 0.746759 0.348148 0.012963 0.037037
1 0.090278 0.451389 0.018519 0.040741
1 0.443981 0.344444 0.016667 0.038889
1 0.912037 0.306019 0.012037 0.033333
1 0.396296 0.219444 0.013889 0.031481
1 0.313889 0.255093 0.015741 0.030556
1 0.755556 0.275000 0.014815 0.031481
1 0.072685 0.337963 0.021296 0.036111
1 0.733796 0.259722 0.012963 0.033333
1 0.512037 0.495370 0.021296 0.047222
1 0.272222 0.228241 0.015741 0.033333
1 0.773611 0.200000 0.012037 0.026852
2 0.382407 0.311574 0.015741 0.034259
1 0.661574 0.206944 0.012963 0.030556
1 0.562037 0.249074 0.012963 0.034259
1 0.816398 0.251046 0.010833 0.026491
1 0.879306 0.239611 0.010231 0.033713
1 0.941019 0.283861 0.010833 0.037926
