1 0.063889 0.199074 0.014815 0.031481
1 0.287500 0.601852 0.017593 0.049074
1 0.974074 0.170833 0.014815 0.028704
1 0.268519 0.323148 0.013889 0.038889
1 0.697222 0.160648 0.011111 0.030556
1 0.137500 0.306481 0.014815 0.037037
1 0.202315 0.282870 0.013889 0.036111
1 0.258796 0.201852 0.011111 0.029630
1 0.660185 0.547222 0.019444 0.043519
1 0.183796 0.481019 0.017593 0.042593
1 0.329630 0.333333 0.012037 0.037037
2 0.419907 0.246296 0.012037 0.034259
1 0.507870 0.181019 0.011111 0.030556
1 0.625926 0.301852 0.013889 0.035185
1 0.158796 0.224074 0.012037 0.033333
1 0.617130 0.503704 0.013889 0.044444
1 0.396296 0.174074 0.011111 0.028704
2 0.107870 0.136574 0.012037 0.025000
1 0.462500 0.147222 0.011111 0.025926
1 0.612037 0.181481 0.012037 0.032407
1 0.439019 0.180657 0.010565 0.027472
1 0.901741 0.313065 0.017611 0.037324
1 0.635167 0.115861 0.012676 0.024648
0 0.961065 0.187380 0.010574 0.010148
