1 0.597685 0.422685 0.015741 0.040741
1 0.623148 0.336574 0.015741 0.036111
1 0.225000 0.425000 0.015741 0.044444
1 0.486111 0.506944 0.016667 0.044444
1 0.800000 0.268519 0.012963 0.032407
1 0.567130 0.271296 0.014815 0.037037
1 0.162963 0.311111 0.016667 0.032407
1 0.392130 0.241667 0.013889 0.034259
1 0.790278 0.218981 0.012037 0.032407
1 0.831019 0.357407 0.013889 0.034259
1 0.358333 0.246296 0.015741 0.030556
1 0.263426 0.398148 0.013889 0.038889
1 0.706481 0.245833 0.012963 0.036111
1 0.818519 0.268519 0.012963 0.032407
1 0.958333 0.246296 0.015741 0.034259
1 0.886111 0.326852 0.014815 0.037037
1 0.261111 0.235185 0.014815 0.034259
1 0.740278 0.289815 0.012963 0.035185
1 0.230556 0.328704 0.020370 0.038889
2 0.414731 0.297046 0.008028 0.034250
1 0.474407 0.323269 0.013917 0.022481
