1 0.227315 0.388426 0.017593 0.043519
1 0.556944 0.262037 0.012037 0.034259
1 0.287500 0.187037 0.012963 0.031481
1 0.336574 0.225463 0.012037 0.033333
1 0.612963 0.519444 0.014815 0.050000
1 0.264815 0.299074 0.012963 0.040741
1 0.200463 0.210648 0.012963 0.033333
1 0.381481 0.324537 0.012037 0.037963
1 0.512500 0.280556 0.011111 0.037963
1 0.018056 0.347222 0.018519 0.042593
1 0.083796 0.267130 0.016667 0.037037
1 0.462500 0.394444 0.012963 0.044444
1 0.124194 0.534528 0.026167 0.046676
1 0.278519 0.397444 0.013889 0.039815
1 0.581944 0.147685 0.011111 0.029630
2 0.137500 0.107870 0.012037 0.027778
1 0.595370 0.288889 0.012037 0.033333
1 0.762370 0.259870 0.012037 0.032407
2 0.586806 0.268556 0.011731 0.035185
0 0.551796 0.301620 0.011435 0.012037
