1 0.762963 0.603241 0.027778 0.049074
1 0.131481 0.466667 0.017593 0.045370
1 0.583333 0.449074 0.020370 0.040741
1 0.890741 0.521759 0.017593 0.043519
1 0.131019 0.322685 0.015741 0.041667
1 0.508796 0.286111 0.012963 0.036111
1 0.625000 0.267130 0.012963 0.035185
1 0.663889 0.666667 0.020370 0.043519
1 0.418519 0.246759 0.012963 0.034259
1 0.714352 0.319907 0.016667 0.037963
1 0.432407 0.479630 0.018519 0.044444
1 0.779630 0.400926 0.014815 0.041667
1 0.550463 0.337963 0.014815 0.039815
1 0.890741 0.233333 0.013889 0.031481
1 0.663426 0.232407 0.012963 0.035185
1 0.057870 0.568056 0.024074 0.042593
2 0.435185 0.300926 0.012037 0.039815
1 0.623148 0.235648 0.012963 0.034259
1 0.860648 0.565278 0.025926 0.042593
1 0.249074 0.203241 0.012963 0.031481
1 0.345843 0.324519 0.020565 0.038093
1 0.810898 0.385074 0.010667 0.035806
0 0.514194 0.570944 0.014472 0.011426
