1 0.738426 0.450463 0.026852 0.038889
1 0.375926 0.247685 0.016667 0.028704
1 0.580093 0.408796 0.022222 0.038889
1 0.581481 0.162037 0.012963 0.030556
1 0.135185 0.202315 0.019444 0.027778
1 0.180093 0.307407 0.016667 0.037963
1 0.127778 0.704630 0.041667 0.049074
1 0.248148 0.196296 0.014815 0.030556
1 0.123148 0.260185 0.018519 0.031481
1 0.656019 0.252315 0.016667 0.031481
1 0.167593 0.161111 0.015741 0.025000
1 0.393981 0.224074 0.016667 0.031481
1 0.630093 0.281944 0.019444 0.033333
1 0.849074 0.200463 0.012963 0.025926
2 0.329630 0.274537 0.013889 0.031481
1 0.210843 0.278870 0.014259 0.036444
0 0.067046 0.172315 0.015056 0.011880
1 0.280157 0.157657 0.013472 0.030102
1 0.364926 0.116852 0.010296 0.024556
1 0.717083 0.197667 0.014259 0.034065
