1 0.495139 0.336806 0.051389 0.109722
1 0.102778 0.402778 0.055556 0.119444
1 0.400694 0.284722 0.051389 0.094444
1 0.608333 0.302778 0.047222 0.088889
1 0.587500 0.408333 0.044444 0.136111
1 0.323611 0.331944 0.047222 0.108333
1 0.622222 0.385417 0.047222 0.118056
1 0.526389 0.303472 0.038889 0.098611
1 0.888889 0.292361 0.036111 0.098611
1 0.308333 0.333333 0.058333 0.105556
1 0.860417 0.298611 0.040278 0.094444
2 0.925542 0.179403 0.039972 0.099542
1 0.506944 0.324306 0.066667 0.131944
0 0.800694 0.334722 0.029167 0.022222
