1 0.735185 0.355093 0.013889 0.040741
1 0.356019 0.251852 0.012037 0.035185
1 0.268981 0.316667 0.014815 0.038889
1 0.799537 0.313426 0.011111 0.035185
1 0.555093 0.289815 0.013889 0.041667
1 0.613426 0.246759 0.012963 0.037963
1 0.381019 0.231481 0.012037 0.035185
1 0.713889 0.209259 0.012037 0.032407
1 0.350926 0.296296 0.016667 0.039815
2 0.434722 0.265278 0.011111 0.036111
1 0.627778 0.393981 0.013889 0.038889
1 0.484259 0.194444 0.012963 0.025926
1 0.470370 0.184722 0.013889 0.028704
1 0.439352 0.129167 0.012963 0.027778
1 0.238889 0.188426 0.013889 0.035185
1 0.792130 0.271759 0.011111 0.036111
1 0.724352 0.222269 0.011269 0.037565
1 0.854583 0.215389 0.016278 0.033815
1 0.629806 0.157787 0.013778 0.037565
1 0.593491 0.151833 0.011269 0.029426
1 0.517111 0.147454 0.013778 0.030676
1 0.475787 0.144944 0.017528 0.024417
0 0.461694 0.192222 0.010648 0.010019
