1 0.965972 0.313194 0.054167 0.101389
1 0.338889 0.256250 0.030556 0.087500
1 0.281250 0.463194 0.045833 0.109722
1 0.050694 0.412500 0.043056 0.100000
1 0.881250 0.516667 0.043056 0.127778
1 0.790278 0.304861 0.038889 0.098611
1 0.214583 0.370139 0.034722 0.095833
1 0.312500 0.161111 0.027778 0.069444
1 0.617361 0.247917 0.029167 0.073611
2 0.240278 0.306944 0.025000 0.088889
1 0.640278 0.433333 0.083333 0.091667
1 0.602083 0.336111 0.043056 0.091667
1 0.193056 0.535417 0.069444 0.118056
1 0.602083 0.400694 0.070833 0.084722
0 0.272917 0.575694 0.018056 0.023611
