1 0.871759 0.482407 0.020370 0.041667
1 0.534722 0.248611 0.013889 0.034259
1 0.269444 0.231481 0.012037 0.037037
1 0.293981 0.534259 0.016667 0.048148
1 0.825926 0.596296 0.018519 0.053704
1 0.514815 0.508333 0.016667 0.045370
1 0.419296 0.175648 0.009926 0.024435
1 0.351852 0.306481 0.012037 0.037037
1 0.664352 0.206019 0.012963 0.033333
1 0.351852 0.180093 0.012037 0.028704
1 0.107870 0.197222 0.013889 0.033333
1 0.072222 0.180093 0.015741 0.031481
1 0.598556 0.256778 0.017593 0.037037
1 0.553704 0.137963 0.012037 0.025926
1 0.342593 0.160648 0.012037 0.026852
1 0.212963 0.281944 0.014815 0.038889
1 0.555556 0.104630 0.010185 0.021296
2 0.137037 0.115278 0.011111 0.026852
1 0.677444 0.207481 0.009889 0.033593
1 0.414019 0.289824 0.014083 0.033102
1 0.426694 0.184880 0.011269 0.030287
1 0.505222 0.118676 0.010565 0.027472
2 0.610519 0.251083 0.012676 0.034509
