1 0.798148 0.356481 0.014815 0.035185
1 0.065278 0.283333 0.015741 0.038889
1 0.627778 0.589815 0.019444 0.047222
1 0.704167 0.575000 0.019444 0.050000
1 0.062500 0.518981 0.021296 0.048148
1 0.745833 0.349537 0.014815 0.034259
1 0.305556 0.357407 0.017593 0.040741
1 0.426852 0.293519 0.016667 0.035185
1 0.693519 0.287500 0.015741 0.037037
1 0.597685 0.291667 0.015741 0.034259
1 0.237500 0.420833 0.016667 0.045370
1 0.572685 0.287963 0.013889 0.037037
1 0.424537 0.260648 0.016667 0.033333
1 0.714815 0.303241 0.019444 0.037963
1 0.483333 0.361111 0.014815 0.038889
1 0.538426 0.327315 0.019444 0.031481
1 0.275426 0.225407 0.011269 0.035065
1 0.542157 0.186269 0.017528 0.033185
1 0.392194 0.135556 0.013148 0.026926
1 0.503963 0.330278 0.011269 0.034435
1 0.525565 0.311491 0.018157 0.034435
0 0.489870 0.348435 0.010648 0.009389
1 0.944167 0.249648 0.021204 0.038556
