1 0.312037 0.196296 0.013889 0.028704
1 0.301389 0.290741 0.012963 0.037963
1 0.609722 0.419907 0.014815 0.037037
1 0.755556 0.301852 0.012037 0.036111
1 0.842130 0.227778 0.012963 0.031481
1 0.511574 0.310185 0.012037 0.038889
1 0.487500 0.139815 0.011111 0.026852
1 0.565741 0.269444 0.013889 0.037037
1 0.744444 0.254167 0.013889 0.036111
1 0.353241 0.160185 0.012037 0.028704
1 0.749074 0.356944 0.012963 0.030556
1 0.336574 0.157407 0.011111 0.027778
1 0.389815 0.226389 0.012963 0.033333
1 0.193056 0.334722 0.015741 0.036111
1 0.304630 0.253241 0.013889 0.033333
1 0.549074 0.193981 0.015741 0.032407
1 0.673611 0.378241 0.015741 0.036111
1 0.335185 0.122685 0.010185 0.026852
2 0.449935 0.269130 0.012250 0.033954
1 0.187213 0.201500 0.008907 0.035620
0 0.194444 0.217083 0.008907 0.008907
1 0.500315 0.205667 0.015028 0.033954
1 0.727685 0.263278 0.016694 0.035620
