1 0.020370 0.195833 0.015741 0.032407
1 0.268519 0.156481 0.012037 0.025926
1 0.222222 0.250463 0.014815 0.033333
1 0.710648 0.251389 0.017593 0.033333
1 0.400926 0.495833 0.016667 0.046296
1 0.217593 0.439352 0.014815 0.043519
1 0.106481 0.170833 0.012963 0.026852
2 0.031944 0.128241 0.013889 0.026852
1 0.492593 0.157870 0.012037 0.027778
2 0.462500 0.230093 0.012037 0.031481
1 0.680556 0.516667 0.019444 0.043519
1 0.361574 0.293056 0.014815 0.035185
1 0.569444 0.257407 0.014815 0.033333
1 0.567593 0.166667 0.012963 0.026852
1 0.625926 0.156019 0.012037 0.024074
1 0.280593 0.294361 0.014472 0.037630
1 0.192315 0.245157 0.013889 0.028361
1 0.389130 0.151667 0.016213 0.030102
1 0.574667 0.145593 0.008685 0.024889
1 0.584213 0.127352 0.017370 0.022000
1 0.621556 0.129380 0.019102 0.024889
1 0.723435 0.413611 0.014472 0.028361
0 0.896815 0.176269 0.010417 0.005213
