1 0.329630 0.514815 0.037037 0.043519
1 0.981019 0.649074 0.022222 0.054630
1 0.846759 0.300463 0.014815 0.033333
1 0.759722 0.137500 0.015741 0.029630
1 0.825463 0.217593 0.015741 0.036111
1 0.422222 0.300000 0.020370 0.030556
1 0.422222 0.238889 0.016667 0.034259
1 0.061111 0.578704 0.025926 0.045370
1 0.399074 0.238889 0.015741 0.034259
1 0.212963 0.116667 0.013889 0.026852
1 0.039352 0.191667 0.015741 0.035185
1 0.808796 0.652315 0.023148 0.051852
1 0.519444 0.072222 0.011111 0.023148
1 0.340741 0.132407 0.014815 0.032407
1 0.452315 0.277315 0.019444 0.034259
1 0.055194 0.304241 0.022056 0.041102
2 0.478222 0.236074 0.012028 0.033083
2 0.344898 0.018065 0.014037 0.026102
0 0.377611 0.164037 0.009898 0.007426
