1 0.581481 0.139352 0.012963 0.034259
1 0.490741 0.307870 0.011111 0.043519
1 0.310185 0.251389 0.012963 0.045370
2 0.397222 0.195833 0.011111 0.036111
1 0.159259 0.246296 0.012963 0.040741
1 0.029630 0.238889 0.011111 0.042593
1 0.222222 0.231481 0.012963 0.040741
1 0.124537 0.215741 0.012037 0.037037
1 0.022222 0.191667 0.009259 0.037037
1 0.082870 0.264815 0.012037 0.044444
1 0.153704 0.168519 0.011111 0.046296
1 0.396759 0.160648 0.010185 0.039815
1 0.076389 0.202315 0.013889 0.030556
1 0.160648 0.161111 0.012037 0.042593
1 0.374074 0.121296 0.016667 0.029630
2 0.825463 0.979167 0.025000 0.041667
2 0.309722 0.041667 0.009259 0.026852
1 0.434722 0.156944 0.025926 0.037963
1 0.227778 0.195833 0.012963 0.031481
1 0.215278 0.235185 0.013889 0.038889
1 0.095370 0.182407 0.010185 0.036111
1 0.083333 0.187963 0.008333 0.035185
1 0.401389 0.037500 0.015741 0.027778
