1 0.313889 0.561111 0.017593 0.042593
1 0.886111 0.648611 0.023148 0.042593
1 0.112037 0.332407 0.014815 0.039815
1 0.046296 0.470833 0.018519 0.040741
1 0.755556 0.414815 0.012037 0.040741
1 0.804167 0.371296 0.015741 0.039815
1 0.242593 0.568519 0.014815 0.047222
1 0.324537 0.894907 0.044444 0.052778
1 0.490278 0.399074 0.013889 0.042593
1 0.381019 0.218981 0.011111 0.034259
1 0.114815 0.242593 0.012037 0.034259
1 0.194907 0.312037 0.013889 0.037037
1 0.168519 0.771759 0.025926 0.046296
2 0.287963 0.369444 0.013889 0.039815
1 0.815278 0.626389 0.020370 0.045370
1 0.097222 0.442130 0.020370 0.038889
0 0.646231 0.479463 0.019639 0.014898
1 0.853454 0.222463 0.014222 0.034537
1 0.503343 0.148306 0.012870 0.027093
1 0.103102 0.160833 0.016926 0.033185
