1 0.112963 0.431944 0.017593 0.041667
1 0.226852 0.638889 0.025926 0.048148
1 0.663889 0.136574 0.011111 0.024074
1 0.140278 0.261111 0.021296 0.037037
1 0.021759 0.301852 0.016667 0.035185
1 0.361574 0.290741 0.015741 0.036111
1 0.193519 0.239815 0.016667 0.035185
1 0.035185 0.405556 0.023148 0.041667
1 0.702778 0.411111 0.019444 0.041667
1 0.393519 0.103241 0.013889 0.027778
1 0.502944 0.314130 0.017593 0.041769
1 0.547259 0.373176 0.017991 0.041991
1 0.768343 0.187657 0.009426 0.039417
1 0.923009 0.249352 0.013713 0.042843
0 0.693361 0.167519 0.008565 0.016278
