1 0.377315 0.281481 0.020370 0.033333
1 0.863889 0.196296 0.013889 0.035185
1 0.262963 0.487500 0.031481 0.043519
1 0.778241 0.124074 0.012963 0.031481
1 0.447685 0.204630 0.012963 0.034259
1 0.892130 0.241204 0.012037 0.030556
1 0.416204 0.268981 0.018519 0.034259
1 0.013426 0.581481 0.025926 0.051852
1 0.375000 0.122222 0.012963 0.030556
1 0.431019 0.211111 0.014815 0.032407
1 0.912963 0.747222 0.035185 0.055556
1 0.092593 0.193056 0.013889 0.031481
1 0.553241 0.056481 0.010185 0.025000
1 0.497815 0.225102 0.016759 0.034278
1 0.054463 0.264333 0.018287 0.035037
1 0.206815 0.102074 0.013713 0.031991
2 0.387741 0.014472 0.009907 0.025898
0 0.088815 0.207444 0.005713 0.005713
