1 0.735185 0.334722 0.015741 0.037963
1 0.491204 0.252778 0.012037 0.037963
1 0.832407 0.418519 0.018519 0.039815
1 0.480556 0.573148 0.018519 0.046296
2 0.579630 0.386111 0.012963 0.038889
1 0.485185 0.208796 0.012037 0.036111
1 0.865741 0.387963 0.017593 0.039815
1 0.896759 0.356481 0.007407 0.028704
1 0.884722 0.407407 0.016667 0.037963
2 0.452657 0.112778 0.009019 0.025065
1 0.454778 0.340889 0.009907 0.037324
1 0.898509 0.204917 0.013713 0.031991
0 0.480296 0.356889 0.009139 0.011426
1 0.890213 0.373102 0.012861 0.039111
1 0.906167 0.385194 0.012861 0.039630
1 0.921352 0.373620 0.013380 0.039111
1 0.934981 0.390861 0.012861 0.037565
1 0.948620 0.398065 0.010296 0.035509
