1 0.446296 0.265278 0.013889 0.031481
1 0.220370 0.177778 0.015741 0.030556
1 0.557407 0.172222 0.013889 0.027778
1 0.423148 0.155556 0.011111 0.026852
1 0.079167 0.330093 0.018519 0.039815
1 0.508333 0.206481 0.012963 0.030556
1 0.336111 0.169907 0.012963 0.029630
1 0.126389 0.246296 0.016667 0.035185
1 0.293056 0.301852 0.014815 0.037037
1 0.763685 0.265204 0.013889 0.037444
1 0.143056 0.473611 0.024074 0.051852
1 0.831944 0.432870 0.022222 0.037963
1 0.308333 0.111574 0.010185 0.023148
2 0.511111 0.252315 0.013889 0.031481
2 0.159722 0.101852 0.011111 0.025926
1 0.441204 0.124074 0.011111 0.025926
1 0.638426 0.178704 0.013889 0.031481
1 0.755556 0.631019 0.028704 0.053704
1 0.454028 0.488204 0.014454 0.041444
1 0.366463 0.123398 0.014324 0.031907
1 0.229065 0.113954 0.014324 0.029954
1 0.506139 0.140981 0.011074 0.030602
