1 0.114352 0.248611 0.014815 0.037037
1 0.744907 0.263889 0.012963 0.037963
1 0.066667 0.337500 0.015741 0.042593
1 0.268056 0.304630 0.014815 0.041667
1 0.622685 0.178241 0.010185 0.028704
1 0.440278 0.487037 0.017593 0.046296
1 0.140278 0.481944 0.020370 0.049074
1 0.302315 0.170833 0.010185 0.033333
1 0.519444 0.171296 0.010185 0.029630
1 0.837037 0.439352 0.015741 0.042593
1 0.290741 0.110185 0.009259 0.025926
1 0.426852 0.262500 0.012037 0.033333
1 0.486111 0.210648 0.010185 0.032407
1 0.493583 0.140602 0.009259 0.027778
1 0.342130 0.124074 0.009259 0.027778
1 0.208787 0.116574 0.012111 0.028861
1 0.758037 0.642278 0.017611 0.055611
2 0.499907 0.250269 0.013324 0.030454
1 0.394750 0.155352 0.011417 0.031880
1 0.427583 0.126565 0.008565 0.027593
1 0.190398 0.181991 0.008093 0.032833
2 0.142583 0.103009 0.012370 0.028074
