1 0.426389 0.245833 0.014815 0.037037
1 0.554630 0.334722 0.014815 0.039815
1 0.805556 0.590741 0.019444 0.047222
1 0.618981 0.436111 0.014815 0.036111
1 0.131481 0.323148 0.015741 0.037963
1 0.121759 0.449074 0.018519 0.044444
1 0.519444 0.287037 0.013889 0.038889
1 0.468519 0.459722 0.015741 0.037037
1 0.666204 0.666204 0.029630 0.049074
1 0.624537 0.230556 0.012037 0.037037
1 0.889352 0.234259 0.013889 0.031481
1 0.882407 0.562037 0.015741 0.047222
1 0.828704 0.371759 0.016667 0.040741
1 0.227315 0.213889 0.012963 0.032407
1 0.795833 0.383796 0.014815 0.036111
1 0.728241 0.319907 0.013889 0.040741
1 0.073611 0.537500 0.015741 0.041667
1 0.628704 0.273611 0.014815 0.039815
2 0.428704 0.301389 0.012963 0.038889
1 0.343537 0.320861 0.011880 0.041194
1 0.673111 0.229352 0.010296 0.038824
0 0.665194 0.676574 0.010296 0.009509
1 0.900481 0.509019 0.015056 0.040407
