1 0.115741 0.771759 0.032407 0.054630
1 0.912500 0.578241 0.021296 0.045370
1 0.522685 0.425000 0.017593 0.043519
1 0.025000 0.169444 0.016667 0.027778
1 0.239352 0.287963 0.015741 0.035185
1 0.556944 0.212037 0.014815 0.033333
1 0.523148 0.207407 0.014815 0.033333
1 0.690741 0.125926 0.012037 0.021296
1 0.217130 0.305093 0.016667 0.038889
1 0.487500 0.099074 0.011111 0.025000
2 0.134722 0.340741 0.017593 0.038889
1 0.307870 0.187963 0.013889 0.034259
1 0.884259 0.194444 0.016667 0.032407
1 0.761574 0.216204 0.013889 0.029630
1 0.807463 0.294972 0.018130 0.042843
1 0.345231 0.188269 0.014833 0.032130
1 0.528148 0.078278 0.008241 0.028009
0 0.542157 0.088157 0.006593 0.008241
1 0.679750 0.112056 0.013185 0.019778
1 0.147083 0.124417 0.012361 0.031306
