1 0.068519 0.495833 0.023148 0.045370
1 0.664815 0.287037 0.012037 0.034259
1 0.299537 0.378241 0.016667 0.035185
1 0.223611 0.532407 0.023148 0.047222
1 0.671759 0.433796 0.014815 0.048148
1 0.658333 0.628704 0.022222 0.054630
1 0.380093 0.253704 0.014815 0.037037
1 0.929630 0.390278 0.017593 0.041667
1 0.179167 0.331481 0.016667 0.040741
1 0.306944 0.235648 0.015741 0.035185
1 0.337963 0.194907 0.014815 0.034259
1 0.785648 0.199074 0.012963 0.028704
1 0.122222 0.423611 0.018519 0.038889
1 0.508333 0.106944 0.010185 0.025926
1 0.484259 0.162500 0.012963 0.032407
1 0.437963 0.253704 0.014815 0.039815
1 0.371759 0.367130 0.016667 0.038889
1 0.238889 0.520370 0.020370 0.043519
1 0.161944 0.322417 0.013889 0.037963
2 0.377315 0.098148 0.012963 0.026852
2 0.372583 0.336880 0.015426 0.026028
0 0.768620 0.209491 0.006852 0.006093
1 0.367407 0.159157 0.011185 0.032056
