1 0.468056 0.383333 0.014815 0.038889
1 0.879167 0.469444 0.018519 0.042593
1 0.687500 0.321296 0.017593 0.040741
1 0.037037 0.418981 0.015741 0.043519
1 0.160185 0.406019 0.016667 0.038889
1 0.212500 0.340741 0.015741 0.036111
1 0.286111 0.343981 0.017593 0.040741
1 0.393056 0.421296 0.016667 0.040741
1 0.518056 0.515278 0.016667 0.049074
1 0.406481 0.659722 0.028704 0.057407
1 0.004167 0.278241 0.013889 0.037963
1 0.343056 0.199537 0.012037 0.030556
2 0.447222 0.291204 0.012963 0.037037
1 0.615278 0.262037 0.012963 0.037963
1 0.928241 0.259259 0.012963 0.029630
1 0.263889 0.140278 0.010185 0.025926
1 0.437500 0.162037 0.012037 0.029630
1 0.472685 0.311574 0.013889 0.040741
1 0.941667 0.523148 0.025000 0.041667
1 0.149074 0.276852 0.014815 0.035185
1 0.545426 0.290019 0.017370 0.042833
1 0.370898 0.196824 0.012157 0.032417
