1 0.286574 0.508796 0.025000 0.039815
1 0.601852 0.334722 0.015741 0.035185
1 0.090278 0.607870 0.024074 0.047222
1 0.929630 0.378241 0.024074 0.041667
1 0.845833 0.765741 0.036111 0.050926
1 0.848611 0.375926 0.022222 0.041667
1 0.222222 0.200000 0.012037 0.031481
1 0.032870 0.857407 0.035185 0.053704
1 0.568519 0.597222 0.019444 0.045370
2 0.378704 0.370370 0.012963 0.038889
1 0.575463 0.315741 0.015741 0.036111
1 0.395370 0.455093 0.017593 0.044444
1 0.960648 0.266667 0.021296 0.031481
1 0.185185 0.289352 0.017593 0.038889
1 0.611574 0.134722 0.013889 0.028704
1 0.103704 0.425463 0.018519 0.042593
1 0.096296 0.394444 0.017593 0.041667
1 0.235176 0.273574 0.014648 0.035889
1 0.277296 0.132944 0.013917 0.030028
1 0.545380 0.179824 0.013917 0.031500
