1 0.844444 0.293519 0.018519 0.035185
1 0.047685 0.197685 0.015741 0.029630
1 0.610185 0.286111 0.012037 0.036111
1 0.270370 0.311111 0.013889 0.037963
1 0.601852 0.173611 0.010185 0.030556
1 0.683796 0.507407 0.015741 0.039815
1 0.329630 0.323148 0.012963 0.037037
2 0.425463 0.239815 0.012037 0.034259
1 0.195370 0.469444 0.015741 0.042593
1 0.387037 0.166204 0.011111 0.027778
1 0.205556 0.275926 0.014815 0.037037
1 0.518519 0.177315 0.012037 0.030556
1 0.628241 0.505556 0.016667 0.044444
2 0.086111 0.135185 0.012037 0.025000
1 0.150000 0.287500 0.014815 0.035185
1 0.449537 0.173148 0.012963 0.028704
1 0.640741 0.117593 0.010185 0.025000
1 0.322435 0.572769 0.019463 0.046343
1 0.147231 0.211620 0.015056 0.031907
1 0.257704 0.186630 0.012037 0.028898
1 0.499120 0.140880 0.016861 0.026491
1 0.674917 0.155324 0.015657 0.031306
1 0.990083 0.169472 0.017463 0.024685
0 0.970213 0.183926 0.007824 0.006620
