1 0.732407 0.222222 0.024074 0.040741
1 0.888889 0.157407 0.011111 0.037037
1 0.624074 0.399074 0.018519 0.044444
1 0.428241 0.208333 0.008333 0.035185
1 0.424074 0.131481 0.011111 0.033333
1 0.198611 0.190741 0.010185 0.037037
1 0.187963 0.292593 0.014815 0.040741
1 0.267593 0.147222 0.011111 0.033333
1 0.188889 0.187500 0.011111 0.037037
1 0.338889 0.281019 0.012963 0.050926
1 0.473611 0.199537 0.015741 0.036111
1 0.380093 0.129167 0.008333 0.036111
1 0.520370 0.076852 0.009259 0.031481
1 0.663889 0.088426 0.007407 0.034259
1 0.531944 0.098148 0.006481 0.031481
1 0.363426 0.085185 0.008333 0.033333
1 0.640278 0.117130 0.009259 0.030556
2 0.407407 0.053704 0.011111 0.025926
1 0.447685 0.056944 0.008333 0.026852
1 0.371296 0.175463 0.011111 0.037963
1 0.159722 0.241667 0.016667 0.038889
1 0.062500 0.193981 0.021296 0.037037
1 0.434259 0.219444 0.008333 0.030556
2 0.431944 0.222222 0.000926 0.002778
