1 0.156481 0.243056 0.012963 0.031481
1 0.604630 0.623148 0.019444 0.047222
1 0.575000 0.505093 0.012963 0.041667
1 0.255556 0.225000 0.013889 0.034259
1 0.207870 0.662500 0.022222 0.050000
1 0.094907 0.328241 0.015741 0.037963
1 0.402315 0.187037 0.012037 0.032407
1 0.378241 0.158796 0.012963 0.025926
1 0.993056 0.341204 0.018519 0.041667
1 0.170370 0.295370 0.012963 0.033333
1 0.262037 0.340278 0.014815 0.039815
1 0.082870 0.200463 0.014815 0.028704
1 0.329167 0.351852 0.012963 0.038889
1 0.615278 0.206019 0.012037 0.032407
1 0.147083 0.503926 0.015491 0.040148
1 0.634731 0.330630 0.012250 0.034509
2 0.403741 0.254093 0.013361 0.031731
1 0.723796 0.163926 0.014472 0.030611
1 0.608574 0.117444 0.015583 0.026722
1 0.484167 0.192593 0.010574 0.033398
1 0.411250 0.181176 0.009463 0.027278
1 0.964806 0.185907 0.016694 0.027833
0 0.986519 0.264676 0.010019 0.009463
2 0.100657 0.134981 0.015028 0.028389
