1 0.270370 0.352315 0.016667 0.038889
1 0.091204 0.334722 0.018519 0.040741
1 0.092593 0.609722 0.025000 0.049074
1 0.331481 0.183333 0.012963 0.028704
1 0.581019 0.334722 0.018519 0.039815
1 0.585185 0.456019 0.029630 0.041667
1 0.488889 0.283333 0.011111 0.033333
1 0.729167 0.360648 0.015741 0.041667
1 0.291667 0.281019 0.014815 0.036111
1 0.608333 0.155093 0.011111 0.027778
1 0.315278 0.186574 0.012963 0.029630
1 0.517593 0.604167 0.022222 0.038889
2 0.556944 0.268981 0.014815 0.032407
1 0.439815 0.278241 0.014815 0.035185
1 0.760185 0.244907 0.017593 0.034259
1 0.450000 0.205093 0.013889 0.034259
1 0.462037 0.259722 0.014815 0.036111
1 0.505093 0.587500 0.023148 0.047222
1 0.097944 0.243611 0.011880 0.038824
2 0.143102 0.111704 0.021389 0.028519
0 0.245694 0.364824 0.011093 0.011880
1 0.325315 0.329574 0.018222 0.039611
1 0.768185 0.227769 0.019806 0.032481
