1 0.759259 0.378241 0.022222 0.037037
1 0.686574 0.580093 0.023148 0.050000
1 0.047685 0.525463 0.015741 0.047222
1 0.523611 0.173611 0.012037 0.029630
1 0.225463 0.419907 0.017593 0.043519
1 0.599074 0.602778 0.023148 0.050926
1 0.286574 0.355556 0.013889 0.037963
1 0.556944 0.286574 0.014815 0.031481
1 0.387963 0.298148 0.015741 0.037037
1 0.462037 0.356944 0.013889 0.037037
1 0.049537 0.275000 0.016667 0.036111
1 0.571296 0.338426 0.015741 0.038889
1 0.261111 0.224074 0.014815 0.034259
1 0.718981 0.364352 0.020370 0.039815
2 0.520833 0.303704 0.014815 0.033333
1 0.381481 0.130093 0.012037 0.025926
1 0.537500 0.336111 0.019444 0.037037
1 0.395370 0.259722 0.013889 0.034259
1 0.668139 0.292102 0.023519 0.037907
1 0.536111 0.288426 0.013889 0.031481
1 0.661574 0.279167 0.015741 0.032407
1 0.940407 0.251769 0.021333 0.029713
0 0.523713 0.351556 0.010667 0.012954
