1 0.804167 0.222222 0.014815 0.037037
1 0.981019 0.368056 0.022222 0.045370
1 0.710648 0.592593 0.016667 0.046296
1 0.400926 0.407407 0.018519 0.044444
1 0.248611 0.480093 0.022222 0.052778
1 0.537963 0.436111 0.015741 0.043519
1 0.706019 0.474074 0.018519 0.047222
1 0.865278 0.375463 0.016667 0.045370
1 0.896759 0.461111 0.025926 0.048148
1 0.067593 0.411111 0.021296 0.040741
1 0.182407 0.251852 0.016667 0.037963
1 0.141204 0.371759 0.021296 0.034259
1 0.369444 0.525000 0.020370 0.049074
1 0.539352 0.497685 0.015741 0.045370
1 0.286111 0.332870 0.014815 0.045370
1 0.211574 0.399537 0.020370 0.033333
1 0.327778 0.165278 0.016667 0.034259
2 0.381481 0.034722 0.012037 0.024074
2 0.410593 0.272333 0.012954 0.038852
1 0.630741 0.301657 0.011426 0.042657
1 0.499333 0.404120 0.015231 0.047991
