1 0.022685 0.220370 0.013889 0.034259
1 0.157407 0.937963 0.025926 0.055556
1 0.936574 0.471296 0.018519 0.050926
1 0.421296 0.159722 0.012037 0.029630
1 0.420833 0.269444 0.015741 0.035185
1 0.138426 0.334722 0.016667 0.037037
1 0.519444 0.440741 0.018519 0.044444
1 0.218519 0.209722 0.012037 0.033333
1 0.312037 0.207870 0.013889 0.030556
1 0.402315 0.116204 0.010185 0.025000
2 0.254167 0.286574 0.012963 0.035185
1 0.212500 0.418519 0.019444 0.039815
1 0.679926 0.192130 0.012963 0.029630
1 0.185648 0.436574 0.021296 0.044444
1 0.036639 0.696444 0.029407 0.050796
1 0.349000 0.638963 0.021389 0.048120
1 0.899287 0.706694 0.022278 0.048120
0 0.901519 0.677731 0.016037 0.016935
