1 0.846296 0.438889 0.015741 0.037963
1 0.443056 0.260648 0.014815 0.035185
1 0.430093 0.479167 0.017593 0.046296
1 0.197222 0.491667 0.018519 0.051852
1 0.514815 0.223148 0.013889 0.037963
1 0.302778 0.166204 0.010185 0.031481
1 0.379630 0.154167 0.009259 0.029630
1 0.084259 0.342593 0.014815 0.045370
1 0.715278 0.254630 0.012963 0.038889
1 0.149537 0.245833 0.014815 0.037037
1 0.491204 0.169444 0.012037 0.031481
1 0.648148 0.166204 0.012037 0.032407
1 0.464352 0.124537 0.009259 0.030556
1 0.184259 0.178704 0.014815 0.035185
1 0.796759 0.671296 0.025926 0.048148
1 0.274583 0.293639 0.022278 0.038324
2 0.548176 0.245074 0.018713 0.035648
1 0.548176 0.140361 0.013370 0.025843
1 0.226463 0.110500 0.011583 0.032083
2 0.183685 0.100704 0.016935 0.030296
1 0.340528 0.107389 0.013370 0.022278
1 0.365926 0.121222 0.012454 0.025639
0 0.237380 0.124519 0.007324 0.010250
