1 0.069444 0.262963 0.015741 0.039815
1 0.199074 0.236111 0.012963 0.037963
1 0.358333 0.456944 0.014815 0.047222
1 0.130093 0.505093 0.015741 0.049074
1 0.049537 0.157407 0.013889 0.032407
1 0.661574 0.426852 0.017593 0.037963
1 0.612500 0.168981 0.011111 0.033333
2 0.491204 0.236111 0.011111 0.032407
1 0.356019 0.113426 0.009259 0.029630
1 0.313889 0.180556 0.011111 0.031481
1 0.016667 0.359722 0.014815 0.046296
2 0.818519 0.926389 0.037037 0.050000
1 0.425463 0.155093 0.012037 0.025926
1 0.304167 0.202778 0.011111 0.034259
1 0.480556 0.115741 0.009259 0.027778
2 0.111574 0.096296 0.010185 0.025926
1 0.684722 0.666204 0.024074 0.060185
1 0.560185 0.166667 0.012037 0.032407
1 0.204167 0.106944 0.010185 0.025926
1 0.501435 0.210954 0.016843 0.033694
1 0.417194 0.139537 0.010991 0.031500
1 0.188667 0.156750 0.012454 0.030759
0 0.234083 0.119759 0.010991 0.009519
