1 0.929861 0.554167 0.054167 0.119444
1 0.470833 0.452778 0.036111 0.111111
1 0.811806 0.685417 0.070833 0.131944
1 0.538889 0.723611 0.058333 0.133333
1 0.753472 0.205556 0.020833 0.066667
1 0.916667 0.404167 0.030556 0.094444
1 0.986111 0.263889 0.027778 0.075000
1 0.393056 0.293750 0.027778 0.079167
1 0.649306 0.327083 0.034722 0.081944
2 0.751389 0.513194 0.036111 0.120833
1 0.691667 0.338194 0.025000 0.087500
1 0.761806 0.437500 0.037500 0.094444
1 0.060417 0.277083 0.031944 0.073611
1 0.060417 0.277083 0.031944 0.073611
0 0.100000 0.675694 0.022222 0.020833
