1 0.644444 0.211574 0.017593 0.032407
1 0.757407 0.227778 0.019444 0.030556
1 0.660185 0.462037 0.020370 0.037037
1 0.469444 0.154167 0.012963 0.027778
1 0.001389 0.375000 0.025000 0.038889
1 0.062963 0.231944 0.016667 0.033333
1 0.341667 0.218981 0.012963 0.029630
1 0.656481 0.317593 0.018519 0.038889
1 0.350463 0.281944 0.014815 0.030556
1 0.261574 0.325000 0.019444 0.037963
1 0.328704 0.289815 0.014815 0.032407
2 0.446759 0.279630 0.016667 0.033333
1 0.054167 0.641204 0.025000 0.048148
1 0.196759 0.279167 0.015741 0.032407
1 0.254157 0.290278 0.028685 0.025926
1 0.603704 0.307870 0.018519 0.035185
1 0.326852 0.181481 0.016667 0.030556
1 0.630093 0.428704 0.021296 0.043519
1 0.360648 0.252778 0.014815 0.035185
1 0.098343 0.327991 0.014259 0.033278
1 0.170037 0.185778 0.015056 0.029315
2 0.013176 0.131907 0.018222 0.030898
0 0.027435 0.389389 0.013472 0.015056
