1 0.240278 0.487963 0.020370 0.051852
1 0.710648 0.595370 0.022222 0.047222
1 0.388889 0.525926 0.023148 0.051852
1 0.804630 0.222685 0.013889 0.036111
1 0.417593 0.416667 0.019444 0.045370
1 0.313889 0.339815 0.017593 0.040741
1 0.921296 0.471296 0.025926 0.048148
1 0.517593 0.416204 0.018519 0.043519
1 0.877778 0.389815 0.022222 0.047222
1 0.220370 0.245370 0.015741 0.037963
1 0.250926 0.410185 0.019444 0.041667
1 0.122685 0.422685 0.020370 0.041667
1 0.651389 0.300463 0.014815 0.043519
2 0.418519 0.271296 0.017593 0.037963
1 0.336111 0.162500 0.015741 0.032407
1 0.549074 0.487963 0.015741 0.047222
2 0.379630 0.037037 0.012037 0.022222
1 0.241667 0.376389 0.021296 0.040741
0 0.052935 0.388889 0.009139 0.011426
1 0.317278 0.158444 0.018287 0.038093
1 0.716065 0.483343 0.019046 0.051037
