1 0.622685 0.173611 0.012037 0.033333
1 0.218981 0.706944 0.022222 0.049074
1 0.292130 0.228241 0.013889 0.031481
1 0.401852 0.146296 0.011111 0.026852
1 0.557870 0.088426 0.010185 0.025000
2 0.353241 0.273148 0.012963 0.035185
1 0.551852 0.388889 0.014815 0.043519
1 0.573611 0.112037 0.011111 0.026852
1 0.684722 0.205093 0.012963 0.032407
1 0.528241 0.164815 0.012963 0.032407
1 0.054630 0.484259 0.023148 0.050000
1 0.767880 0.253778 0.017593 0.040037
1 0.887037 0.543519 0.019444 0.048148
1 0.008481 0.234389 0.019778 0.036620
1 0.054259 0.212046 0.013185 0.035889
1 0.260444 0.232556 0.008056 0.034426
1 0.370315 0.141000 0.012454 0.030028
1 0.413898 0.085333 0.010250 0.022704
1 0.534389 0.071417 0.012454 0.022704
1 0.541722 0.114630 0.008056 0.028565
0 0.434407 0.098519 0.010250 0.013917
1 0.902463 0.182019 0.010250 0.030028
