1 0.040972 0.573611 0.056944 0.141667
1 0.400694 0.275694 0.056944 0.106944
2 0.831944 0.344444 0.030556 0.113889
1 0.490278 0.533333 0.075000 0.133333
1 0.209028 0.465972 0.051389 0.129167
1 0.192361 0.336806 0.031944 0.104167
1 0.513194 0.369444 0.043056 0.102778
1 0.537500 0.227778 0.050000 0.088889
1 0.647917 0.319444 0.043056 0.102778
1 0.441667 0.447222 0.072222 0.116667
1 0.680556 0.192361 0.038889 0.087500
1 0.925000 0.591667 0.100000 0.147222
1 0.734028 0.187500 0.031944 0.094444
1 0.924306 0.248611 0.045833 0.094444
1 0.113194 0.655556 0.045833 0.144444
0 0.831250 0.640278 0.023611 0.025000
