1 0.488889 0.216204 0.010185 0.035185
1 0.303704 0.417593 0.012963 0.043519
1 0.580556 0.237500 0.011111 0.035185
1 0.291667 0.205556 0.010185 0.033333
1 0.359259 0.248611 0.011111 0.036111
1 0.684259 0.234259 0.012963 0.037037
1 0.770833 0.570833 0.019444 0.047222
1 0.704167 0.174074 0.012037 0.032407
1 0.490741 0.182870 0.012037 0.030556
1 0.425463 0.165278 0.011111 0.026852
1 0.639815 0.167593 0.011111 0.031481
1 0.496296 0.410185 0.016667 0.040741
1 0.226852 0.146296 0.012037 0.025000
1 0.507407 0.134722 0.010185 0.024074
1 0.232231 0.291148 0.014259 0.040407
1 0.450657 0.160824 0.009991 0.024741
1 0.457083 0.150111 0.010472 0.029028
1 0.462796 0.123231 0.010472 0.022843
2 0.215380 0.120380 0.012370 0.025694
2 0.413074 0.254556 0.009991 0.031407
1 0.528926 0.181278 0.010472 0.029500
1 0.854139 0.394204 0.017602 0.035685
