1 0.873148 0.453704 0.023148 0.039815
1 0.578241 0.227778 0.013889 0.031481
1 0.431019 0.393981 0.020370 0.042593
1 0.668981 0.225463 0.014815 0.031481
1 0.831944 0.250000 0.018519 0.035185
1 0.624074 0.474537 0.018519 0.040741
1 0.580093 0.166667 0.012963 0.030556
1 0.774074 0.200463 0.013889 0.031481
1 0.349074 0.248611 0.013889 0.034259
1 0.702315 0.176852 0.011111 0.028704
1 0.536111 0.146759 0.010185 0.028704
1 0.372685 0.231019 0.015741 0.035185
1 0.402315 0.162963 0.013889 0.028704
1 0.301389 0.362963 0.019444 0.040741
1 0.516667 0.249537 0.012963 0.032407
2 0.336111 0.111111 0.011111 0.026852
1 0.387037 0.157407 0.013889 0.029630
2 0.450926 0.272222 0.015741 0.034259
1 0.523963 0.191194 0.014472 0.032843
1 0.652824 0.136926 0.010574 0.027833
1 0.726574 0.172556 0.016694 0.028944
1 0.633898 0.161139 0.015028 0.028389
