1 0.888426 0.223611 0.012963 0.034259
1 0.743056 0.356019 0.017593 0.038889
1 0.400000 0.305556 0.014815 0.037963
1 0.210185 0.263426 0.015741 0.037037
1 0.702315 0.284722 0.015741 0.042593
1 0.085185 0.219907 0.012963 0.036111
1 0.376852 0.190741 0.013889 0.033333
1 0.625463 0.229167 0.015741 0.034259
1 0.658796 0.248148 0.017593 0.037037
1 0.755093 0.516667 0.028704 0.045370
1 0.769444 0.432870 0.019444 0.046296
1 0.469444 0.254630 0.014815 0.035185
1 0.449074 0.215741 0.012963 0.032407
1 0.495370 0.289815 0.014815 0.038889
1 0.273611 0.323148 0.015741 0.041667
1 0.719444 0.403704 0.020370 0.041667
2 0.496417 0.259889 0.016907 0.033806
1 0.302028 0.231009 0.018315 0.038028
1 0.234065 0.190509 0.010565 0.035917
1 0.281602 0.121491 0.011269 0.027472
1 0.412954 0.138398 0.014787 0.027472
0 0.386194 0.204954 0.013380 0.012676
