1 0.936806 0.651389 0.054167 0.133333
1 0.582639 0.270139 0.029167 0.068056
1 0.637500 0.279167 0.025000 0.072222
1 0.265278 0.425000 0.036111 0.097222
1 0.227083 0.358333 0.037500 0.091667
1 0.311806 0.493750 0.043056 0.106944
1 0.497917 0.346528 0.026389 0.090278
1 0.752778 0.188889 0.019444 0.050000
1 0.521528 0.245139 0.029167 0.070833
1 0.320139 0.297917 0.026389 0.076389
2 0.833333 0.452083 0.036111 0.104167
1 0.341667 0.518056 0.027778 0.105556
1 0.422222 0.340278 0.027778 0.072222
1 0.833333 0.409722 0.030556 0.075000
2 0.740278 0.164583 0.022222 0.054167
0 0.817361 0.687500 0.018056 0.022222
1 0.419444 0.370833 0.030556 0.075000
