1 0.398611 0.475694 0.041667 0.126389
1 0.397222 0.350000 0.041667 0.088889
1 0.348611 0.443056 0.027778 0.119444
1 0.563889 0.399306 0.033333 0.126389
1 0.725694 0.375000 0.045833 0.083333
1 0.736806 0.447222 0.037500 0.125000
1 0.658333 0.416667 0.041667 0.127778
1 0.993750 0.472917 0.059722 0.131944
1 0.869444 0.484722 0.038889 0.122222
1 0.939583 0.455556 0.040278 0.125000
1 0.819444 0.484028 0.038889 0.129167
1 0.813889 0.433333 0.050000 0.100000
1 0.993750 0.472917 0.062500 0.131944
1 0.899306 0.393056 0.040278 0.102778
1 0.038583 0.236889 0.027778 0.060181
0 0.027000 0.262347 0.020056 0.018514
