1 0.579630 0.109722 0.009259 0.026852
1 0.064352 0.456944 0.019444 0.047222
1 0.734259 0.241204 0.012037 0.036111
1 0.609259 0.162963 0.012037 0.031481
1 0.033333 0.212037 0.012963 0.033333
1 0.865741 0.518519 0.019444 0.045370
1 0.284259 0.222685 0.015741 0.034259
1 0.890741 0.181944 0.010185 0.026852
1 0.507407 0.151389 0.012037 0.028704
2 0.375463 0.262037 0.012037 0.032407
1 0.538889 0.374074 0.014815 0.040741
1 0.525000 0.115278 0.012037 0.025000
1 0.231944 0.696296 0.022222 0.054630
1 0.418056 0.102315 0.011111 0.025926
1 0.639352 0.207870 0.013889 0.031481
1 0.323370 0.220148 0.016759 0.033519
1 0.079981 0.187398 0.014472 0.031991
1 0.343176 0.142454 0.013713 0.027426
1 0.366407 0.141685 0.014472 0.030472
1 0.474963 0.094843 0.010667 0.023611
1 0.495907 0.099028 0.009907 0.022852
1 0.494000 0.085315 0.010667 0.013713
0 0.470880 0.108954 0.009519 0.008565
