1 0.401389 0.300463 0.013889 0.037963
1 0.136111 0.379630 0.019444 0.043519
1 0.041204 0.323148 0.016667 0.039815
1 0.782870 0.376852 0.015741 0.038889
1 0.998611 0.266204 0.013889 0.031481
1 0.653241 0.333796 0.015741 0.035185
1 0.481481 0.114352 0.012963 0.029630
1 0.262500 0.213889 0.014815 0.032407
1 0.161574 0.295370 0.015741 0.037963
1 0.364352 0.585648 0.022222 0.046296
1 0.261574 0.240278 0.013889 0.031481
1 0.230287 0.394519 0.017444 0.039870
1 0.633944 0.296926 0.012463 0.039037
1 0.858194 0.192278 0.012463 0.034056
1 0.724889 0.133722 0.016611 0.033222
0 0.821231 0.186046 0.013287 0.018269
