1 0.402778 0.600463 0.023148 0.048148
1 0.069444 0.372222 0.015741 0.042593
1 0.488426 0.908796 0.032407 0.055556
1 0.123148 0.257407 0.012963 0.037037
1 0.816667 0.413426 0.019444 0.044444
1 0.434259 0.436574 0.016667 0.048148
1 0.063889 0.483333 0.017593 0.044444
1 0.525000 0.170370 0.011111 0.034259
1 0.005556 0.528704 0.017593 0.045370
1 0.516204 0.435185 0.013889 0.041667
1 0.206944 0.334722 0.014815 0.038889
1 0.328241 0.941204 0.032407 0.052778
2 0.303241 0.381944 0.013889 0.038889
1 0.787500 0.658796 0.025000 0.050926
1 0.750463 0.467130 0.014815 0.048148
1 0.318981 0.599074 0.019444 0.047222
1 0.855093 0.643981 0.024074 0.050926
1 0.105556 0.172685 0.012963 0.033333
1 0.363731 0.241713 0.010991 0.035157
1 0.816028 0.244648 0.014648 0.035157
