1 0.300463 0.437963 0.014815 0.039815
1 0.175463 0.202315 0.015741 0.031481
1 0.834722 0.425000 0.021296 0.044444
1 0.265278 0.387500 0.016667 0.042593
1 0.689352 0.315278 0.011111 0.031481
1 0.120370 0.263889 0.015741 0.037037
1 0.523148 0.126852 0.010185 0.025000
1 0.658333 0.215741 0.012963 0.036111
1 0.316204 0.265741 0.013889 0.033333
1 0.226389 0.139815 0.012037 0.027778
1 0.528241 0.402778 0.012963 0.046296
1 0.080093 0.334722 0.015741 0.037037
1 0.080093 0.557870 0.038889 0.047222
1 0.693981 0.320370 0.013889 0.031481
2 0.258796 0.307407 0.013889 0.040741
1 0.216204 0.228241 0.015741 0.035185
1 0.449537 0.195370 0.012037 0.032407
1 0.052056 0.357444 0.019046 0.039556
2 0.191593 0.115731 0.012454 0.027833
1 0.587861 0.262593 0.018315 0.040287
0 0.777574 0.416407 0.015380 0.013917
