1 0.313426 0.290741 0.012037 0.032407
1 0.711111 0.247222 0.015741 0.032407
1 0.253704 0.439815 0.018519 0.045370
1 0.258333 0.243519 0.012963 0.031481
1 0.124074 0.159722 0.012963 0.025000
1 0.727315 0.524537 0.019444 0.045370
1 0.449074 0.485648 0.015741 0.044444
1 0.312037 0.146296 0.011111 0.024074
1 0.749074 0.397222 0.017593 0.032407
1 0.420833 0.145833 0.010185 0.025000
1 0.528241 0.152315 0.012963 0.025000
2 0.510185 0.230556 0.011111 0.031481
1 0.583333 0.252315 0.015741 0.032407
1 0.238426 0.231019 0.014815 0.031481
1 0.648611 0.154630 0.013889 0.025000
1 0.406269 0.288407 0.014083 0.033102
1 0.056231 0.194037 0.015491 0.030287
2 0.055528 0.126778 0.016907 0.025352
1 0.603472 0.169028 0.011269 0.026759
1 0.595722 0.145083 0.015491 0.023944
1 0.618259 0.126426 0.014083 0.021833
1 0.635870 0.138046 0.009861 0.030991
