1 0.822222 0.315278 0.017593 0.039815
1 0.107870 0.395370 0.022222 0.038889
1 0.706944 0.867593 0.025000 0.059259
1 0.932407 0.564352 0.021296 0.052778
1 0.352778 0.295370 0.017593 0.036111
1 0.468519 0.562963 0.020370 0.040741
1 0.310185 0.298148 0.014815 0.037037
1 0.396759 0.612037 0.024074 0.037963
1 0.436111 0.404167 0.014815 0.041667
1 0.156944 0.836574 0.024074 0.051852
1 0.464352 0.396759 0.014815 0.042593
1 0.339352 0.194907 0.015741 0.031481
1 0.349537 0.795370 0.025926 0.047222
1 0.071759 0.356019 0.016667 0.038889
2 0.154167 0.118519 0.012963 0.032407
1 0.228704 0.365741 0.015741 0.040741
1 0.138889 0.264815 0.014815 0.037037
1 0.234722 0.582870 0.025000 0.048148
1 0.198407 0.884667 0.047750 0.056361
1 0.571296 0.171296 0.012037 0.030556
0 0.239954 0.895463 0.022093 0.016000
2 0.296324 0.456306 0.014472 0.039611
