1 0.107870 0.199074 0.018519 0.035185
1 0.578241 0.135648 0.012963 0.028704
1 0.435648 0.482870 0.020370 0.048148
1 0.331944 0.264352 0.014815 0.036111
1 0.252778 0.338426 0.015741 0.039815
1 0.732407 0.200000 0.012963 0.027778
1 0.387500 0.302778 0.015741 0.037963
1 0.029630 0.301389 0.022222 0.038889
1 0.129630 0.350926 0.020370 0.045370
1 0.911630 0.242815 0.019546 0.038444
1 0.225463 0.204630 0.015741 0.035185
1 0.140278 0.443056 0.028704 0.042593
1 0.616204 0.144444 0.014815 0.033333
1 0.090741 0.362037 0.023148 0.033333
1 0.386111 0.181944 0.012963 0.034259
1 0.860185 0.279630 0.016667 0.035185
1 0.404167 0.468519 0.033333 0.038889
1 0.976824 0.197250 0.013944 0.036324
2 0.118056 0.380093 0.021296 0.037037
1 0.231574 0.174824 0.012954 0.031231
1 0.812046 0.255194 0.011426 0.041139
