1 0.490972 0.766667 0.037500 0.097222
1 0.186806 0.618750 0.045833 0.084722
1 0.426389 0.578472 0.047222 0.079167
1 0.493056 0.398611 0.019444 0.047222
2 0.372222 0.519444 0.038889 0.066667
1 0.725000 0.413889 0.019444 0.052778
1 0.522222 0.520139 0.027778 0.065278
1 0.522222 0.622222 0.055556 0.083333
1 0.583333 0.588889 0.033333 0.072222
1 0.122917 0.513194 0.034722 0.070833
1 0.090278 0.454167 0.027778 0.072222
2 0.493750 0.894444 0.048611 0.119444
1 0.468750 0.581250 0.043056 0.065278
2 0.493750 0.894444 0.048611 0.119444
2 0.625694 0.349306 0.023611 0.048611
0 0.554014 0.570222 0.015431 0.013889
