1 0.198611 0.236111 0.014815 0.034259
1 0.001389 0.559259 0.020370 0.046296
1 0.536111 0.307407 0.014815 0.037037
1 0.114815 0.206944 0.015741 0.034259
1 0.225463 0.264352 0.014815 0.040741
1 0.179630 0.381481 0.019444 0.042593
1 0.771759 0.398611 0.016667 0.038889
1 0.156019 0.146296 0.012037 0.030556
1 0.041204 0.347685 0.014815 0.038889
1 0.617593 0.223148 0.013889 0.032407
2 0.244444 0.306481 0.012037 0.037963
1 0.047685 0.290278 0.018519 0.039815
1 0.381944 0.190741 0.011111 0.035185
2 0.887963 0.954167 0.032407 0.053704
1 0.217130 0.413889 0.016667 0.042593
2 0.119444 0.117593 0.012963 0.026852
1 0.021296 0.543519 0.019444 0.046296
1 0.446296 0.122685 0.011111 0.025000
1 0.451620 0.395676 0.017352 0.037593
1 0.503185 0.250611 0.014454 0.034704
