1 0.643519 0.220370 0.012037 0.035185
1 0.203704 0.225000 0.012963 0.033333
1 0.640278 0.312963 0.016667 0.034259
1 0.510185 0.389815 0.014815 0.042593
1 0.155093 0.200463 0.015741 0.030556
1 0.062037 0.333796 0.015741 0.037037
1 0.047685 0.549074 0.027778 0.048148
1 0.563426 0.250926 0.012963 0.031481
1 0.202778 0.140741 0.013889 0.025926
2 0.252315 0.306944 0.013889 0.036111
1 0.082870 0.267593 0.021296 0.033333
1 0.033796 0.351852 0.019444 0.038889
1 0.273611 0.423611 0.017593 0.035185
1 0.834259 0.406944 0.017593 0.039815
1 0.075926 0.332870 0.016667 0.036111
1 0.236111 0.375926 0.020370 0.039815
2 0.950463 0.973148 0.035185 0.045370
2 0.167130 0.116204 0.012037 0.025000
1 0.276898 0.257861 0.013713 0.028185
1 0.429639 0.190444 0.008380 0.030472
1 0.499722 0.128361 0.016000 0.026657
0 0.719111 0.348130 0.009907 0.009139
