1 0.063426 0.362963 0.021296 0.038889
1 0.218519 0.232407 0.017593 0.033333
1 0.550463 0.422685 0.023148 0.048148
1 0.337500 0.279167 0.014815 0.036111
1 0.317593 0.457407 0.019444 0.037963
1 0.537037 0.131944 0.011111 0.026852
1 0.670833 0.213889 0.013889 0.033333
1 0.109259 0.580556 0.033333 0.056481
1 0.281481 0.405556 0.020370 0.042593
1 0.828241 0.437500 0.020370 0.044444
1 0.084722 0.330556 0.016667 0.040741
1 0.007407 0.487037 0.020370 0.040741
1 0.144759 0.268519 0.014509 0.034259
2 0.259259 0.311574 0.017593 0.037963
1 0.746528 0.327157 0.013889 0.031481
1 0.593056 0.274074 0.016667 0.033333
2 0.212037 0.113889 0.012963 0.027778
1 0.237963 0.141204 0.014815 0.028704
1 0.184787 0.205444 0.013028 0.028000
1 0.455019 0.200231 0.013028 0.024093
0 0.812833 0.454509 0.012370 0.013028
