1 0.808333 0.253472 0.063889 0.101389
1 0.527083 0.409722 0.048611 0.116667
1 0.337500 0.281250 0.041667 0.106944
1 0.585417 0.475694 0.087500 0.098611
1 0.473611 0.463194 0.055556 0.129167
2 0.698611 0.331944 0.061111 0.100000
1 0.458333 0.228472 0.038889 0.090278
1 0.780556 0.429167 0.080556 0.119444
1 0.414583 0.436111 0.068056 0.108333
1 0.667361 0.262500 0.051389 0.097222
2 0.931250 0.059028 0.040278 0.070833
1 0.527625 0.185417 0.021917 0.093056
1 0.814583 0.417361 0.062500 0.118056
0 0.843750 0.463194 0.023611 0.020833
1 0.557875 0.193667 0.047833 0.100306
