1 0.158333 0.421759 0.019444 0.039815
1 0.402315 0.416204 0.013889 0.044444
1 0.093981 0.208333 0.015741 0.033333
1 0.041667 0.279167 0.018519 0.037037
1 0.293519 0.248148 0.013889 0.034259
1 0.046296 0.568981 0.025926 0.050000
1 0.137963 0.347222 0.017593 0.039815
1 0.151852 0.150926 0.012963 0.028704
2 0.343519 0.287963 0.012037 0.035185
2 0.087963 0.113889 0.012963 0.026852
1 0.661574 0.228704 0.014815 0.032407
1 0.470370 0.274074 0.011111 0.036111
2 0.907407 0.950463 0.027778 0.049074
1 0.562500 0.296296 0.011111 0.034259
1 0.638426 0.507870 0.017593 0.049074
1 0.451093 0.127796 0.018269 0.025769
1 0.169194 0.397769 0.017593 0.044444
1 0.256287 0.275639 0.017074 0.036593
0 0.541972 0.310769 0.009037 0.007593
