1 0.666667 0.248611 0.022222 0.038889
1 0.912963 0.488889 0.022222 0.050000
1 0.093981 0.159722 0.018519 0.026852
1 0.746759 0.339352 0.016667 0.035185
1 0.152315 0.378241 0.025926 0.043519
1 0.118981 0.284722 0.022222 0.037963
1 0.191667 0.401852 0.026852 0.038889
1 0.161111 0.301389 0.023148 0.034259
2 0.490278 0.277778 0.025926 0.037037
1 0.995370 0.323611 0.021296 0.042593
1 0.931944 0.482870 0.022222 0.047222
2 0.987500 0.974537 0.029630 0.050926
1 0.142593 0.191204 0.022222 0.034259
1 0.615741 0.144444 0.017593 0.027778
1 0.410194 0.082796 0.019444 0.025926
1 0.461509 0.533611 0.023435 0.047611
1 0.487148 0.572796 0.020509 0.043944
2 0.394861 0.011352 0.010250 0.022704
