1 0.593981 0.514815 0.020370 0.045370
1 0.492593 0.397685 0.015741 0.041667
1 0.647222 0.230556 0.015741 0.034259
1 0.461111 0.284259 0.014815 0.034259
1 0.537963 0.217130 0.013889 0.033333
1 0.965741 0.393056 0.021296 0.039815
1 0.639815 0.332870 0.020370 0.038889
1 0.682407 0.372222 0.019444 0.039815
1 0.690278 0.252778 0.014815 0.031481
1 0.925926 0.331019 0.017593 0.037963
1 0.949074 0.322685 0.018519 0.035185
2 0.213426 0.119444 0.012037 0.026852
1 0.702870 0.302509 0.011843 0.028324
2 0.697630 0.286935 0.011130 0.027278
1 0.941991 0.264398 0.016694 0.026722
