1 0.440278 0.297685 0.017593 0.038889
1 0.396759 0.288426 0.015741 0.037037
1 0.131481 0.132407 0.013889 0.032407
1 0.033796 0.168981 0.012963 0.037963
2 0.390741 0.220370 0.013889 0.036111
1 0.552315 0.223148 0.013889 0.036111
2 0.336574 0.016667 0.010185 0.022222
1 0.839352 0.208333 0.013889 0.036111
1 0.535648 0.050463 0.010185 0.026852
1 0.231481 0.488889 0.022222 0.049074
1 0.694907 0.116667 0.012037 0.031481
1 0.141398 0.291213 0.018046 0.045111
1 0.808528 0.181944 0.013028 0.039093
0 0.135537 0.148519 0.005926 0.006667
