1 0.624537 0.402778 0.013889 0.040741
1 0.267593 0.325926 0.014815 0.037963
1 0.835185 0.349074 0.012963 0.039815
1 0.165741 0.304630 0.015741 0.033333
1 0.663426 0.331481 0.014815 0.035185
1 0.686574 0.238889 0.012963 0.035185
2 0.421296 0.287500 0.012037 0.037963
1 0.790278 0.218981 0.011111 0.032407
1 0.303704 0.382870 0.014815 0.039815
1 0.376852 0.236574 0.013889 0.033333
1 0.479630 0.313889 0.012963 0.032407
1 0.227778 0.417593 0.015741 0.044444
1 0.863426 0.325926 0.012963 0.036111
1 0.727778 0.289815 0.012963 0.033333
1 0.259722 0.229630 0.016667 0.036111
1 0.817593 0.292593 0.012963 0.034259
1 0.455935 0.504398 0.014259 0.046343
1 0.362213 0.241685 0.014472 0.028361
1 0.589139 0.277287 0.013315 0.039361
1 0.828213 0.278444 0.011000 0.033574
1 0.943704 0.235898 0.009259 0.035315
1 0.966278 0.229241 0.019685 0.024315
