1 0.223148 0.220370 0.013889 0.033333
1 0.308796 0.287037 0.013889 0.038889
1 0.919444 0.506481 0.020370 0.045370
1 0.610648 0.385648 0.013889 0.044444
1 0.178704 0.294444 0.018519 0.037037
1 0.602778 0.600463 0.019444 0.053704
1 0.401852 0.211111 0.012963 0.033333
1 0.337963 0.344907 0.014815 0.043519
1 0.040741 0.346296 0.018519 0.041667
1 0.609722 0.731944 0.027778 0.057407
0 0.895833 0.504639 0.013880 0.013861
1 0.403241 0.517130 0.014815 0.050000
1 0.467130 0.115741 0.009259 0.025000
1 0.385185 0.496759 0.018519 0.044444
2 0.249537 0.371759 0.014815 0.042593
1 0.003241 0.563889 0.020370 0.049074
1 0.251389 0.157407 0.012037 0.025000
1 0.057852 0.387046 0.016667 0.038889
1 0.771296 0.226852 0.015741 0.035185
1 0.044398 0.715500 0.025028 0.053759
2 0.232074 0.101019 0.012972 0.031509
