1 0.744907 0.375000 0.013889 0.037963
1 0.798611 0.351852 0.014815 0.037963
1 0.509722 0.359259 0.014815 0.040741
1 0.388426 0.201389 0.011111 0.029630
1 0.883333 0.693981 0.032407 0.050000
1 0.879630 0.216667 0.012963 0.036111
1 0.155556 0.298611 0.013889 0.033333
1 0.110185 0.874074 0.039815 0.057407
1 0.067130 0.693981 0.025000 0.047222
1 0.069444 0.425000 0.021296 0.042593
1 0.735648 0.623611 0.024074 0.048148
2 0.266667 0.368981 0.012037 0.037963
1 0.219907 0.512963 0.017593 0.040741
1 0.061111 0.429167 0.020370 0.040741
1 0.093981 0.229630 0.013889 0.032407
1 0.480093 0.136111 0.011111 0.030556
1 0.481944 0.364352 0.015741 0.038889
1 0.237037 0.534259 0.016667 0.037037
1 0.102296 0.311731 0.020259 0.031843
1 0.095639 0.153981 0.013889 0.026630
0 0.867000 0.315491 0.012157 0.009259
