1 0.154167 0.312500 0.020370 0.035185
1 0.862037 0.649074 0.021296 0.051852
1 0.693519 0.378704 0.016667 0.041667
1 0.295833 0.565278 0.025926 0.051852
1 0.088889 0.483796 0.021296 0.043519
1 0.443519 0.370370 0.018519 0.044444
1 0.844444 0.461111 0.021296 0.044444
1 0.206944 0.413889 0.024074 0.045370
1 0.353241 0.173611 0.014815 0.033333
1 0.443981 0.125926 0.016667 0.029630
1 0.671759 0.282407 0.013889 0.040741
1 0.338889 0.272222 0.016667 0.043519
1 0.127315 0.192130 0.015741 0.032407
1 0.971759 0.348148 0.019444 0.042593
1 0.639815 0.576852 0.024074 0.055556
1 0.500333 0.369898 0.011722 0.042481
2 0.499231 0.279806 0.012454 0.038093
1 0.895139 0.443148 0.017583 0.054204
1 0.858148 0.209852 0.015380 0.038824
2 0.413537 0.032963 0.013917 0.032231
