1 0.228241 0.743056 0.029630 0.057407
1 0.579167 0.248611 0.017593 0.031481
1 0.268056 0.155093 0.014815 0.026852
1 0.623611 0.148611 0.011111 0.025926
1 0.862500 0.470833 0.026852 0.041667
1 0.152778 0.212963 0.017593 0.034259
1 0.001852 0.525000 0.031481 0.050000
1 0.246759 0.137963 0.013889 0.026852
1 0.558796 0.129630 0.012037 0.025926
1 0.442537 0.199528 0.012750 0.024685
1 0.546296 0.404167 0.027778 0.039815
1 0.657407 0.218056 0.013889 0.027778
1 0.747222 0.172222 0.011111 0.024074
1 0.226852 0.290278 0.016667 0.032407
1 0.328704 0.092593 0.012037 0.025000
1 0.263889 0.265278 0.014815 0.034259
1 0.232324 0.253657 0.015120 0.035815
1 0.227315 0.175000 0.014815 0.027778
1 0.185389 0.142954 0.014833 0.028833
1 0.438750 0.214222 0.012361 0.026370
0 0.669454 0.149130 0.012361 0.008241
