1 0.885185 0.447222 0.018519 0.042593
1 0.449074 0.397685 0.020370 0.042593
1 0.795370 0.196296 0.013889 0.033333
1 0.316667 0.361574 0.016667 0.038889
1 0.359259 0.250926 0.013889 0.035185
1 0.640741 0.481481 0.014815 0.040741
1 0.387500 0.227315 0.012963 0.036111
1 0.403241 0.153704 0.012963 0.029630
1 0.526389 0.251389 0.012037 0.036111
2 0.345370 0.111574 0.011111 0.026852
1 0.684259 0.226852 0.012037 0.033333
1 0.646759 0.155556 0.010185 0.028704
1 0.850000 0.250463 0.013889 0.037037
2 0.454565 0.272722 0.009630 0.037324
1 0.414537 0.159843 0.012639 0.031907
1 0.525611 0.187231 0.010833 0.031306
1 0.588222 0.164361 0.008426 0.030102
1 0.548787 0.143583 0.011435 0.027093
1 0.591231 0.230880 0.014444 0.033111
1 0.676120 0.136065 0.012037 0.025287
1 0.723676 0.174287 0.008426 0.030704
1 0.739028 0.173389 0.011435 0.028898
