1 0.113889 0.422222 0.019444 0.037037
1 0.556944 0.312500 0.018519 0.031481
1 0.443981 0.184259 0.017593 0.029630
1 0.041667 0.244444 0.015741 0.033333
1 0.516204 0.539815 0.019444 0.037963
1 0.831481 0.393519 0.019444 0.041667
1 0.881944 0.266667 0.018519 0.031481
2 0.351852 0.356019 0.016667 0.036111
1 0.151852 0.371296 0.020370 0.031481
1 0.468519 0.183796 0.016667 0.028704
1 0.390278 0.293519 0.017593 0.031481
1 0.407407 0.419444 0.021296 0.038889
1 0.194444 0.338426 0.018519 0.032407
1 0.270833 0.269907 0.017593 0.028704
1 0.295370 0.259722 0.014815 0.032407
1 0.416204 0.218981 0.017593 0.031481
1 0.317593 0.226389 0.017593 0.030556
1 0.237963 0.307407 0.018519 0.032407
2 0.463426 0.100463 0.012963 0.027778
1 0.548611 0.204630 0.019444 0.032407
1 0.585796 0.254815 0.009907 0.028185
1 0.586176 0.228148 0.015231 0.026657
1 0.500481 0.176731 0.011426 0.028944
