1 0.928241 0.460648 0.021296 0.040741
1 0.470370 0.470833 0.017593 0.043519
1 0.181019 0.301389 0.016667 0.039815
1 0.207870 0.441667 0.025926 0.045370
1 0.620833 0.195833 0.012963 0.032407
1 0.417130 0.297222 0.017593 0.038889
1 0.218981 0.233796 0.017593 0.037037
2 0.599537 0.263426 0.014815 0.031481
1 0.442593 0.110185 0.009259 0.023148
1 0.729167 0.181019 0.013889 0.032407
1 0.806019 0.604630 0.026852 0.055556
1 0.551852 0.148148 0.011111 0.028704
1 0.372222 0.167130 0.012963 0.032407
1 0.893519 0.269444 0.016667 0.032407
2 0.269444 0.094907 0.011111 0.025926
1 0.546824 0.279796 0.012889 0.037306
1 0.495954 0.169574 0.014241 0.031204
1 0.592944 0.142778 0.014241 0.029167
1 0.499343 0.121750 0.014241 0.026454
1 0.541056 0.121074 0.013565 0.027815
1 0.339602 0.105472 0.009500 0.022380
