1 0.837037 0.391667 0.020370 0.040741
1 0.715278 0.235648 0.018519 0.037037
1 0.297685 0.395370 0.012963 0.039815
1 0.735185 0.565278 0.018519 0.046296
1 0.285648 0.203704 0.012963 0.032407
1 0.578704 0.168981 0.011111 0.026852
1 0.474074 0.410648 0.017593 0.041667
1 0.625463 0.170370 0.011111 0.031481
1 0.481019 0.162963 0.010185 0.025926
1 0.536111 0.132407 0.011111 0.023148
1 0.481944 0.226852 0.012963 0.035185
1 0.592713 0.241019 0.008352 0.033398
1 0.364778 0.253259 0.013361 0.032287
1 0.368944 0.154741 0.008352 0.023380
1 0.410139 0.164481 0.010574 0.030611
1 0.460509 0.122731 0.010019 0.023935
0 0.415704 0.160306 0.005009 0.007796
1 0.501148 0.182852 0.012250 0.030611
1 0.234528 0.296676 0.013361 0.034509
1 0.212815 0.141935 0.007796 0.027833
2 0.214491 0.118843 0.010019 0.020593
2 0.409306 0.259102 0.011130 0.030611
