1 0.701389 0.332870 0.012963 0.035185
1 0.644907 0.406944 0.013889 0.039815
1 0.668056 0.641204 0.022222 0.048148
1 0.877315 0.459722 0.021296 0.046296
1 0.446296 0.332870 0.012037 0.037037
1 0.469444 0.246296 0.011111 0.035185
1 0.471296 0.572685 0.014815 0.049074
1 0.330556 0.358796 0.013889 0.043519
1 0.640741 0.155093 0.011111 0.030556
1 0.839815 0.274074 0.013889 0.038889
1 0.137500 0.284259 0.012037 0.039815
1 0.425463 0.438889 0.018519 0.047222
1 0.212963 0.238889 0.011111 0.036111
1 0.470833 0.193056 0.011111 0.033333
2 0.436667 0.403704 0.010926 0.038889
2 0.201389 0.109722 0.010185 0.029630
1 0.368472 0.426241 0.018065 0.044546
1 0.409111 0.305231 0.010231 0.040935
1 0.480759 0.283259 0.016259 0.040333
1 0.501528 0.288074 0.019269 0.039130
1 0.317602 0.341352 0.017463 0.038528
1 0.433194 0.411491 0.018667 0.039130
