1 0.402778 0.620370 0.019444 0.041667
1 0.827315 0.442130 0.021296 0.044444
1 0.335648 0.442593 0.021296 0.033333
1 0.401852 0.243981 0.013889 0.029630
1 0.826389 0.294444 0.016667 0.035185
1 0.226389 0.313426 0.013889 0.034259
1 0.152315 0.372685 0.016667 0.036111
1 0.003241 0.259722 0.013889 0.033333
1 0.360648 0.339352 0.016667 0.036111
1 0.559259 0.355093 0.017593 0.037037
1 0.626852 0.273148 0.014815 0.034259
1 0.480556 0.173148 0.012963 0.029630
1 0.184259 0.377315 0.017593 0.033333
1 0.033333 0.505093 0.022222 0.038889
1 0.243519 0.307870 0.014815 0.034259
1 0.550926 0.270370 0.014815 0.032407
1 0.536111 0.211574 0.016667 0.029630
2 0.308796 0.359722 0.014815 0.035185
1 0.295370 0.267593 0.014815 0.036111
1 0.327778 0.253241 0.015741 0.037037
2 0.449537 0.104630 0.012037 0.026852
1 0.413639 0.199963 0.014472 0.038852
1 0.454389 0.160352 0.016759 0.029713
0 0.813944 0.360315 0.009139 0.010667
