1 0.688889 0.353241 0.012037 0.033333
1 0.381944 0.608796 0.018519 0.043519
1 0.663426 0.669444 0.017593 0.050000
1 0.822685 0.276389 0.014815 0.039815
1 0.124537 0.292593 0.012037 0.038889
1 0.380093 0.485648 0.013889 0.038889
1 0.336111 0.307870 0.012963 0.039815
1 0.175000 0.236574 0.011111 0.035185
1 0.643519 0.162037 0.013889 0.028704
1 0.246759 0.457407 0.013889 0.043519
1 0.640278 0.427315 0.016667 0.041667
1 0.425000 0.275000 0.012037 0.036111
1 0.464352 0.257870 0.012037 0.034259
1 0.266204 0.373148 0.013889 0.040741
1 0.195833 0.351389 0.012963 0.038889
1 0.493519 0.284722 0.012037 0.037037
2 0.398667 0.408685 0.013185 0.038593
1 0.409083 0.427157 0.015491 0.040148
1 0.412602 0.346519 0.014083 0.032398
0 0.671435 0.373630 0.010565 0.009157
1 0.897519 0.481037 0.014787 0.050713
2 0.188991 0.117972 0.016194 0.027472
1 0.456269 0.193685 0.014083 0.032398
