1 0.442593 0.494444 0.021296 0.050926
1 0.335185 0.341667 0.017593 0.037963
1 0.745833 0.265278 0.015741 0.034259
1 0.530556 0.131944 0.012963 0.028704
1 0.818519 0.307870 0.016667 0.037037
1 0.336574 0.202315 0.014815 0.032407
1 0.061574 0.379167 0.023148 0.041667
1 0.304630 0.322222 0.018519 0.038889
1 0.118519 0.373611 0.020370 0.046296
1 0.117130 0.197685 0.019444 0.032407
1 0.059259 0.212500 0.019444 0.033333
1 0.706944 0.259259 0.019444 0.035185
1 0.030556 0.310648 0.019444 0.038889
1 0.975000 0.245370 0.016667 0.033333
1 0.257870 0.206481 0.015741 0.035185
1 0.063889 0.465741 0.020370 0.040741
1 0.671296 0.135185 0.012037 0.028704
1 0.271759 0.278704 0.016667 0.037963
2 0.034259 0.416667 0.021296 0.040741
1 0.407407 0.479167 0.026852 0.037963
1 0.921120 0.194278 0.012472 0.035648
