1 0.711574 0.333796 0.016667 0.038889
1 0.893519 0.790741 0.029630 0.050000
1 0.931481 0.385648 0.021296 0.041667
1 0.208333 0.401852 0.014815 0.043519
1 0.113889 0.819907 0.023148 0.053704
1 0.356019 0.184722 0.011111 0.029630
1 0.307870 0.269907 0.012037 0.032407
1 0.347222 0.267130 0.011111 0.034259
1 0.605556 0.585185 0.025000 0.040741
1 0.658796 0.301389 0.014815 0.038889
1 0.194444 0.571759 0.017593 0.045370
1 0.419444 0.125463 0.010185 0.028704
1 0.392593 0.496296 0.018519 0.042593
1 0.193981 0.375463 0.016667 0.040741
1 0.732870 0.143056 0.012963 0.028704
1 0.495833 0.437500 0.016667 0.042593
2 0.480556 0.371759 0.012963 0.038889
1 0.680241 0.176074 0.011269 0.026759
2 0.236880 0.115509 0.013380 0.026759
