1 0.224074 0.220370 0.013889 0.033333
1 0.354630 0.482870 0.016667 0.044444
1 0.256019 0.163426 0.013889 0.027778
1 0.196759 0.292130 0.016667 0.038889
1 0.611574 0.724537 0.023148 0.059259
1 0.074074 0.383796 0.016667 0.039815
1 0.403704 0.206944 0.011111 0.035185
1 0.307407 0.292593 0.013889 0.040741
1 0.606019 0.573611 0.015741 0.049074
1 0.383333 0.490278 0.016667 0.047222
1 0.008333 0.554630 0.024074 0.049074
2 0.249537 0.373148 0.013889 0.041667
1 0.050463 0.348148 0.015741 0.040741
1 0.894907 0.489352 0.016667 0.047222
1 0.463889 0.114352 0.009259 0.025926
2 0.243056 0.100926 0.012037 0.025926
1 0.874074 0.469444 0.018519 0.033333
1 0.654630 0.112037 0.010185 0.025926
1 0.060537 0.695796 0.020731 0.052444
1 0.324593 0.337222 0.012194 0.035370
1 0.631324 0.387231 0.020731 0.040250
