1 0.245370 0.181019 0.013889 0.031481
1 0.462963 0.258333 0.014815 0.036111
2 0.578704 0.289352 0.012037 0.034259
1 0.779167 0.305556 0.013889 0.038889
1 0.487500 0.176389 0.010185 0.033333
1 0.257870 0.405093 0.018519 0.040741
1 0.345833 0.298611 0.014815 0.039815
1 0.731481 0.570833 0.018519 0.047222
1 0.125463 0.349537 0.015741 0.040741
1 0.743056 0.305556 0.013889 0.038889
1 0.687037 0.680556 0.018519 0.056481
1 0.163889 0.559722 0.021296 0.052778
1 0.379630 0.148611 0.011111 0.029630
1 0.426389 0.151389 0.011111 0.028704
1 0.226389 0.126389 0.011111 0.029630
1 0.804630 0.213426 0.012963 0.036111
1 0.785185 0.208333 0.012037 0.032407
2 0.254167 0.087500 0.011111 0.028704
2 0.726852 0.985648 0.032407 0.028704
1 0.590278 0.197759 0.011241 0.029435
1 0.207333 0.100083 0.009630 0.022481
1 0.088519 0.149593 0.011778 0.019806
1 0.099759 0.161630 0.012843 0.028898
0 0.155417 0.141565 0.012843 0.011241
