1 0.622222 0.196759 0.011111 0.032407
1 0.956944 0.326389 0.022222 0.038889
1 0.268519 0.330093 0.013889 0.038889
1 0.600926 0.503704 0.013889 0.045370
1 0.402315 0.175000 0.012037 0.026852
1 0.333333 0.344444 0.012037 0.038889
1 0.965472 0.178009 0.016130 0.028250
1 0.080093 0.198611 0.015741 0.029630
1 0.254630 0.633333 0.019444 0.049074
2 0.110648 0.136574 0.012037 0.024074
1 0.121759 0.317130 0.014815 0.037963
1 0.716204 0.161111 0.012963 0.032407
1 0.426185 0.150454 0.011111 0.025926
1 0.259722 0.212037 0.012037 0.035185
1 0.168056 0.487500 0.015741 0.047222
1 0.425463 0.184722 0.012037 0.027778
1 0.190972 0.292694 0.014972 0.041028
1 0.164278 0.234417 0.016278 0.033861
2 0.413352 0.250370 0.009120 0.034509
1 0.498972 0.189491 0.012370 0.032556
1 0.628556 0.115907 0.012370 0.027352
1 0.635722 0.317769 0.013676 0.033861
1 0.630833 0.586704 0.013028 0.044278
0 0.959926 0.200620 0.006259 0.010167
