1 0.686111 0.218056 0.012037 0.032407
1 0.621296 0.491204 0.012963 0.043519
1 0.333796 0.255556 0.012037 0.035185
1 0.905556 0.481019 0.016667 0.042593
1 0.534259 0.183333 0.011111 0.032407
1 0.574074 0.227778 0.012963 0.032407
1 0.421296 0.139352 0.009259 0.027778
1 0.475463 0.384722 0.015741 0.040741
1 0.861574 0.237500 0.012963 0.037963
2 0.492593 0.275000 0.012037 0.038889
2 0.378241 0.107870 0.009259 0.028704
1 0.614352 0.171759 0.011111 0.030556
1 0.295370 0.357870 0.012963 0.042593
1 0.516667 0.227315 0.013889 0.033333
1 0.395370 0.148148 0.011111 0.031481
1 0.365037 0.237500 0.012472 0.034759
1 0.525917 0.147222 0.009463 0.027278
1 0.594102 0.183407 0.010019 0.027278
1 0.676204 0.169491 0.012806 0.028389
1 0.693454 0.172556 0.011685 0.025602
1 0.614139 0.135537 0.010019 0.023935
1 0.765537 0.212907 0.013361 0.032843
0 0.649481 0.095741 0.008352 0.007796
