1 0.489815 0.563426 0.018519 0.039815
1 0.840741 0.408796 0.017593 0.039815
1 0.579630 0.256019 0.015741 0.031481
1 0.034259 0.250926 0.012963 0.033333
1 0.559722 0.322222 0.015741 0.037963
1 0.605556 0.245370 0.015741 0.034259
1 0.239815 0.307870 0.016667 0.037037
1 0.393056 0.306481 0.015741 0.036111
1 0.437500 0.172222 0.013889 0.029630
2 0.463426 0.102315 0.013889 0.030556
1 0.173611 0.374537 0.012963 0.033333
1 0.335185 0.232870 0.015741 0.033333
1 0.300463 0.259722 0.014815 0.036111
1 0.416204 0.225463 0.017593 0.033333
2 0.343056 0.357870 0.014815 0.038889
1 0.495833 0.176389 0.016667 0.030556
1 0.273611 0.281944 0.017593 0.037037
1 0.451852 0.189352 0.020370 0.030556
1 0.100769 0.444981 0.021241 0.041750
1 0.184269 0.348287 0.015380 0.037352
1 0.409139 0.429231 0.013917 0.039556
1 0.545750 0.208019 0.014648 0.030759
1 0.880491 0.278343 0.011722 0.030759
0 0.854120 0.299213 0.011722 0.010991
