1 0.828241 0.471759 0.020370 0.042593
1 0.424537 0.287037 0.012963 0.036111
1 0.514815 0.503704 0.015741 0.046296
1 0.109722 0.192593 0.012963 0.032407
1 0.385648 0.169907 0.012037 0.027778
1 0.667130 0.201389 0.014815 0.032407
1 0.348611 0.302315 0.012963 0.039815
1 0.081019 0.163426 0.014815 0.030556
1 0.536574 0.137037 0.012037 0.023148
1 0.685185 0.201389 0.012037 0.031481
1 0.273611 0.510185 0.016667 0.050926
1 0.468519 0.178704 0.009259 0.025926
1 0.360648 0.147685 0.013889 0.025926
1 0.619907 0.250463 0.014815 0.035185
1 0.812963 0.581019 0.022222 0.051852
1 0.555556 0.105093 0.010185 0.023148
1 0.233713 0.266222 0.015491 0.035213
1 0.279139 0.221500 0.013380 0.030287
1 0.453454 0.173611 0.009861 0.024648
1 0.507685 0.119731 0.011269 0.021130
2 0.132648 0.114806 0.011972 0.028176
0 0.374222 0.157759 0.009157 0.008454
1 0.548185 0.249324 0.011972 0.038028
2 0.605583 0.245444 0.012676 0.031694
