1 0.893519 0.428241 0.020370 0.050926
1 0.447222 0.325000 0.012963 0.041667
1 0.471759 0.554167 0.018519 0.047222
1 0.706944 0.323148 0.014815 0.037963
1 0.861111 0.265741 0.014815 0.040741
1 0.657870 0.154630 0.010185 0.029630
1 0.423611 0.258796 0.012963 0.037037
1 0.674537 0.629167 0.023148 0.050000
1 0.649537 0.395370 0.012963 0.041667
1 0.575000 0.374074 0.011111 0.044444
1 0.600926 0.325000 0.012963 0.042593
2 0.439815 0.392130 0.012963 0.042593
1 0.506019 0.356019 0.012963 0.040741
1 0.618056 0.296296 0.011111 0.035185
1 0.575463 0.353241 0.012963 0.044444
1 0.549074 0.409259 0.017593 0.045370
1 0.475463 0.240741 0.010185 0.035185
1 0.572685 0.317593 0.013889 0.040741
1 0.589648 0.409954 0.017815 0.043972
0 0.470528 0.342046 0.013361 0.013917
1 0.324139 0.282481 0.022269 0.038407
1 0.473037 0.197324 0.016139 0.036176
2 0.369222 0.103806 0.015583 0.025046
