1 0.227315 0.718981 0.030556 0.050000
1 0.245370 0.268519 0.023148 0.029630
1 0.820833 0.459722 0.030556 0.036111
1 0.234722 0.304167 0.025926 0.032407
1 0.589352 0.408333 0.030556 0.037037
1 0.709259 0.177315 0.013889 0.025926
1 0.200463 0.186574 0.020370 0.027778
1 0.688889 0.236111 0.015741 0.024074
2 0.312963 0.271296 0.019444 0.031481
1 0.272685 0.174074 0.015741 0.026852
1 0.437963 0.241204 0.020370 0.028704
1 0.162963 0.237500 0.023148 0.030556
1 0.286574 0.146296 0.014815 0.025000
1 0.589157 0.145491 0.013352 0.032019
1 0.362037 0.102315 0.015741 0.025000
1 0.633139 0.272435 0.026093 0.039306
1 0.207870 0.152315 0.019444 0.025926
1 0.450000 0.220833 0.023148 0.028704
1 0.809000 0.189296 0.014472 0.032759
