1 0.532870 0.202778 0.013889 0.032407
1 0.464815 0.269444 0.012963 0.031481
1 0.791204 0.262037 0.016667 0.036111
1 0.150463 0.462500 0.028704 0.052778
1 0.867130 0.446296 0.019444 0.038889
1 0.256481 0.173611 0.012963 0.035185
1 0.598148 0.172685 0.012963 0.027778
1 0.332870 0.112500 0.009259 0.024074
1 0.095833 0.323148 0.018519 0.041667
1 0.140741 0.242593 0.018519 0.037037
2 0.177778 0.101389 0.012963 0.026852
1 0.656944 0.178704 0.012963 0.028704
2 0.525926 0.256019 0.013889 0.030556
1 0.371759 0.169444 0.013889 0.030556
1 0.319444 0.300926 0.020370 0.037963
1 0.458796 0.479630 0.018519 0.045370
1 0.764722 0.626046 0.024065 0.047231
1 0.450139 0.152389 0.013370 0.032083
1 0.516981 0.140806 0.013370 0.028519
1 0.457269 0.124315 0.013370 0.027630
1 0.394889 0.123426 0.015148 0.031194
1 0.250074 0.110500 0.010694 0.024954
