1 0.200000 0.293981 0.018519 0.036111
1 0.218056 0.433796 0.022222 0.046296
1 0.735185 0.179167 0.012963 0.028704
1 0.537037 0.172222 0.011111 0.029630
1 0.451389 0.463426 0.023148 0.044444
1 0.914352 0.268519 0.014815 0.036111
1 0.937037 0.462963 0.020370 0.041667
1 0.645370 0.191667 0.012037 0.027778
1 0.404630 0.168981 0.012963 0.033333
1 0.439352 0.294444 0.015741 0.037037
1 0.802778 0.589815 0.027778 0.050926
1 0.569444 0.283333 0.012963 0.036111
1 0.760648 0.178241 0.013889 0.027778
1 0.564352 0.118056 0.010185 0.021296
2 0.615278 0.266204 0.013889 0.033333
1 0.895833 0.261111 0.017593 0.028704
1 0.237500 0.232870 0.018519 0.036111
1 0.199537 0.078241 0.011111 0.025926
1 0.571750 0.145028 0.013917 0.027833
1 0.612037 0.141370 0.010991 0.027833
1 0.477630 0.109139 0.007324 0.021972
1 0.358602 0.107306 0.009519 0.024176
2 0.287546 0.093759 0.018315 0.029296
1 0.525602 0.120130 0.013917 0.029296
