1 0.709722 0.455093 0.020370 0.048148
1 0.448148 0.584722 0.023148 0.047222
1 0.466667 0.247222 0.017593 0.030556
1 0.786574 0.330093 0.014815 0.041667
1 0.106019 0.504630 0.018519 0.046296
1 0.886574 0.344444 0.014815 0.040741
1 0.750463 0.306019 0.014815 0.037037
1 0.159259 0.306481 0.015741 0.034259
1 0.425000 0.211111 0.013889 0.030556
1 0.416667 0.613889 0.018519 0.050926
1 0.208333 0.249074 0.012037 0.032407
1 0.695833 0.212963 0.013889 0.032407
1 0.064352 0.272222 0.011111 0.036111
1 0.080343 0.281019 0.011111 0.033333
2 0.418056 0.385185 0.014815 0.037963
0 0.232648 0.254935 0.013676 0.037120
0 0.076370 0.226935 0.013676 0.031907
1 0.070185 0.255259 0.011722 0.022139
1 0.453065 0.381907 0.015630 0.046231
1 0.405861 0.076509 0.009769 0.026694
0 0.423444 0.142602 0.009769 0.007815
