1 0.337963 0.331019 0.017593 0.040741
1 0.734259 0.247685 0.012963 0.034259
1 0.333333 0.232407 0.012037 0.036111
1 0.065741 0.268981 0.016667 0.040741
1 0.198148 0.398148 0.018519 0.044444
1 0.426852 0.411574 0.015741 0.045370
1 0.567130 0.294444 0.013889 0.034259
1 0.239815 0.306019 0.013889 0.039815
1 0.161111 0.210185 0.014815 0.036111
1 0.250926 0.411574 0.015741 0.041667
1 0.063889 0.553704 0.037963 0.059259
1 0.475000 0.270370 0.012037 0.037963
2 0.556019 0.267130 0.012963 0.037963
1 0.525926 0.269907 0.013889 0.037037
1 0.210185 0.181019 0.013889 0.032407
1 0.580102 0.554926 0.023176 0.063417
2 0.120306 0.109157 0.015852 0.025611
0 0.551120 0.302148 0.012204 0.016787
1 0.541583 0.140769 0.009917 0.028231
