1 0.2838541666666667 0.7717592592592593 0.018229166666666668 0.05462962962962963
1 0.73203125 0.5782407407407407 0.011979166666666667 0.04537037037037037
1 0.5127604166666667 0.425 0.009895833333333333 0.04351851851851852
1 0.171875 0.3300925925925926 0.008854166666666666 0.037037037037037035
1 0.2328125 0.16944444444444445 0.009375 0.027777777777777776
1 0.3533854166666667 0.287962962962963 0.008854166666666666 0.03518518518518519
1 0.53203125 0.21203703703703702 0.008333333333333333 0.03333333333333333
1 0.16171875 0.35833333333333334 0.010416666666666666 0.03981481481481482
1 0.5130208333333334 0.2074074074074074 0.008333333333333333 0.03333333333333333
1 0.6072916666666667 0.1259259259259259 0.0067708333333333336 0.021296296296296296
1 0.34088541666666666 0.3050925925925926 0.009375 0.03888888888888889
1 0.49296875 0.09907407407407408 0.00625 0.025
2 0.29453125 0.34074074074074073 0.009895833333333333 0.03888888888888889
1 0.3919270833333333 0.18796296296296297 0.0078125 0.03425925925925926
1 0.7161458333333334 0.19444444444444445 0.009375 0.032407407407407406
1 0.19583333333333333 0.5925925925925926 0.015104166666666667 0.05277777777777778
1 0.6471354166666666 0.2162037037037037 0.0078125 0.02962962962962963
1 0.6729479166666666 0.2949722222222222 0.01019791666666663 0.04284259259259258
1 0.41294270833333335 0.18826851851851853 0.00834374999999999 0.03212962962962962
1 0.5158333333333334 0.07827777777777778 0.004635416666666714 0.028009259259259258
0 0.5237135416666666 0.0881574074074074 0.0037083333333332766 0.008240740740740746
1 0.6011093750000001 0.11205555555555555 0.007416666666666553 0.019777777777777766
1 0.301484375 0.12441666666666668 0.006953124999999952 0.03130555555555556
2 0.07646875 0.16189814814814815 0.007416666666666671 0.030481481481481495
2 0.994359375 0.5586296296296297 0.009734375000000028 0.04613888888888882