1 0.80625 0.5805555555555556 0.025 0.12222222222222222
1 0.226171875 0.6277777777777778 0.02734375 0.13055555555555556
1 0.652734375 0.5222222222222223 0.02890625 0.10833333333333334
1 0.698046875 0.61875 0.02890625 0.12916666666666668
1 0.867578125 0.5138888888888888 0.02421875 0.12222222222222222
1 0.7546875 0.4222222222222222 0.021875 0.09722222222222222
1 0.23828125 0.3111111111111111 0.0234375 0.08611111111111111
1 0.132421875 0.4534722222222222 0.02890625 0.10138888888888889
1 0.451171875 0.30972222222222223 0.02109375 0.075
1 0.499609375 0.47708333333333336 0.03203125 0.10416666666666667
1 0.855859375 0.31666666666666665 0.02578125 0.07777777777777778
1 0.751953125 0.6458333333333334 0.02890625 0.11944444444444445
2 0.68125 0.4027777777777778 0.0203125 0.09722222222222222
1 0.537890625 0.49930555555555556 0.02265625 0.10416666666666667
1 0.955078125 0.41597222222222224 0.02265625 0.10694444444444444
1 0.66953125 0.3375 0.0203125 0.075
1 0.634375 0.21805555555555556 0.0171875 0.058333333333333334
1 0.977734375 0.3923611111111111 0.01953125 0.10694444444444444
2 0.192578125 0.18888888888888888 0.01796875 0.06666666666666667
0 0.1558125 0.5007777777777778 0.0078125 0.01697222222222226