1 0.7109375 0.5138888888888888 0.028125 0.14166666666666666
1 0.3453125 0.4652777777777778 0.028125 0.13055555555555556
1 0.880078125 0.31180555555555556 0.02265625 0.10694444444444444
1 0.34375 0.3625 0.025 0.09722222222222222
1 0.693359375 0.3763888888888889 0.02734375 0.13055555555555556
2 0.4890625 0.40069444444444446 0.025 0.12916666666666668
1 0.0588984375 0.25625 0.021265625 0.10694444444444444
1 0.7125 0.30694444444444446 0.025 0.10277777777777777
1 0.3833359375 0.259875 0.01666406250000003 0.09136111111111107
1 0.559375 0.24722222222222223 0.0171875 0.08055555555555556
1 0.16171875 0.2604166666666667 0.015625 0.09861111111111111
1 0.004296875 0.28125 0.00859375 0.09861111111111111
1 0.66640625 0.3076388888888889 0.025 0.1125
1 0.334421875 0.2716805555555556 0.01953125 0.10386111111111107
2 0.078125 0.2179722222222222 0.03125 0.09737500000000002
1 0.3229140625 0.2638888888888889 0.015625 0.10802777777777774