1 0.816796875 0.4847222222222222 0.02734375 0.11666666666666667
1 0.096484375 0.55 0.03359375 0.11944444444444445
1 0.333203125 0.44583333333333336 0.02421875 0.1111111111111111
1 0.46484375 0.35138888888888886 0.0265625 0.07777777777777778
1 0.7703125 0.4583333333333333 0.0265625 0.125
1 0.445703125 0.5583333333333333 0.03828125 0.13333333333333333
1 0.677734375 0.37430555555555556 0.01796875 0.10416666666666667
2 0.17109375 0.3763888888888889 0.0171875 0.11388888888888889
1 0.344140625 0.3277777777777778 0.01640625 0.09444444444444444
1 0.559765625 0.45 0.02578125 0.11666666666666667
1 0.812109375 0.3326388888888889 0.01640625 0.10694444444444444
1 0.496484375 0.4340277777777778 0.02734375 0.11805555555555555
1 0.3 0.38263888888888886 0.021875 0.05694444444444444
1 0.633984375 0.3576388888888889 0.01796875 0.10694444444444444
1 0.438671875 0.4979166666666667 0.02734375 0.10694444444444444
1 0.29140625 0.3506944444444444 0.0140625 0.09027777777777778
1 0.557421875 0.32916666666666666 0.02265625 0.08888888888888889
1 0.61171875 0.39861111111111114 0.025 0.10555555555555556
1 0.612109375 0.31527777777777777 0.02265625 0.07777777777777778
1 0.5734375 0.3576388888888889 0.01875 0.06527777777777778
1 0.60703125 0.38819444444444445 0.03125 0.11805555555555555
1 0.602734375 0.3798611111111111 0.02578125 0.10694444444444444