1 0.67109375 0.2222222222222222 0.008333333333333333 0.037037037037037035
1 0.7705729166666667 0.3680555555555556 0.0125 0.04537037037037037
1 0.6184895833333334 0.5925925925925926 0.009375 0.046296296296296294
1 0.44427083333333334 0.4074074074074074 0.010416666666666666 0.044444444444444446
1 0.35859375 0.48009259259259257 0.0125 0.05277777777777778
1 0.5213541666666667 0.4361111111111111 0.008854166666666666 0.04351851851851852
1 0.6158854166666666 0.4740740740740741 0.010416666666666666 0.04722222222222222
1 0.70546875 0.37546296296296294 0.009375 0.04537037037037037
1 0.7231770833333333 0.46111111111111114 0.014583333333333334 0.04814814814814815
1 0.25677083333333334 0.4111111111111111 0.011979166666666667 0.040740740740740744
1 0.1203125 0.24861111111111112 0.0078125 0.027777777777777776
1 0.32135416666666666 0.2518518518518518 0.009375 0.03796296296296296
1 0.2981770833333333 0.37175925925925923 0.011979166666666667 0.03425925925925926
1 0.4265625 0.525 0.011458333333333333 0.049074074074074076
1 0.5221354166666666 0.4976851851851852 0.008854166666666666 0.04537037037037037
1 0.3796875 0.33287037037037037 0.008333333333333333 0.04537037037037037
1 0.3377604166666667 0.399537037037037 0.011458333333333333 0.03333333333333333
1 0.403125 0.16527777777777777 0.009375 0.03425925925925926
2 0.43333333333333335 0.034722222222222224 0.0067708333333333336 0.024074074074074074
2 0.4497083333333334 0.2723333333333333 0.007286458333333338 0.03885185185185189
1 0.5735416666666667 0.30165740740740743 0.006427083333333409 0.042657407407407456
1 0.499625 0.40412037037037035 0.008567708333333358 0.04799074074074078
0 0.19775 0.38545370370370374 0.00557291666666669 0.007620370370370388