1 0.6432291666666666 0.8064814814814815 0.016145833333333335 0.05185185185185185
1 0.2828125 0.6939814814814815 0.013020833333333334 0.053703703703703705
1 0.36796875 0.2967592592592593 0.0067708333333333336 0.037037037037037035
1 0.55703125 0.1537037037037037 0.005729166666666666 0.02962962962962963
1 0.46796875 0.2310185185185185 0.00625 0.03425925925925926
1 0.5473958333333333 0.7027777777777777 0.0140625 0.05185185185185185
1 0.9888020833333333 0.37592592592592594 0.011458333333333333 0.041666666666666664
1 0.3333333333333333 0.31342592592592594 0.008333333333333333 0.03888888888888889
1 0.26328125 0.8384259259259259 0.017708333333333333 0.05648148148148148
1 0.60390625 0.5009259259259259 0.009375 0.05
1 0.8114583333333333 0.49722222222222223 0.0109375 0.05
1 0.27317708333333335 0.4375 0.011458333333333333 0.04537037037037037
1 0.37057291666666664 0.23425925925925925 0.0078125 0.03518518518518519
1 0.4625 0.29583333333333334 0.0067708333333333336 0.03981481481481482
1 0.29713541666666665 0.41944444444444445 0.009895833333333333 0.044444444444444446
1 0.5669270833333333 0.32083333333333336 0.0067708333333333336 0.03981481481481482
1 0.4080729166666667 0.49583333333333335 0.007291666666666667 0.044444444444444446
2 0.9596354166666666 0.9523148148148148 0.025 0.05092592592592592
1 0.6770833333333334 0.28379629629629627 0.010416666666666666 0.041666666666666664
2 0.33671875 0.12083333333333333 0.00625 0.025
1 0.9817708333333334 0.09537037037037037 0.00625 0.022222222222222223
1 0.9932291666666667 0.08842592592592592 0.007291666666666667 0.021296296296296296
1 0.3734322916666667 0.5766574074074073 0.008999999999999985 0.048750000000000085
2 0.4002135416666667 0.4604907407407407 0.0128541666666667 0.046472222222222165
1 0.47648958333333336 0.3603148148148148 0.006854166666666709 0.03656481481481482
1 0.38479166666666664 0.1801574074074074 0.005999999999999991 0.029712962962962993
0 0.6723125 0.3058518518518518 0.005140624999999943 0.012953703703703712