1 0.565234375 0.69375 0.03828125 0.13472222222222222
1 0.11015625 0.6256944444444444 0.0265625 0.13472222222222222
2 0.862109375 0.6972222222222222 0.04921875 0.13055555555555556
1 0.431640625 0.5263888888888889 0.02890625 0.11666666666666667
1 0.226171875 0.3020833333333333 0.02265625 0.08472222222222223
1 0.479296875 0.6013888888888889 0.02578125 0.12777777777777777
1 0.533984375 0.6326388888888889 0.02890625 0.11527777777777778
1 0.319921875 0.6881944444444444 0.02734375 0.12916666666666668
1 0.8015625 0.3104166666666667 0.0203125 0.07361111111111111
1 0.03046875 0.4083333333333333 0.0328125 0.08888888888888889
1 0.32265625 0.5979166666666667 0.021875 0.10694444444444444
1 0.5603281250000001 0.4875 0.045656250000000044 0.09166666666666666
1 0.559375 0.4409722222222222 0.028125 0.07361111111111111
0 0.720703125 0.5333333333333333 0.01171875 0.022222222222222223