1 0.7049479166666667 0.23981481481481481 0.0067708333333333336 0.03611111111111111
1 0.7325520833333333 0.4777777777777778 0.011458333333333333 0.041666666666666664
1 0.60625 0.22361111111111112 0.0067708333333333336 0.03425925925925926
1 0.39505208333333336 0.35694444444444445 0.008333333333333333 0.040740740740740744
1 0.6627604166666666 0.20879629629629629 0.0067708333333333336 0.03425925925925926
1 0.11666666666666667 0.27824074074074073 0.008854166666666666 0.03518518518518519
1 0.5171875 0.15 0.00625 0.02962962962962963
1 0.4864583333333333 0.38564814814814813 0.009895833333333333 0.04259259259259259
1 0.6044270833333333 0.17037037037037037 0.00625 0.02962962962962963
1 0.421875 0.24953703703703703 0.008854166666666666 0.03425925925925926
2 0.4973645833333334 0.2750462962962963 0.008333333333333333 0.03360185185185182
1 0.5771822916666667 0.17847222222222223 0.005270833333333277 0.03796296296296296
1 0.5216145833333333 0.2310185185185185 0.0067708333333333336 0.03333333333333333
1 0.53359375 0.19027777777777777 0.00625 0.03611111111111111
1 0.5770833333333333 0.48148148148148145 0.010416666666666666 0.04351851851851852
2 0.4358125 0.10752777777777778 0.005729166666666666 0.027777777777777776
1 0.43812500000000004 0.23328703703703701 0.007489583333333391 0.034731481481481474
1 0.4478958333333333 0.15485185185185185 0.005536458333333391 0.028361111111111108
1 0.460265625 0.14298148148148146 0.004234375000000057 0.03125925925925925
1 0.57309375 0.13806481481481483 0.008468750000000113 0.021416666666666664
1 0.6256822916666667 0.17685185185185184 0.005536458333333391 0.0272037037037037
1 0.5789583333333332 0.17829629629629629 0.009119791666666781 0.025472222222222212
0 0.5831875 0.1499351851851852 0.005859375 0.011574074074074073
1 0.5533958333333333 0.2263425925925926 0.004885416666666724 0.02778703703703703