1 0.597265625 0.28125 0.01796875 0.11527777777777778
1 0.380859375 0.40555555555555556 0.03203125 0.14444444444444443
1 0.50390625 0.33819444444444446 0.025 0.11805555555555555
2 0.230859375 0.48333333333333334 0.03203125 0.1527777777777778
1 0.32109375 0.23472222222222222 0.0203125 0.08888888888888889
1 0.688671875 0.625 0.02890625 0.17222222222222222
1 0.67890625 0.42569444444444443 0.021875 0.13194444444444445
1 0.262890625 0.25625 0.01484375 0.1125
1 0.041796875 0.30069444444444443 0.01953125 0.11527777777777778
1 0.066796875 0.3715277777777778 0.02265625 0.11527777777777778
1 0.013671875 0.4395833333333333 0.02734375 0.14027777777777778
1 0.110546875 0.33541666666666664 0.02890625 0.12361111111111112
1 0.98828125 0.3736111111111111 0.021875 0.13333333333333333
1 0.06796875 0.26805555555555555 0.0171875 0.09444444444444444
1 0.0921875 0.30416666666666664 0.01875 0.1111111111111111
2 0.151 0.1798611111111111 0.026125 0.08472222222222223
0 0.569921875 0.3298611111111111 0.01015625 0.020833333333333332