1 0.35234375 0.6340277777777777 0.03125 0.08194444444444444
1 0.8296875 0.5826388888888889 0.015625 0.09027777777777778
1 0.16875 0.47638888888888886 0.0140625 0.06388888888888888
1 0.5078125 0.5361111111111111 0.0171875 0.075
1 0.25859375 0.48194444444444445 0.0140625 0.06388888888888888
2 0.06953125 0.5458333333333333 0.0171875 0.08055555555555556
1 0.783203125 0.4840277777777778 0.01328125 0.07361111111111111
1 0.823828125 0.6951388888888889 0.02109375 0.09861111111111111
1 0.59296875 0.48055555555555557 0.0125 0.06944444444444445
1 0.051171875 0.4798611111111111 0.01796875 0.06805555555555555
1 0.15625 0.41597222222222224 0.0109375 0.05416666666666667
1 0.291796875 0.5201388888888889 0.01484375 0.08194444444444444
1 0.5671875 0.5034722222222222 0.015625 0.07361111111111111
1 0.487109375 0.4666666666666667 0.01328125 0.06666666666666667
1 0.201171875 0.5451388888888888 0.01328125 0.0763888888888889
1 0.303125 0.38958333333333334 0.0125 0.04861111111111111
1 0.472265625 0.425 0.01015625 0.04722222222222222
1 0.57265625 0.4215277777777778 0.0125 0.05694444444444444
2 0.082421875 0.3819444444444444 0.01640625 0.05277777777777778
2 0.082421875 0.38263888888888886 0.01640625 0.05138888888888889