1 0.3640625 0.6194444444444445 0.03125 0.1527777777777778
1 0.218359375 0.44027777777777777 0.04140625 0.12222222222222222
1 0.8296875 0.5 0.034375 0.11944444444444445
1 0.662890625 0.41458333333333336 0.03046875 0.1125
1 0.4171875 0.33194444444444443 0.03125 0.08055555555555556
1 0.809375 0.27152777777777776 0.0171875 0.09027777777777778
2 0.986328125 0.5222222222222223 0.02734375 0.14444444444444443
1 0.605078125 0.48194444444444445 0.03203125 0.14166666666666666
1 0.9640625 0.3333333333333333 0.0234375 0.10833333333333334
2 0.419921875 0.21666666666666667 0.01796875 0.08611111111111111
1 0.325 0.3333333333333333 0.0359375 0.10555555555555556
1 0.637109375 0.4263888888888889 0.02578125 0.11388888888888889
1 0.03984375 0.4013888888888889 0.0375 0.125
0 0.33671875 0.3770833333333333 0.0109375 0.020833333333333332
1 0.35703125 0.9590277777777778 0.0484375 0.08194444444444444