1 0.69375 0.40324074074074073 0.007291666666666667 0.04351851851851852
1 0.64453125 0.1712962962962963 0.005729166666666666 0.03425925925925926
1 0.6549479166666666 0.2439814814814815 0.0067708333333333336 0.03888888888888889
1 0.3684895833333333 0.2861111111111111 0.0067708333333333336 0.03888888888888889
1 0.54453125 0.1736111111111111 0.005208333333333333 0.03148148148148148
1 0.40546875 0.15462962962962962 0.00625 0.027777777777777776
1 0.8609375 0.29953703703703705 0.009375 0.040740740740740744
2 0.8778645833333333 0.9472222222222222 0.0203125 0.05277777777777778
1 0.45338541666666665 0.4134259259259259 0.008854166666666666 0.041666666666666664
1 0.43307291666666664 0.2671296296296296 0.0067708333333333336 0.037037037037037035
1 0.5067708333333333 0.1736111111111111 0.0046875 0.032407407407407406
1 0.42916666666666664 0.17824074074074073 0.005729166666666666 0.03148148148148148
1 0.39114583333333336 0.20277777777777778 0.007291666666666667 0.03333333333333333
1 0.5572916666666666 0.16157407407407406 0.005729166666666666 0.030555555555555555
1 0.5703125 0.16574074074074074 0.005729166666666666 0.02962962962962963
1 0.5669270833333333 0.13425925925925927 0.005729166666666666 0.026851851851851852
1 0.3575520833333333 0.14444444444444443 0.005729166666666666 0.025925925925925925
1 0.49322916666666666 0.11944444444444445 0.005208333333333333 0.026851851851851852
1 0.37213541666666666 0.37777777777777777 0.0078125 0.04259259259259259
1 0.6012864583333334 0.5440555555555556 0.010526041666666685 0.04545370370370363
1 0.5125468750000001 0.23469444444444443 0.006921874999999981 0.03157407407407407
1 0.575015625 0.24592592592592594 0.0048177083333333336 0.030509259259259274
2 0.444359375 0.2625185185185185 0.007223958333333277 0.030509259259259302
2 0.35373958333333333 0.11908333333333335 0.006020833333333305 0.02837037037037036