1 0.6924479166666667 0.49166666666666664 0.0125 0.04351851851851852
1 0.5075520833333333 0.5023148148148148 0.009895833333333333 0.04814814814814815
1 0.21432291666666667 0.26481481481481484 0.007291666666666667 0.03888888888888889
1 0.44609375 0.6342592592592593 0.013020833333333334 0.053703703703703705
1 0.3684895833333333 0.3263888888888889 0.0078125 0.03981481481481482
1 0.5692708333333333 0.25925925925925924 0.0078125 0.037037037037037035
1 0.23958333333333334 0.40370370370370373 0.008333333333333333 0.044444444444444446
1 0.5893229166666667 0.31203703703703706 0.009895833333333333 0.03796296296296296
1 0.3033854166666667 0.39490740740740743 0.009375 0.04351851851851852
1 0.5088541666666667 0.28055555555555556 0.009895833333333333 0.037037037037037035
1 0.33984375 0.3333333333333333 0.008854166666666666 0.03518518518518519
2 0.8471354166666667 0.7555555555555555 0.016666666666666666 0.046296296296296294
1 0.7341145833333333 0.25 0.008333333333333333 0.03425925925925926
1 0.7127604166666667 0.5509259259259259 0.014583333333333334 0.044444444444444446
1 0.47291666666666665 0.3625 0.009375 0.03796296296296296
1 0.48359375 0.30092592592592593 0.0078125 0.040740740740740744
2 0.4708333333333333 0.2824074074074074 0.0078125 0.03425925925925926
1 0.42682291666666666 0.4027777777777778 0.009895833333333333 0.040740740740740744
2 0.19661458333333334 0.1476851851851852 0.0078125 0.025925925925925925
1 0.4625 0.1537037037037037 0.0067708333333333336 0.028703703703703703
0 0.47211458333333334 0.32182407407407404 0.004578124999999981 0.007509259259259272
1 0.29725 0.267037037037037 0.00845312500000001 0.034435185185185235
1 0.41470833333333335 0.19378703703703704 0.007395833333333357 0.03443518518518518
1 0.42685937500000004 0.1925277777777778 0.00845312500000001 0.0356851851851852
1 0.3731510416666667 0.13148148148148148 0.007395833333333357 0.025046296296296306