1 0.29453125 0.20416666666666666 0.0109375 0.02962962962962963
1 0.3333333333333333 0.3648148148148148 0.016145833333333335 0.03981481481481482
1 0.54453125 0.16064814814814815 0.0078125 0.028703703703703703
1 0.6690104166666667 0.2490740740740741 0.010416666666666666 0.032407407407407406
1 0.33229166666666665 0.5217592592592593 0.0140625 0.05
1 0.23988541666666666 0.3439814814814815 0.022307291666666687 0.040740740740740744
2 0.3807291666666667 0.3486111111111111 0.010416666666666666 0.02962962962962963
1 0.90390625 0.3138888888888889 0.013541666666666667 0.03425925925925926
1 0.23046875 0.38333333333333336 0.013020833333333334 0.04351851851851852
1 0.51796875 0.300462962962963 0.008854166666666666 0.03796296296296296
1 0.6723958333333333 0.6898148148148148 0.0125 0.05
1 0.5611979166666666 0.43425925925925923 0.016666666666666666 0.041666666666666664
1 0.425 0.9152777777777777 0.0171875 0.05648148148148148
1 0.43333333333333335 0.2324074074074074 0.008333333333333333 0.030555555555555555
1 0.23031770833333332 0.43041666666666667 0.027286458333333326 0.03928703703703699
1 0.7018229166666666 0.3587962962962963 0.011458333333333333 0.03796296296296296
1 0.28932291666666665 0.24027777777777778 0.0109375 0.030555555555555555
1 0.178125 0.5689814814814815 0.0171875 0.04259259259259259
1 0.39739583333333334 0.2324074074074074 0.008854166666666666 0.032407407407407406
2 0.28072916666666664 0.11805555555555555 0.0078125 0.025925925925925925
0 0.45859375 0.5550925925925926 0.007291666666666667 0.01574074074074074
1 0.4546875 0.12314814814814815 0.00625 0.025
1 0.6099270833333333 0.6580555555555556 0.022859374999999935 0.036675925925925834
2 0.9861979166666667 0.8740740740740741 0.025 0.046296296296296294