1 0.3453125 0.45416666666666666 0.0359375 0.15555555555555556
1 0.4515625 0.26666666666666666 0.0234375 0.11388888888888889
1 0.926953125 0.2986111111111111 0.01953125 0.125
1 0.67109375 0.275 0.01875 0.11388888888888889
1 0.5765625 0.3590277777777778 0.0234375 0.10694444444444444
1 0.5609375 0.3138888888888889 0.0296875 0.10833333333333334
1 0.218359375 0.5034722222222222 0.04453125 0.13472222222222222
1 0.115234375 0.9465277777777777 0.06953125 0.10694444444444444
1 0.4265625 0.28194444444444444 0.0234375 0.10833333333333334
1 0.6794687500000001 0.2074027777777778 0.01606249999999996 0.10462499999999998
2 0.591015625 0.18263888888888888 0.02578125 0.09583333333333334
0 0.3828125 0.35833333333333334 0.01875 0.022222222222222223