1 0.223046875 0.4409722222222222 0.03359375 0.15416666666666667
1 0.89765625 0.6486111111111111 0.04375 0.17222222222222222
1 0.590625 0.3159722222222222 0.0265625 0.13472222222222222
1 0.896484375 0.33402777777777776 0.02421875 0.12916666666666668
1 0.7625 0.3236111111111111 0.0375 0.12222222222222222
1 0.127734375 0.34305555555555556 0.03671875 0.13333333333333333
1 0.164453125 0.23819444444444443 0.03046875 0.09583333333333334
1 0.021484375 0.26875 0.03203125 0.1125
1 0.81015625 0.24513888888888888 0.025 0.12916666666666668
1 0.5609375 0.24861111111111112 0.0234375 0.11666666666666667
1 0.20390625 0.19652777777777777 0.0203125 0.09305555555555556
0 0.273828125 0.2465277777777778 0.01171875 0.020833333333333332