1 0.9450520833333333 0.2851851851851852 0.010416666666666666 0.037037037037037035
1 0.90625 0.3074074074074074 0.011979166666666667 0.040740740740740744
1 0.5942708333333333 0.38935185185185184 0.008854166666666666 0.04351851851851852
1 0.8940104166666667 0.42592592592592593 0.0125 0.03981481481481482
1 0.5794270833333334 0.23472222222222222 0.009375 0.03333333333333333
1 0.8729166666666667 0.45 0.0140625 0.03888888888888889
1 0.7330729166666666 0.3101851851851852 0.009375 0.03888888888888889
1 0.5640625 0.5444444444444444 0.0125 0.04722222222222222
1 0.6661458333333333 0.324537037037037 0.008854166666666666 0.037037037037037035
1 0.8459635416666667 0.41388888888888886 0.013020833333333334 0.044444444444444446
1 0.9265625 0.45555555555555555 0.0140625 0.040740740740740744
2 0.50546875 0.11064814814814815 0.00625 0.027777777777777776
2 0.740625 0.3541666666666667 0.008854166666666666 0.03981481481481482
1 0.9421875 0.42824074074074076 0.010416666666666666 0.037731481481481484
1 0.6753385416666667 0.30014814814814816 0.009770833333333447 0.04110185185185184
0 0.5665833333333333 0.2561574074074074 0.005208333333333333 0.007527777777777774
1 0.9158124999999999 0.4361851851851852 0.01139583333333339 0.042259259259259246
1 0.9288385416666666 0.4263518518518518 0.008140625000000058 0.026046296296296293
1 0.9353489583333333 0.4318518518518518 0.008140625000000058 0.04515740740740739
1 0.85378125 0.40579629629629627 0.005208333333333333 0.039361111111111104
1 0.824640625 0.3887222222222222 0.008791666666666724 0.03878703703703702