1 0.340625 0.7152777777777778 0.03125 0.15833333333333333
1 0.450390625 0.5201388888888889 0.03046875 0.13472222222222222
1 0.17421875 0.7215277777777778 0.0390625 0.16805555555555557
1 0.34375 0.4305555555555556 0.03125 0.12222222222222222
1 0.4546875 0.68125 0.0359375 0.15416666666666667
1 0.07578125 0.5652777777777778 0.0296875 0.14166666666666666
1 0.541796875 0.4576388888888889 0.02890625 0.13472222222222222
1 0.5984375 0.5333333333333333 0.0484375 0.12222222222222222
1 0.397265625 0.36319444444444443 0.02890625 0.10972222222222222
1 0.560546875 0.5048611111111111 0.02890625 0.13194444444444445
1 0.371875 0.36527777777777776 0.0203125 0.10555555555555556
1 0.639453125 0.4583333333333333 0.03671875 0.08055555555555556
1 0.048828125 0.5902777777777778 0.03203125 0.14722222222222223
1 0.003515625 0.4888888888888889 0.00703125 0.12777777777777777
0 0.6467031249999999 0.42283333333333334 0.012156249999999957 0.012347222222222204