1 0.553125 0.5462962962962963 0.011979166666666667 0.046296296296296294
1 0.5557291666666667 0.2351851851851852 0.0067708333333333336 0.03425925925925926
1 0.8653645833333333 0.4564814814814815 0.0109375 0.04259259259259259
1 0.6669270833333333 0.2962962962962963 0.008333333333333333 0.037037037037037035
1 0.93671875 0.43148148148148147 0.011458333333333333 0.040740740740740744
1 0.9359375 0.2810185185185185 0.011458333333333333 0.03796296296296296
1 0.7375 0.3148148148148148 0.008333333333333333 0.03888888888888889
2 0.7330729166666666 0.35462962962962963 0.008333333333333333 0.03888888888888889
1 0.5848958333333333 0.38657407407407407 0.008854166666666666 0.04537037037037037
1 0.665625 0.32407407407407407 0.0078125 0.03888888888888889
1 0.8794270833333333 0.42083333333333334 0.011458333333333333 0.044444444444444446
1 0.9151041666666667 0.4532407407407407 0.011458333333333333 0.040740740740740744
1 0.8614583333333333 0.4027777777777778 0.009895833333333333 0.040740740740740744
2 0.50546875 0.1111111111111111 0.005729166666666666 0.028703703703703703
1 0.8447916666666667 0.40925925925925927 0.011979166666666667 0.04537037037037037
1 0.8291666666666667 0.3925925925925926 0.009375 0.03981481481481482
0 0.5473645833333334 0.24543518518518517 0.005843749999999896 0.01088888888888888
1 0.9047552083333333 0.4317407407407407 0.01029687499999999 0.039092592592592616
1 0.9176979166666667 0.4260462962962963 0.006125000000000114 0.03662037037037033
1 0.9243802083333333 0.4260462962962963 0.006125000000000114 0.041564814814814804
1 0.8982135416666667 0.3055555555555556 0.009463541666666705 0.039092592592592616