1 0.244921875 0.3861111111111111 0.02265625 0.1111111111111111
1 0.5640625 0.6972222222222222 0.025 0.14166666666666666
1 0.883203125 0.5354166666666667 0.03671875 0.13194444444444445
1 0.941796875 0.4673611111111111 0.02421875 0.11805555555555555
1 0.5828125 0.2590277777777778 0.0171875 0.08194444444444444
1 0.89140625 0.28125 0.01875 0.0875
1 0.710546875 0.38680555555555557 0.01640625 0.10416666666666667
1 0.171875 0.6180555555555556 0.0265625 0.14444444444444443
1 0.6328125 0.6472222222222223 0.0265625 0.1361111111111111
1 0.5921875 0.1951388888888889 0.0140625 0.07083333333333333
1 0.26484375 0.23194444444444445 0.0140625 0.08333333333333333
2 0.38984375 0.10902777777777778 0.015625 0.059722222222222225
0 0.241015625 0.6770833333333334 0.01328125 0.02638888888888889