1 0.387890625 0.5902777777777778 0.04140625 0.12777777777777777
1 0.811328125 0.6069444444444444 0.03828125 0.125
1 0.703515625 0.5958333333333333 0.03203125 0.13055555555555556
1 0.377734375 0.22708333333333333 0.01953125 0.0875
1 0.865625 0.3284722222222222 0.03125 0.09861111111111111
1 0.216796875 0.3486111111111111 0.03515625 0.10833333333333334
1 0.710546875 0.4111111111111111 0.04140625 0.10555555555555556
1 0.91640625 0.23125 0.021875 0.08194444444444444
1 0.212890625 0.49236111111111114 0.04921875 0.12083333333333333
2 0.748046875 0.3472222222222222 0.02734375 0.10277777777777777
1 0.599609375 0.4930555555555556 0.03828125 0.1111111111111111
1 0.39453125 0.49027777777777776 0.04375 0.10555555555555556
1 0.783984375 0.47638888888888886 0.03203125 0.09722222222222222
1 0.63984375 0.5743055555555555 0.046875 0.11805555555555555
1 0.989453125 0.40625 0.02109375 0.10972222222222222
1 0.8140625 0.5291666666666667 0.03125 0.125
1 0.99296875 0.23541666666666666 0.0140625 0.10694444444444444
1 0.46328125 0.25625 0.0296875 0.07361111111111111
2 0.384546875 0.08641666666666667 0.022570312499999988 0.052472222222222226
0 0.211375 0.5239166666666667 0.01475781249999999 0.020055555555555632