1 0.16822916666666668 0.32222222222222224 0.0125 0.04351851851851852
1 0.6690104166666667 0.33194444444444443 0.008854166666666666 0.037037037037037035
1 0.4671875 0.5291666666666667 0.011979166666666667 0.046296296296296294
1 0.228125 0.21944444444444444 0.0109375 0.032407407407407406
1 0.6171875 0.13472222222222222 0.0067708333333333336 0.026851851851851852
1 0.2375 0.3143518518518518 0.009895833333333333 0.03796296296296296
1 0.25807291666666665 0.20972222222222223 0.011458333333333333 0.03333333333333333
1 0.7199895833333334 0.19670370370370371 0.007416666666666553 0.03530555555555555
1 0.2955729166666667 0.37222222222222223 0.009895833333333333 0.04722222222222222
1 0.22786458333333334 0.48935185185185187 0.013541666666666667 0.046296296296296294
1 0.41119791666666666 0.31527777777777777 0.009375 0.037037037037037035
1 0.3919270833333333 0.21898148148148147 0.008854166666666666 0.03333333333333333
1 0.384375 0.36342592592592593 0.008854166666666666 0.037037037037037035
1 0.22734375 0.3907407407407407 0.010416666666666666 0.04351851851851852
1 0.5028645833333333 0.12731481481481483 0.008333333333333333 0.02962962962962963
2 0.20286458333333332 0.44027777777777777 0.011979166666666667 0.03888888888888889
1 0.6044479166666666 0.2909074074074074 0.009328124999999925 0.04108333333333334
2 0.04505208333333333 0.15185185185185185 0.009375 0.024074074074074074
1 0.7712083333333334 0.26020370370370366 0.011229166666666639 0.03151851851851849
1 0.34843229166666667 0.2891111111111111 0.00990624999999999 0.03874074074074077
1 0.37854166666666667 0.21622222222222223 0.009109375000000005 0.03802777777777777
1 0.6154479166666668 0.2781944444444444 0.006734374999999915 0.03662037037037033