1 0.31953125 0.3560185185185185 0.010416666666666666 0.03796296296296296
1 0.9830729166666666 0.34120370370370373 0.013541666666666667 0.037037037037037035
1 0.4075520833333333 0.6365740740740741 0.0109375 0.046296296296296294
1 0.29244791666666664 0.29398148148148145 0.009375 0.037037037037037035
1 0.5955729166666667 0.6893518518518519 0.011979166666666667 0.049074074074074076
1 0.48151041666666666 0.2638888888888889 0.007291666666666667 0.03425925925925926
1 0.34036458333333336 0.4685185185185185 0.011458333333333333 0.03888888888888889
1 0.43333333333333335 0.5074074074074074 0.008333333333333333 0.037037037037037035
1 0.60390625 0.3736111111111111 0.008854166666666666 0.03611111111111111
1 0.584375 0.44074074074074077 0.009895833333333333 0.040740740740740744
1 0.40572916666666664 0.30787037037037035 0.0067708333333333336 0.03611111111111111
1 0.4544270833333333 0.2726851851851852 0.008854166666666666 0.03425925925925926
1 0.4401041666666667 0.3490740740740741 0.009895833333333333 0.03888888888888889
2 0.9221354166666667 0.9518518518518518 0.021875 0.05
1 0.5098958333333333 0.29305555555555557 0.0078125 0.03518518518518519
1 0.46484375 0.4263888888888889 0.008333333333333333 0.03888888888888889
1 0.58515625 0.16435185185185186 0.0067708333333333336 0.026851851851851852
2 0.33229166666666665 0.11481481481481481 0.0067708333333333336 0.02962962962962963
1 0.7255208333333333 0.4935185185185185 0.013020833333333334 0.04537037037037037
1 0.9802083333333333 0.08935185185185185 0.0078125 0.018518518518518517
1 0.375390625 0.38499074074074074 0.011088541666666648 0.03247222222222227
2 0.440296875 0.4078981481481481 0.009786458333333314 0.03537037037037041
1 0.32597916666666665 0.23887962962962964 0.008151041666666714 0.03362962962962965
1 0.476171875 0.1922037037037037 0.006520833333333324 0.03421296296296295
1 0.6870208333333333 0.27830555555555553 0.0068489583333333805 0.04175000000000003
0 0.599453125 0.38962962962962966 0.004567708333333324 0.010435185185185169