1 0.5341145833333333 0.3365740740740741 0.008854166666666666 0.03796296296296296
2 0.44609375 0.20046296296296295 0.0078125 0.03611111111111111
1 0.46953125 0.11296296296296296 0.008854166666666666 0.03333333333333333
1 0.35494791666666664 0.24814814814814815 0.0078125 0.03888888888888889
1 0.5770833333333333 0.19212962962962962 0.007291666666666667 0.03611111111111111
1 0.4041666666666667 0.2101851851851852 0.009375 0.037037037037037035
1 0.35572916666666665 0.13287037037037036 0.00625 0.03425925925925926
1 0.26119791666666664 0.24305555555555555 0.0067708333333333336 0.03981481481481482
1 0.35989583333333336 0.1648148148148148 0.009375 0.03333333333333333
1 0.28229166666666666 0.2023148148148148 0.008333333333333333 0.03611111111111111
1 0.4200520833333333 0.22407407407407406 0.008854166666666666 0.03888888888888889
1 0.2703125 0.19444444444444445 0.007291666666666667 0.040740740740740744
1 0.23255208333333333 0.1962962962962963 0.0067708333333333336 0.040740740740740744
1 0.4122395833333333 0.19583333333333333 0.008854166666666666 0.03981481481481482
1 0.5317708333333333 0.10138888888888889 0.007291666666666667 0.026851851851851852
1 0.28619791666666666 0.275 0.0078125 0.040740740740740744
2 0.41354166666666664 0.047685185185185185 0.005208333333333333 0.032407407407407406
2 0.5111979166666667 0.14074074074074075 0.005208333333333333 0.03425925925925926
1 0.5231770833333333 0.125 0.007291666666666667 0.02962962962962963
1 0.4510416666666667 0.04537037037037037 0.0046875 0.027777777777777776
1 0.2984375 0.17592592592592593 0.008333333333333333 0.03518518518518519
1 0.4005208333333333 0.1648148148148148 0.007291666666666667 0.03333333333333333
1 0.3502604166666667 0.19907407407407407 0.0078125 0.03148148148148148