1 0.5080729166666667 0.42453703703703705 0.0078125 0.04351851851851852
1 0.2635416666666667 0.3592592592592593 0.008854166666666666 0.04351851851851852
1 0.43125 0.5930555555555556 0.010416666666666666 0.04722222222222222
1 0.6807291666666667 0.2361111111111111 0.007291666666666667 0.03425925925925926
1 0.3328125 0.3282407407407407 0.007291666666666667 0.03888888888888889
1 0.47630208333333335 0.9175925925925926 0.016145833333333335 0.058333333333333334
1 0.38671875 0.5986111111111111 0.011979166666666667 0.04814814814814815
1 0.6643229166666667 0.6504629629629629 0.0140625 0.05
2 0.38671875 0.3787037037037037 0.0078125 0.040740740740740744
1 0.2604166666666667 0.4708333333333333 0.009375 0.044444444444444446
1 0.2859375 0.25787037037037036 0.0078125 0.03888888888888889
1 0.471875 0.42777777777777776 0.008333333333333333 0.046296296296296294
2 0.9799479166666667 0.736574074074074 0.01875 0.05462962962962963
1 0.6393229166666666 0.4564814814814815 0.0078125 0.04814814814814815
1 0.803125 0.39490740740740743 0.008854166666666666 0.041666666666666664
1 0.6731770833333334 0.3990740740740741 0.010416666666666666 0.04722222222222222
1 0.36328125 0.8865740740740741 0.017708333333333333 0.046296296296296294
1 0.6989583333333333 0.6476851851851851 0.011979166666666667 0.05185185185185185
1 0.5091145833333334 0.1648148148148148 0.0067708333333333336 0.03148148148148148
1 0.22415625 0.5177314814814815 0.009802083333333359 0.041990740740740655
1 0.424390625 0.2379259259259259 0.005635416666666633 0.030055555555555565
1 0.2759427083333333 0.17155555555555554 0.005989583333333334 0.03130555555555556
2 0.21078645833333332 0.13399074074074074 0.00809895833333331 0.028805555555555567
1 0.799125 0.2977222222222222 0.00845312500000001 0.03819444444444445