1 0.617578125 0.5569444444444445 0.05234375 0.125
1 0.16328125 0.8006944444444445 0.046875 0.1736111111111111
1 0.66484375 0.29583333333333334 0.0328125 0.11666666666666667
1 0.1953125 0.4666666666666667 0.0359375 0.12222222222222222
1 0.47734375 0.47638888888888886 0.0375 0.13333333333333333
1 0.234375 0.40902777777777777 0.028125 0.10138888888888889
1 0.19453125 0.36527777777777776 0.034375 0.1
1 0.71328125 0.36666666666666664 0.0359375 0.08333333333333333
1 0.452734375 0.30416666666666664 0.02890625 0.09444444444444444
1 0.723828125 0.3375 0.02109375 0.10833333333333334
1 0.5779921875 0.30709722222222224 0.03880468750000006 0.11636111111111107
1 0.49140625 0.31875 0.034375 0.10972222222222222
1 0.719140625 0.34305555555555556 0.03046875 0.10833333333333334
2 0.616796875 0.19305555555555556 0.02890625 0.09166666666666666
1 0.489453125 0.3020833333333333 0.02734375 0.12638888888888888
2 0.973828125 0.4638888888888889 0.03515625 0.14722222222222223
1 0.9911875 0.4708333333333333 0.01606249999999996 0.1361111111111111
0 0.5390625 0.3625 0.025 0.025