1 0.5700520833333333 0.4027777777777778 0.0078125 0.040740740740740744
1 0.3692708333333333 0.32592592592592595 0.008333333333333333 0.03796296296296296
1 0.6885416666666667 0.3490740740740741 0.007291666666666667 0.03981481481481482
1 0.31197916666666664 0.30462962962962964 0.008854166666666666 0.03333333333333333
1 0.5919270833333333 0.3314814814814815 0.008333333333333333 0.03518518518518519
1 0.6049479166666667 0.2388888888888889 0.007291666666666667 0.03518518518518519
2 0.4557291666666667 0.2875 0.0067708333333333336 0.03796296296296296
1 0.66328125 0.21898148148148147 0.00625 0.032407407407407406
1 0.38958333333333334 0.38287037037037036 0.008333333333333333 0.03981481481481482
1 0.43072916666666666 0.23657407407407408 0.0078125 0.03333333333333333
1 0.48854166666666665 0.3138888888888889 0.007291666666666667 0.032407407407407406
1 0.346875 0.41759259259259257 0.008854166666666666 0.044444444444444446
1 0.7044270833333334 0.32592592592592595 0.007291666666666667 0.03611111111111111
1 0.628125 0.2898148148148148 0.007291666666666667 0.03333333333333333
1 0.36484375 0.22962962962962963 0.009375 0.03611111111111111
1 0.6786458333333333 0.29259259259259257 0.007291666666666667 0.03425925925925926
1 0.47521354166666663 0.5043981481481481 0.008020833333333382 0.04634259259259255
1 0.4224947916666667 0.24168518518518517 0.008140625000000058 0.028361111111111108
1 0.5501406249999999 0.27728703703703705 0.007489583333333391 0.039361111111111104
1 0.6846197916666666 0.2784444444444445 0.006187500000000057 0.03357407407407407
1 0.7495833333333334 0.2358981481481482 0.005208333333333333 0.03531481481481483
1 0.7622812499999999 0.22924074074074077 0.011072916666666781 0.024314814814814834
2 0.160859375 0.1539814814814815 0.007161458333333333 0.030101851851851845
2 0.96546875 0.6086944444444444 0.014328125000000113 0.03878703703703713