1 0.39453125 0.8479166666666667 0.0359375 0.2013888888888889
1 0.881640625 0.40555555555555556 0.02421875 0.125
2 0.169921875 0.5069444444444444 0.04296875 0.14166666666666666
1 0.8359375 0.25763888888888886 0.021875 0.10138888888888889
1 0.93203125 0.3451388888888889 0.0375 0.11527777777777778
1 0.166796875 0.2972222222222222 0.02421875 0.1
1 0.6234375 0.23333333333333334 0.0265625 0.06944444444444445
1 0.5234375 0.2361111111111111 0.028125 0.06666666666666667
1 0.688671875 0.34930555555555554 0.02421875 0.07361111111111111
1 0.6942265625 0.38255555555555554 0.03532812500000002 0.1373472222222222
0 0.32421875 0.2833333333333333 0.0109375 0.025