1 0.35572916666666665 0.49907407407407406 0.014583333333333334 0.05
1 0.23671875 0.17314814814814813 0.007291666666666667 0.03425925925925926
1 0.5192708333333333 0.21944444444444444 0.008854166666666666 0.03981481481481482
1 0.76875 0.8092592592592592 0.015104166666666667 0.05648148148148148
1 0.8325520833333333 0.3060185185185185 0.008333333333333333 0.03888888888888889
1 0.2942708333333333 0.29814814814814816 0.0109375 0.040740740740740744
1 0.7635416666666667 0.6578703703703703 0.014583333333333334 0.04814814814814815
1 0.4473958333333333 0.29398148148148145 0.010416666666666666 0.037037037037037035
1 0.8192708333333333 0.300462962962963 0.010416666666666666 0.04259259259259259
1 0.178125 0.5995370370370371 0.013541666666666667 0.05092592592592592
1 0.6807291666666667 0.18425925925925926 0.007291666666666667 0.040740740740740744
1 0.80703125 0.41759259259259257 0.011458333333333333 0.04722222222222222
1 0.29140625 0.13518518518518519 0.0067708333333333336 0.030555555555555555
1 0.696875 0.21388888888888888 0.007291666666666667 0.03518518518518519
1 0.4270833333333333 0.28935185185185186 0.010416666666666666 0.03888888888888889
2 0.40729166666666666 0.018055555555555554 0.005729166666666666 0.023148148148148147
1 0.5192708333333333 0.056018518518518516 0.005729166666666666 0.025925925925925925
1 0.6161458333333333 0.11990740740740741 0.0067708333333333336 0.032407407407407406
1 0.15013541666666666 0.2931944444444444 0.009526041666666648 0.0481203703703704
2 0.4486458333333333 0.22457407407407404 0.008020833333333382 0.03564814814814812
1 0.4240833333333333 0.12298148148148147 0.008020833333333382 0.03742592592592594
1 0.8000416666666667 0.4348888888888889 0.007015624999999896 0.04634259259259255
0 0.2902552083333333 0.15375 0.003958333333333286 0.0066018518518518475