1 0.19791666666666666 0.34953703703703703 0.011979166666666667 0.03611111111111111
1 0.7565104166666666 0.3458333333333333 0.008854166666666666 0.04722222222222222
1 0.4171875 0.5402777777777777 0.015104166666666667 0.05277777777777778
1 0.6921875 0.5069444444444444 0.010416666666666666 0.05277777777777778
1 0.5052083333333334 0.1912037037037037 0.008333333333333333 0.030555555555555555
1 0.3098958333333333 0.38796296296296295 0.015104166666666667 0.03981481481481482
1 0.26640625 0.24212962962962964 0.008854166666666666 0.03611111111111111
1 0.0546875 0.5300925925925926 0.016145833333333335 0.04722222222222222
1 0.24348958333333334 0.3638888888888889 0.0125 0.03611111111111111
1 0.6388020833333333 0.4912037037037037 0.013541666666666667 0.05555555555555555
1 0.3171875 0.34074074074074073 0.015104166666666667 0.03148148148148148
1 0.22161458333333334 0.31527777777777777 0.010416666666666666 0.037037037037037035
1 0.29348958333333336 0.19907407407407407 0.009375 0.028703703703703703
1 0.4901041666666667 0.3055555555555556 0.011979166666666667 0.03518518518518519
1 0.23238020833333334 0.18878703703703703 0.016848958333333344 0.033138888888888905
1 0.4796875 0.2712962962962963 0.013020833333333334 0.03333333333333333
1 0.38515625 0.14351851851851852 0.011458333333333333 0.026851851851851852
1 0.715625 0.3074074074074074 0.008333333333333333 0.04259259259259259
1 0.36666666666666664 0.41898148148148145 0.015104166666666667 0.03888888888888889
2 0.4627604166666667 0.29398148148148145 0.011458333333333333 0.030555555555555555
1 0.302546875 0.26331481481481483 0.007171874999999991 0.04096296296296297
2 0.7103125 0.9411759259259259 0.019291666666666648 0.06209259259259254
2 0.45338541666666665 0.0125 0.0078125 0.025
0 0.41503125 0.3052685185185185 0.004171874999999995 0.01071296296296301
1 0.3084322916666667 0.26612962962962966 0.009734375000000028 0.0444907407407407