1 0.348828125 0.6451388888888889 0.03671875 0.14305555555555555
1 0.8859375 0.3715277777777778 0.0296875 0.10972222222222222
1 0.6640625 0.5006944444444444 0.025 0.11527777777777778
1 0.842578125 0.5833333333333334 0.02265625 0.125
1 0.282421875 0.3972222222222222 0.01953125 0.10555555555555556
1 0.877734375 0.6111111111111112 0.02265625 0.1361111111111111
2 0.435546875 0.35 0.02109375 0.09722222222222222
1 0.6140625 0.5347222222222222 0.0234375 0.11944444444444445
1 0.23125 0.39791666666666664 0.034375 0.08194444444444444
1 0.4640625 0.35694444444444445 0.01875 0.10277777777777777
1 0.633984375 0.40069444444444446 0.03046875 0.10416666666666667
1 0.69921875 0.2777777777777778 0.0171875 0.09166666666666666
1 0.27734375 0.28888888888888886 0.0125 0.08611111111111111
1 0.8078125 0.3486111111111111 0.0203125 0.10555555555555556
1 0.78125 0.33055555555555555 0.0234375 0.09166666666666666
1 0.387890625 0.20902777777777778 0.01640625 0.07361111111111111
1 0.0109375 0.4798611111111111 0.021875 0.12361111111111112