1 0.40546875 0.3101851851851852 0.007291666666666667 0.03611111111111111
1 0.3078125 0.27314814814814814 0.0078125 0.03333333333333333
1 0.3697916666666667 0.3050925925925926 0.0078125 0.037037037037037035
1 0.6119791666666666 0.46620370370370373 0.008854166666666666 0.03518518518518519
1 0.29192708333333334 0.19675925925925927 0.0067708333333333336 0.032407407407407406
1 0.4322916666666667 0.16203703703703703 0.00625 0.02962962962962963
1 0.41380208333333335 0.5388888888888889 0.0109375 0.04537037037037037
1 0.3299479166666667 0.45787037037037037 0.008333333333333333 0.046296296296296294
1 0.3614583333333333 0.17546296296296296 0.0067708333333333336 0.027777777777777776
1 0.5791666666666667 0.5064814814814815 0.008333333333333333 0.046296296296296294
1 0.23567708333333334 0.19907407407407407 0.0067708333333333336 0.028703703703703703
1 0.5856770833333333 0.15555555555555556 0.005729166666666666 0.028703703703703703
1 0.33515625 0.26666666666666666 0.0078125 0.03518518518518519
2 0.9044270833333333 0.8652777777777778 0.021354166666666667 0.04814814814814815
1 0.5158854166666667 0.175 0.0067708333333333336 0.02962962962962963
1 0.5531822916666667 0.277537037037037 0.007109375000000047 0.03732407407407402
1 0.47749479166666664 0.16797222222222222 0.0067708333333333336 0.03250925925925927
1 0.5159270833333334 0.13636111111111113 0.009145833333333304 0.029500000000000012
1 0.5491145833333333 0.1610462962962963 0.007109375000000047 0.027092592592592585
1 0.5782395833333334 0.11739814814814815 0.006432291666666619 0.02769444444444444
1 0.6596822916666666 0.2781388888888889 0.014223958333333305 0.03732407407407402
1 0.7768541666666666 0.16977777777777778 0.00880729166666659 0.03250925925925927
0 0.7714375 0.18181481481481482 0.004062500000000095 0.007222222222222233
2 0.461578125 0.236 0.0067708333333333336 0.03250925925925927
2 0.25229166666666664 0.1306388888888889 0.0067708333333333336 0.030101851851851845