1 0.812109375 0.6125 0.03671875 0.15833333333333333
1 0.114453125 0.41805555555555557 0.02578125 0.13333333333333333
1 0.2453125 0.3729166666666667 0.021875 0.11805555555555555
1 0.190234375 0.9347222222222222 0.03984375 0.13055555555555556
1 0.29296875 0.575 0.028125 0.15555555555555556
1 0.321484375 0.4986111111111111 0.03046875 0.14444444444444443
1 0.2328125 0.6569444444444444 0.0375 0.1527777777777778
1 0.235546875 0.2916666666666667 0.01953125 0.10277777777777777
1 0.665625 0.25625 0.021875 0.09861111111111111
1 0.738453125 0.3334166666666667 0.030031250000000044 0.11959722222222224
1 0.3203125 0.47291666666666665 0.0296875 0.09305555555555556
0 0.7046875 0.38055555555555554 0.0109375 0.019444444444444445