1 0.31979166666666664 0.26064814814814813 0.011458333333333333 0.030555555555555555
1 0.7333333333333333 0.2490740740740741 0.009375 0.032407407407407406
1 0.28854166666666664 0.7444444444444445 0.015625 0.05555555555555555
1 0.6908854166666667 0.3199074074074074 0.011979166666666667 0.03518518518518519
1 0.37135416666666665 0.29907407407407405 0.011458333333333333 0.03796296296296296
1 0.6049479166666667 0.46805555555555556 0.016666666666666666 0.04722222222222222
1 0.35520833333333335 0.20879629629629629 0.008854166666666666 0.03148148148148148
1 0.11875 0.5393518518518519 0.013541666666666667 0.044444444444444446
1 0.284375 0.262037037037037 0.0109375 0.03148148148148148
1 0.04895833333333333 0.562962962962963 0.018229166666666668 0.046296296296296294
1 0.5372395833333333 0.2550925925925926 0.0109375 0.037037037037037035
1 0.21536458333333333 0.3472222222222222 0.0125 0.037037037037037035
1 0.759375 0.47638888888888886 0.01875 0.04814814814814815
1 0.6046875 0.7273148148148149 0.017708333333333333 0.046296296296296294
2 0.44505208333333335 0.08518518518518518 0.0078125 0.025925925925925925
1 0.659375 0.17546296296296296 0.008333333333333333 0.028703703703703703
2 0.47317708333333336 0.3912037037037037 0.011458333333333333 0.041666666666666664
1 0.2755208333333333 0.412962962962963 0.014583333333333334 0.041666666666666664
1 0.8122395833333333 0.3347222222222222 0.0125 0.037037037037037035
1 0.15416666666666667 0.26944444444444443 0.011458333333333333 0.03148148148148148
1 0.5776041666666667 0.2625 0.008854166666666666 0.03425925925925926