1 0.07578125 0.6673611111111111 0.040625 0.15694444444444444
1 0.71328125 0.6069444444444444 0.025 0.15
1 0.789453125 0.6166666666666667 0.03046875 0.15
1 0.5546875 0.5097222222222222 0.0375 0.1361111111111111
1 0.509375 0.6048611111111111 0.028125 0.15416666666666667
1 0.529296875 0.38958333333333334 0.02890625 0.12916666666666668
1 0.343359375 0.6208333333333333 0.02734375 0.14166666666666666
1 0.433203125 0.5201388888888889 0.03359375 0.12638888888888888
1 0.4171875 0.33055555555555555 0.021875 0.09166666666666666
1 0.38515625 0.4673611111111111 0.021875 0.12638888888888888
1 0.23828125 0.3076388888888889 0.0296875 0.09305555555555556
2 0.027734375 0.5027777777777778 0.03046875 0.14166666666666666
1 0.38667187500000005 0.36327777777777776 0.027343750000000045 0.08333333333333333
1 0.592578125 0.34791666666666665 0.02734375 0.09027777777777778
1 0.048828125 0.4409722222222222 0.02734375 0.12083333333333333
1 0.047265625 0.4722222222222222 0.02265625 0.09444444444444444
1 0.592578125 0.3486111111111111 0.02734375 0.09166666666666666
1 0.3901875 0.3888888888888889 0.01996875 0.08950000000000004