1 0.04453125 0.31157407407407406 0.010416666666666666 0.03333333333333333
1 0.42161458333333335 0.3537037037037037 0.009375 0.046296296296296294
1 0.21458333333333332 0.6449074074074074 0.015625 0.05648148148148148
1 0.34661458333333334 0.21944444444444444 0.008854166666666666 0.03518518518518519
1 0.65703125 0.2351851851851852 0.007291666666666667 0.037037037037037035
1 0.13098958333333333 0.836574074074074 0.018229166666666668 0.05277777777777778
1 0.3125 0.29814814814814816 0.009895833333333333 0.03981481481481482
1 0.3619791666666667 0.15462962962962962 0.0067708333333333336 0.028703703703703703
1 0.246875 0.3435185185185185 0.010416666666666666 0.040740740740740744
1 0.4546875 0.5106481481481482 0.009895833333333333 0.041666666666666664
1 0.46015625 0.5421296296296296 0.010416666666666666 0.044444444444444446
1 0.5716145833333334 0.7282407407407407 0.016145833333333335 0.058333333333333334
1 0.74765625 0.5157407407407407 0.0140625 0.03981481481481482
1 0.22890625 0.5731481481481482 0.013541666666666667 0.05185185185185185
1 0.55625 0.6268518518518519 0.0109375 0.05740740740740741
1 0.559375 0.3787037037037037 0.008854166666666666 0.044444444444444446
1 0.2375 0.7245370370370371 0.016666666666666666 0.05277777777777778
2 0.365625 0.3685185185185185 0.009895833333333333 0.04351851851851852
1 0.2526041666666667 0.38935185185185184 0.013020833333333334 0.041666666666666664
1 0.31640625 0.2962962962962963 0.010416666666666666 0.03981481481481482
1 0.9872395833333333 0.46064814814814814 0.0203125 0.04259259259259259
1 0.399078125 0.2836018518518519 0.006776041666666662 0.03150925925925924
1 0.44912500000000005 0.2182685185185185 0.006776041666666662 0.03243518518518521
1 0.49135416666666665 0.12048148148148148 0.0057343749999999956 0.027805555555555545
0 0.7318697916666667 0.5248611111111111 0.008567708333333238 0.015231481481481523
2 0.3530833333333333 0.10245370370370371 0.005999999999999991 0.025138888888888895
2 0.79609375 0.9763888888888889 0.0203125 0.04722222222222222