1 0.4317708333333333 0.20046296296296295 0.00625 0.032407407407407406
1 0.4544270833333333 0.4152777777777778 0.0078125 0.046296296296296294
1 0.35572916666666665 0.24953703703703703 0.008333333333333333 0.03796296296296296
1 0.35520833333333335 0.2828703703703704 0.0078125 0.03425925925925926
1 0.13776041666666666 0.5736111111111111 0.013541666666666667 0.053703703703703705
1 0.2526041666666667 0.35555555555555557 0.010416666666666666 0.040740740740740744
1 0.5783854166666667 0.23425925925925925 0.0078125 0.03333333333333333
1 0.521875 0.3037037037037037 0.008333333333333333 0.03518518518518519
1 0.3078125 0.39675925925925926 0.011458333333333333 0.04351851851851852
1 0.171875 0.4828703703703704 0.0109375 0.04351851851851852
1 0.05963541666666667 0.8837962962962963 0.015104166666666667 0.04537037037037037
1 0.2078125 0.5777777777777777 0.013020833333333334 0.053703703703703705
1 0.3296875 0.4050925925925926 0.0078125 0.03518518518518519
1 0.4622395833333333 0.125 0.005729166666666666 0.024074074074074074
2 0.371875 0.30092592592592593 0.008333333333333333 0.03611111111111111
1 0.32317708333333334 0.4217592592592593 0.010416666666666666 0.03518518518518519
1 0.484375 0.27361111111111114 0.0078125 0.03518518518518519
1 0.21145833333333333 0.37037037037037035 0.008333333333333333 0.03981481481481482
2 0.7096354166666666 0.9555555555555556 0.017708333333333333 0.05092592592592592
1 0.6250052083333333 0.43334259259259256 0.0078125 0.044444444444444446
1 0.24893749999999998 0.29333333333333333 0.00781770833333333 0.04170370370370367
1 0.275 0.21594444444444444 0.008864583333333323 0.03707407407407409
2 0.2763072916666667 0.11724074074074074 0.009385416666666656 0.02873148148148147
1 0.2992447916666666 0.15338888888888888 0.00834374999999999 0.028731481481481507
0 0.54375 0.2734074074074074 0.007296875000000114 0.011120370370370362
1 0.8737499999999999 0.3591388888888889 0.00834374999999999 0.03985185185185182