1 0.26015625 0.5118055555555555 0.0421875 0.12361111111111112
1 0.56484375 0.28541666666666665 0.021875 0.09305555555555556
2 0.017578125 0.3840277777777778 0.03203125 0.11805555555555555
1 0.88984375 0.5881944444444445 0.025 0.14583333333333334
1 0.64140625 0.34791666666666665 0.0234375 0.09861111111111111
1 0.174609375 0.4861111111111111 0.02734375 0.13055555555555556
1 0.47890625 0.25277777777777777 0.0203125 0.09166666666666666
1 0.369140625 0.30486111111111114 0.01640625 0.09305555555555556
1 0.05625 0.17777777777777778 0.015625 0.07777777777777778
1 0.773828125 0.2423611111111111 0.01796875 0.09305555555555556
1 0.951171875 0.38958333333333334 0.01796875 0.11805555555555555
1 0.10078125 0.31527777777777777 0.0171875 0.1
1 0.4625 0.35625 0.0296875 0.1125
1 0.11640625 0.28888888888888886 0.01875 0.10277777777777777
0 0.627734375 0.3875 0.01015625 0.016666666666666666