1 0.38046875 0.3819444444444444 0.010416666666666666 0.044444444444444446
1 0.7166666666666667 0.2902777777777778 0.013020833333333334 0.03148148148148148
1 0.7138020833333333 0.20833333333333334 0.011458333333333333 0.03148148148148148
1 0.5536458333333333 0.2064814814814815 0.0109375 0.030555555555555555
1 0.34609375 0.5537037037037037 0.01875 0.046296296296296294
1 0.615625 0.1875 0.010416666666666666 0.03333333333333333
1 0.06015625 0.42824074074074076 0.021354166666666667 0.02962962962962963
1 0.43802083333333336 0.1986111111111111 0.009895833333333333 0.03148148148148148
1 0.8372395833333334 0.24537037037037038 0.0125 0.026851851851851852
1 0.28541666666666665 0.35555555555555557 0.010416666666666666 0.04259259259259259
1 0.5635416666666667 0.17175925925925925 0.010416666666666666 0.030555555555555555
1 0.38385416666666666 0.2847222222222222 0.009895833333333333 0.032407407407407406
1 0.6476979166666667 0.15962037037037036 0.014760416666666743 0.03251851851851852
1 0.5354166666666667 0.13287037037037036 0.009375 0.025925925925925925
1 0.32447916666666665 0.39305555555555555 0.013020833333333334 0.04537037037037037
1 0.76171875 0.31805555555555554 0.0140625 0.030555555555555555
1 0.5466145833333333 0.287962962962963 0.011458333333333333 0.03425925925925926
1 0.3015625 0.3597222222222222 0.014583333333333334 0.040740740740740744
2 0.15807291666666667 0.07824074074074074 0.007291666666666667 0.025
0 0.81640625 0.3296296296296296 0.008854166666666666 0.01574074074074074
2 0.24739583333333334 0.36018518518518516 0.009375 0.04259259259259259
1 0.27552604166666667 0.288787037037037 0.010661458333333347 0.04201851851851852
1 0.25218229166666667 0.25984259259259257 0.007416666666666671 0.028009259259259258
1 0.25258854166666667 0.23852777777777778 0.010197916666666688 0.028833333333333322
2 0.966578125 0.7152777777777778 0.02517187499999996 0.041666666666666664