1 0.28828125 0.4787037037037037 0.009895833333333333 0.04537037037037037
1 0.61953125 0.29814814814814816 0.008854166666666666 0.037037037037037035
1 0.47213541666666664 0.575462962962963 0.011979166666666667 0.04537037037037037
1 0.6057291666666667 0.44166666666666665 0.011979166666666667 0.046296296296296294
1 0.08411458333333334 0.4375 0.009375 0.03518518518518519
1 0.47109375 0.35648148148148145 0.007291666666666667 0.040740740740740744
2 0.44453125 0.07407407407407407 0.00625 0.025925925925925925
1 0.49114583333333334 0.23703703703703705 0.008854166666666666 0.03148148148148148
1 0.6036458333333333 0.2212962962962963 0.0067708333333333336 0.03333333333333333
1 0.32864583333333336 0.3037037037037037 0.007291666666666667 0.032407407407407406
2 0.44583333333333336 0.38287037037037036 0.008333333333333333 0.03796296296296296
1 0.33307291666666666 0.2569444444444444 0.00625 0.03425925925925926
1 0.3619427083333333 0.2529074074074074 0.009223958333333353 0.027527777777777793
1 0.43828125 0.5898148148148148 0.009895833333333333 0.04722222222222222
1 0.453125 0.20277777777777778 0.008333333333333333 0.03148148148148148
1 0.5934895833333333 0.10092592592592593 0.005729166666666666 0.025925925925925925
1 0.7018229166666666 0.3333333333333333 0.010416666666666666 0.041666666666666664
1 0.156640625 0.3339259259259259 0.020052083333333335 0.034064814814814784
1 0.25980729166666666 0.27649074074074076 0.00891145833333334 0.03961111111111108
1 0.27830208333333334 0.2832222222222222 0.009359375000000014 0.038824074074074025
1 0.2707239583333333 0.2531203703703704 0.008468749999999995 0.029314814814814787
1 0.26381770833333335 0.22380555555555556 0.007130208333333362 0.02931481481481484
1 0.36475520833333336 0.23727777777777778 0.004901041666666709 0.02138888888888891
0 0.5055729166666667 0.19410185185185186 0.006682291666666629 0.009509259259259242
1 0.6497395833333334 0.320462962962963 0.009802083333333418 0.04040740740740739