1 0.41796875 0.31203703703703706 0.009895833333333333 0.03611111111111111
1 0.16666666666666666 0.32037037037037036 0.011458333333333333 0.04351851851851852
1 0.21848958333333332 0.39305555555555555 0.011458333333333333 0.04259259259259259
1 0.2203125 0.2222222222222222 0.010416666666666666 0.032407407407407406
1 0.6661458333333333 0.34074074074074073 0.009375 0.03888888888888889
1 0.29583333333333334 0.37222222222222223 0.0109375 0.04722222222222222
1 0.38697916666666665 0.21944444444444444 0.008854166666666666 0.03425925925925926
1 0.340625 0.29074074074074074 0.009895833333333333 0.03518518518518519
1 0.46119791666666665 0.5407407407407407 0.011458333333333333 0.04814814814814815
1 0.378125 0.36944444444444446 0.009375 0.03981481481481482
2 0.1890625 0.44675925925925924 0.0140625 0.040740740740740744
1 0.7158854166666667 0.19722222222222222 0.008333333333333333 0.03148148148148148
1 0.2171875 0.49722222222222223 0.015625 0.040740740740740744
1 0.499609375 0.12741666666666668 0.007291666666666667 0.029740740740740745
1 0.24010416666666667 0.3189814814814815 0.009375 0.03981481481481482
1 0.6021666666666667 0.2979537037037037 0.0125 0.037037037037037035
1 0.24791666666666667 0.21342592592592594 0.011458333333333333 0.03148148148148148
1 0.6213541666666667 0.13240740740740742 0.007291666666666667 0.025925925925925925
1 0.60703125 0.27824074074074073 0.009895833333333333 0.030555555555555555
1 0.7730520833333333 0.2603611111111111 0.011125000000000067 0.032953703703703735
1 0.3774895833333333 0.2154537037037037 0.005098958333333315 0.03872222222222221
2 0.038234375 0.14830555555555555 0.010661458333333334 0.03295370370370368