1 0.48098958333333336 0.4101851851851852 0.015625 0.04259259259259259
1 0.27890625 0.38564814814814813 0.0125 0.03888888888888889
1 0.6682291666666667 0.1638888888888889 0.0078125 0.028703703703703703
1 0.5723958333333333 0.48009259259259257 0.0109375 0.044444444444444446
1 0.40390625 0.18287037037037038 0.009375 0.03518518518518519
1 0.7322916666666667 0.3199074074074074 0.009375 0.03888888888888889
1 0.36744791666666665 0.2162037037037037 0.008333333333333333 0.03425925925925926
1 0.3294270833333333 0.3435185185185185 0.0125 0.040740740740740744
1 0.52109375 0.16296296296296298 0.007291666666666667 0.026851851851851852
1 0.36223958333333334 0.2439814814814815 0.008854166666666666 0.02962962962962963
1 0.428125 0.27685185185185185 0.008333333333333333 0.03425925925925926
1 0.61875 0.13148148148148148 0.00625 0.025
1 0.44192708333333336 0.2611111111111111 0.009895833333333333 0.037037037037037035
1 0.19036458333333334 0.23287037037037037 0.009375 0.03611111111111111
2 0.42942708333333335 0.08148148148148149 0.007291666666666667 0.025925925925925925
1 0.5817708333333333 0.11342592592592593 0.005729166666666666 0.027777777777777776
1 0.6609375 0.16666666666666666 0.007291666666666667 0.02962962962962963
2 0.49832812499999996 0.2851388888888889 0.011458333333333333 0.03148148148148148
1 0.7296875 0.12685185185185185 0.0067708333333333336 0.026851851851851852
2 0.16770833333333332 0.16157407407407406 0.009895833333333333 0.024074074074074074
1 0.5245624999999999 0.1794074074074074 0.008124999999999953 0.030101851851851845
1 0.5357395833333333 0.10505555555555555 0.010161458333333389 0.025888888888888895
1 0.5978802083333333 0.11920370370370371 0.006432291666666619 0.022879629629629625
1 0.5843333333333334 0.13967592592592593 0.009822916666666733 0.026490740740740752
1 0.6136302083333334 0.1360648148148148 0.00880729166666659 0.014444444444444466