1 0.68125 0.31527777777777777 0.009895833333333333 0.03981481481481482
1 0.2794270833333333 0.39537037037037037 0.0125 0.03888888888888889
1 0.61640625 0.8675925925925926 0.0140625 0.05925925925925926
1 0.7432291666666667 0.5643518518518519 0.011979166666666667 0.05277777777777778
1 0.4171875 0.2953703703703704 0.009895833333333333 0.03611111111111111
1 0.4822916666666667 0.562962962962963 0.011458333333333333 0.040740740740740744
1 0.3932291666666667 0.29814814814814816 0.008333333333333333 0.037037037037037035
1 0.9770833333333333 0.38333333333333336 0.011979166666666667 0.041666666666666664
1 0.44192708333333336 0.612037037037037 0.013541666666666667 0.03796296296296296
1 0.4640625 0.4041666666666667 0.008333333333333333 0.041666666666666664
1 0.30703125 0.836574074074074 0.013541666666666667 0.05185185185185185
1 0.20182291666666666 0.475462962962963 0.0125 0.041666666666666664
1 0.47994791666666664 0.39675925925925926 0.008333333333333333 0.04259259259259259
1 0.40963541666666664 0.19490740740740742 0.008854166666666666 0.03148148148148148
1 0.4153645833333333 0.7953703703703704 0.014583333333333334 0.04722222222222222
1 0.2591145833333333 0.3560185185185185 0.009375 0.03888888888888889
2 0.30546875 0.11851851851851852 0.007291666666666667 0.032407407407407406
1 0.34739583333333335 0.36574074074074076 0.008854166666666666 0.040740740740740744
1 0.296875 0.26481481481481484 0.008333333333333333 0.037037037037037035
2 0.87265625 0.9560185185185185 0.01875 0.05
1 0.35078125 0.5828703703703704 0.0140625 0.04814814814814815
1 0.33035416666666667 0.8846666666666667 0.026859374999999967 0.05636111111111101
1 0.5401041666666667 0.1712962962962963 0.0067708333333333336 0.030555555555555555
0 0.3537239583333333 0.895462962962963 0.012427083333333281 0.015999999999999976
2 0.38543229166666665 0.45630555555555563 0.008140625000000058 0.03961111111111114