1 0.8799479166666667 0.3509259259259259 0.010416666666666666 0.04259259259259259
1 0.35703125 0.3439814814814815 0.0078125 0.03981481481481482
1 0.4953125 0.2722222222222222 0.007291666666666667 0.037037037037037035
1 0.31276041666666665 0.16296296296296298 0.007291666666666667 0.03148148148148148
1 0.10546875 0.5791666666666667 0.015625 0.05277777777777778
1 0.35833333333333334 0.2861111111111111 0.0078125 0.03888888888888889
1 0.28151041666666665 0.20925925925925926 0.008333333333333333 0.03611111111111111
1 0.31796875 0.4013888888888889 0.010416666666666666 0.04537037037037037
1 0.334375 0.42407407407407405 0.009375 0.040740740740740744
1 0.20807291666666666 0.3509259259259259 0.008854166666666666 0.04259259259259259
1 0.5291666666666667 0.2972222222222222 0.0067708333333333336 0.03611111111111111
1 0.13229166666666667 0.49212962962962964 0.011458333333333333 0.04722222222222222
1 0.48932291666666666 0.13148148148148148 0.005208333333333333 0.02962962962962963
1 0.5609375 0.5370370370370371 0.009375 0.04351851851851852
1 0.24114583333333334 0.5671296296296297 0.0140625 0.05277777777777778
1 0.08567708333333333 0.8523148148148149 0.01875 0.05277777777777778
2 0.7635416666666667 0.9444444444444444 0.018229166666666668 0.04351851851851852
1 0.24791666666666667 0.2712962962962963 0.009895833333333333 0.03796296296296296
1 0.44865625 0.41832407407407407 0.009218750000000024 0.04048148148148151
1 0.39769270833333337 0.24675 0.0070468749999999854 0.03276851851851851
2 0.472515625 0.27374074074074073 0.008130208333333281 0.030842592592592543
1 0.45977083333333335 0.23325925925925925 0.007588541666666633 0.03662962962962963
1 0.6099583333333333 0.23325925925925922 0.00650520833333322 0.034703703703703695
2 0.2759739583333333 0.11277777777777777 0.007588541666666633 0.026990740740740746