1 0.921875 0.2152777777777778 0.028125 0.09444444444444444
1 0.23828125 0.8104166666666667 0.0515625 0.1763888888888889
1 0.841796875 0.2861111111111111 0.02109375 0.11666666666666667
1 0.60859375 0.49444444444444446 0.0234375 0.12222222222222222
1 0.35703125 0.2902777777777778 0.0390625 0.1
1 0.76484375 0.28888888888888886 0.0234375 0.11944444444444445
1 0.078125 0.4583333333333333 0.0375 0.14444444444444443
2 0.796875 0.11805555555555555 0.0203125 0.07777777777777778
2 0.7046875 0.18333333333333332 0.015625 0.08888888888888889
1 0.7046875 0.18333333333333332 0.015625 0.08888888888888889
0 0.3890625 0.3104166666666667 0.0125 0.020833333333333332