1 0.5546875 0.22268518518518518 0.008333333333333333 0.03333333333333333
1 0.5171875 0.2884259259259259 0.008333333333333333 0.03333333333333333
1 0.8294270833333334 0.25601851851851853 0.009375 0.03333333333333333
1 0.8861979166666667 0.4027777777777778 0.011458333333333333 0.03796296296296296
1 0.5291666666666667 0.4 0.008854166666666666 0.04259259259259259
1 0.8041041666666667 0.4029074074074074 0.0109375 0.037037037037037035
1 0.7791666666666667 0.35185185185185186 0.009375 0.032407407407407406
1 0.6197916666666666 0.2361111111111111 0.007291666666666667 0.03425925925925926
1 0.93984375 0.30462962962962964 0.011458333333333333 0.037037037037037035
1 0.7838541666666666 0.33287037037037037 0.009375 0.032407407407407406
1 0.95859375 0.28379629629629627 0.0140625 0.032407407407407406
1 0.8276041666666667 0.387037037037037 0.010416666666666666 0.03796296296296296
1 0.6239583333333333 0.34074074074074073 0.013020833333333334 0.03981481481481482
1 0.6481770833333333 0.37824074074074077 0.0109375 0.03981481481481482
1 0.6421875 0.30416666666666664 0.008854166666666666 0.032407407407407406
1 0.8511302083333334 0.3725925925925926 0.00877604166666662 0.04117592592592595
2 0.37864583333333335 0.11574074074074074 0.007291666666666667 0.026851851851851852
1 0.574828125 0.5204351851851853 0.009140625000000095 0.046731481481481506
2 0.6468697916666667 0.2987314814814815 0.007093749999999943 0.035388888888888914
1 0.6492708333333332 0.2674166666666667 0.009151041666666752 0.029694444444444492
1 0.7866510416666667 0.2759537037037037 0.010749999999999933 0.02643518518518514
1 0.8621510416666667 0.3695 0.005718750000000009 0.036194444444444474
1 0.874390625 0.3690925925925926 0.008234374999999971 0.04026851851851853
0 0.9497708333333333 0.27941666666666665 0.0034322916666667423 0.009759259259259226