1 0.10390625 0.4310185185185185 0.013541666666666667 0.046296296296296294
1 0.35572916666666665 0.6287037037037037 0.016666666666666666 0.05
1 0.4171875 0.2935185185185185 0.008333333333333333 0.03425925925925926
1 0.096875 0.30833333333333335 0.013020833333333334 0.03981481481481482
1 0.28463541666666664 0.4222222222222222 0.009895833333333333 0.037037037037037035
1 0.1375 0.2439814814814815 0.011458333333333333 0.03425925925925926
1 0.5309895833333333 0.3597222222222222 0.008854166666666666 0.03611111111111111
1 0.1875 0.3287037037037037 0.011458333333333333 0.03796296296296296
1 0.61484375 0.4023148148148148 0.009895833333333333 0.040740740740740744
1 0.5083333333333333 0.30648148148148147 0.0078125 0.03518518518518519
1 0.30182291666666666 0.2569444444444444 0.011458333333333333 0.03611111111111111
1 0.078125 0.5537037037037037 0.01875 0.05
1 0.2390625 0.3 0.010416666666666666 0.03518518518518519
1 0.11588541666666667 0.2449074074074074 0.011458333333333333 0.03333333333333333
1 0.32135416666666666 0.23472222222222222 0.011979166666666667 0.03611111111111111
1 0.5888020833333333 0.13518518518518519 0.005729166666666666 0.028703703703703703
1 0.23984375 0.4009259259259259 0.0109375 0.041666666666666664
1 0.23098958333333333 0.30185185185185187 0.008854166666666666 0.03333333333333333
1 0.6493854166666666 0.1851111111111111 0.008140625000000058 0.0411388888888889
1 0.7353020833333334 0.24910185185185182 0.010286458333333333 0.04265740740740743
0 0.6123229166666667 0.16987962962962963 0.004286458333333343 0.013712962962962965
1 0.439421875 0.1058888888888889 0.006427083333333291 0.03199074074074072