1 0.876171875 0.53125 0.03359375 0.13194444444444445
1 0.641015625 0.19652777777777777 0.01640625 0.08472222222222223
1 0.340234375 0.36736111111111114 0.02109375 0.10416666666666667
2 0.676953125 0.2951388888888889 0.01953125 0.09027777777777778
1 0.198828125 0.23194444444444445 0.01796875 0.09722222222222222
1 0.916796875 0.22777777777777777 0.01796875 0.08611111111111111
1 0.645703125 0.5159722222222223 0.05546875 0.10138888888888889
1 0.779296875 0.26458333333333334 0.01953125 0.08472222222222223
1 0.163671875 0.2326388888888889 0.01953125 0.09027777777777778
1 0.512890625 0.5923611111111111 0.03828125 0.0875
1 0.45 0.17152777777777778 0.0140625 0.0763888888888889
1 0.93359375 0.16666666666666666 0.0171875 0.07222222222222222
1 0.987109375 0.12777777777777777 0.01328125 0.06666666666666667
1 0.48125 0.6576388888888889 0.0296875 0.11527777777777778
1 0.465625 0.6770833333333334 0.0328125 0.1125
1 0.434375 0.3736111111111111 0.040625 0.1
2 0.325390625 0.06527777777777778 0.01484375 0.06944444444444445
1 0.159765625 0.16111111111111112 0.01484375 0.06944444444444445
1 0.566015625 0.6569444444444444 0.03203125 0.11944444444444445