1 0.48125 0.3421296296296296 0.007291666666666667 0.037037037037037035
2 0.42994791666666665 0.3101851851851852 0.0078125 0.03518518518518519
1 0.44453125 0.2263888888888889 0.0067708333333333336 0.03425925925925926
1 0.36875 0.23055555555555557 0.007291666666666667 0.03518518518518519
1 0.6450520833333333 0.2013888888888889 0.005729166666666666 0.02962962962962963
1 0.28046875 0.4425925925925926 0.010416666666666666 0.041666666666666664
1 0.26927083333333335 0.3388888888888889 0.009895833333333333 0.040740740740740744
1 0.46197916666666666 0.34444444444444444 0.0078125 0.03888888888888889
1 0.39557291666666666 0.25555555555555554 0.0078125 0.03333333333333333
1 0.321875 0.4388888888888889 0.008854166666666666 0.044444444444444446
1 0.284375 0.32546296296296295 0.009895833333333333 0.032407407407407406
1 0.6044270833333333 0.20833333333333334 0.0067708333333333336 0.03148148148148148
1 0.528125 0.25092592592592594 0.0078125 0.03333333333333333
2 0.12942708333333333 0.1763888888888889 0.0078125 0.026851851851851852
1 0.64140625 0.27685185185185185 0.0067708333333333336 0.03333333333333333
1 0.5046875 0.4847222222222222 0.008333333333333333 0.04722222222222222
1 0.628125 0.25925925925925924 0.0078125 0.03518518518518519
1 0.7283854166666667 0.3060185185185185 0.007291666666666667 0.03796296296296296
1 0.5111979166666667 0.5009259259259259 0.008854166666666666 0.046296296296296294
1 0.7161458333333334 0.23935185185185184 0.0078125 0.03333333333333333
1 0.746875 0.28564814814814815 0.0078125 0.040740740740740744
2 0.9880208333333333 0.5481481481481482 0.015104166666666667 0.03518518518518519
1 0.6486822916666667 0.3516296296296296 0.008057291666666562 0.03646296296296296
1 0.6732239583333333 0.25069444444444444 0.008791666666666724 0.03125925925925925
0 0.73 0.24679629629629632 0.005130208333333286 0.010416666666666666