2 0.641796875 0.33819444444444446 0.03828125 0.10138888888888889
1 0.564453125 0.5083333333333333 0.04296875 0.12222222222222222
1 0.6984375 0.6722222222222223 0.0546875 0.15
1 0.8515625 0.73125 0.046875 0.14305555555555555
1 0.570703125 0.24305555555555555 0.03046875 0.08611111111111111
1 0.03671875 0.5833333333333334 0.04375 0.125
1 0.683203125 0.3159722222222222 0.02265625 0.10138888888888889
1 0.976953125 0.5055555555555555 0.03515625 0.1361111111111111
1 0.469140625 0.24791666666666667 0.03203125 0.07916666666666666
1 0.662890625 0.1375 0.01953125 0.05555555555555555
1 0.76171875 0.2361111111111111 0.025 0.08333333333333333
1 0.249609375 0.41597222222222224 0.03359375 0.09861111111111111
1 0.55 0.18611111111111112 0.01875 0.06944444444444445
2 0.55625 0.09375 0.015625 0.0625
1 0.932421875 0.22847222222222222 0.01953125 0.07361111111111111
0 0.260546875 0.36875 0.01484375 0.02361111111111111
0 0.75546875 0.26805555555555555 0.0109375 0.019444444444444445