1 0.362890625 0.5555555555555556 0.03828125 0.12222222222222222
1 0.759375 0.3861111111111111 0.0359375 0.11666666666666667
1 0.88046875 0.5125 0.028125 0.11944444444444445
1 0.366015625 0.25972222222222224 0.02109375 0.08333333333333333
1 0.766796875 0.2513888888888889 0.02265625 0.08611111111111111
1 0.921484375 0.5006944444444444 0.02734375 0.12916666666666668
1 0.45390625 0.35 0.0234375 0.08333333333333333
1 0.69765625 0.30486111111111114 0.021875 0.09861111111111111
1 0.560546875 0.1673611111111111 0.01953125 0.06527777777777778
1 0.0859375 0.25625 0.025 0.09583333333333334
1 0.437890625 0.5097222222222222 0.04140625 0.10833333333333334
1 0.85546875 0.3111111111111111 0.0234375 0.1
1 0.86015625 0.40069444444444446 0.0265625 0.09861111111111111
1 0.383984375 0.37083333333333335 0.02578125 0.08333333333333333
2 0.603125 0.3159722222222222 0.01875 0.09583333333333334
1 0.61484375 0.2847222222222222 0.0171875 0.09166666666666666
1 0.99609375 0.3784722222222222 0.0078125 0.06805555555555555
0 0.305859375 0.5819444444444445 0.01796875 0.025