1 0.4817708333333333 0.24074074074074073 0.007291666666666667 0.03518518518518519
1 0.6432291666666666 0.33796296296296297 0.008333333333333333 0.041666666666666664
1 0.43671875 0.3527777777777778 0.008854166666666666 0.040740740740740744
1 0.7544270833333333 0.24444444444444444 0.0067708333333333336 0.032407407407407406
1 0.5440104166666667 0.31851851851851853 0.007291666666666667 0.03518518518518519
1 0.6059895833333333 0.287962962962963 0.008333333333333333 0.03796296296296296
2 0.5177083333333333 0.2884259259259259 0.007291666666666667 0.037037037037037035
1 0.6591145833333333 0.44166666666666665 0.0078125 0.046296296296296294
1 0.6190104166666667 0.27361111111111114 0.007291666666666667 0.03518518518518519
1 0.46171875 0.125 0.005729166666666666 0.023148148148148147
1 0.6033854166666667 0.3523148148148148 0.0078125 0.037037037037037035
1 0.6114583333333333 0.24722222222222223 0.007291666666666667 0.03333333333333333
1 0.32317708333333334 0.4361111111111111 0.011458333333333333 0.04537037037037037
2 0.9111979166666667 0.7143518518518519 0.017708333333333333 0.044444444444444446
2 0.22942708333333334 0.1449074074074074 0.007291666666666667 0.030555555555555555
1 0.5283854166666667 0.25833333333333336 0.007291666666666667 0.03796296296296296
1 0.6895833333333333 0.49675925925925923 0.009375 0.04351851851851852
1 0.4583333333333333 0.23148148148148148 0.0067708333333333336 0.03518518518518519
1 0.45546875 0.10462962962962963 0.0046875 0.023148148148148147
1 0.38515625 0.27824074074074073 0.008854166666666666 0.03611111111111111
1 0.45147395833333337 0.22171296296296295 0.012697916666666724 0.030101851851851845
1 0.5107395833333334 0.2350277777777778 0.007489583333333391 0.03588888888888891
1 0.525390625 0.15426851851851853 0.008140625000000058 0.026046296296296293
0 0.39432812500000003 0.24718518518518517 0.004557291666666667 0.008101851851851851