1 0.37161458333333336 0.5708333333333333 0.0125 0.05092592592592592
1 0.7916666666666666 0.3416666666666667 0.010416666666666666 0.04351851851851852
1 0.6921875 0.2 0.007291666666666667 0.03425925925925926
1 0.7111979166666667 0.6537037037037037 0.0109375 0.05555555555555555
1 0.49635416666666665 0.36712962962962964 0.009895833333333333 0.04351851851851852
1 0.4125 0.26342592592592595 0.009895833333333333 0.040740740740740744
1 0.46822916666666664 0.11944444444444445 0.008854166666666666 0.03148148148148148
1 0.7700520833333333 0.3439814814814815 0.009375 0.044444444444444446
1 0.15677083333333333 0.4162037037037037 0.014583333333333334 0.046296296296296294
1 0.328125 0.3055555555555556 0.009375 0.03796296296296296
1 0.6161458333333333 0.3625 0.008854166666666666 0.04814814814814815
2 0.50625 0.2810185185185185 0.008854166666666666 0.03981481481481482
1 0.40390625 0.17824074074074073 0.0109375 0.03148148148148148
1 0.58828125 0.5907407407407408 0.0109375 0.06111111111111111
1 0.728125 0.4439814814814815 0.009895833333333333 0.04814814814814815
1 0.3143229166666667 0.4078703703703704 0.013020833333333334 0.04351851851851852
1 0.10963541666666667 0.32546296296296295 0.013020833333333334 0.03518518518518519
1 0.596875 0.27824074074074073 0.008333333333333333 0.04259259259259259
2 0.784375 0.9851851851851852 0.019791666666666666 0.02962962962962963
1 0.4635416666666667 0.3680555555555556 0.010416666666666666 0.04537037037037037
1 0.25677083333333334 0.5027777777777778 0.013020833333333334 0.05092592592592592
1 0.7015625 0.4601851851851852 0.013020833333333334 0.04814814814814815
1 0.286546875 0.18747222222222223 0.011385416666666615 0.03180555555555558
0 0.20088020833333334 0.26554629629629634 0.005963541666666691 0.00867592592592593
1 0.44594791666666667 0.032768518518518516 0.008130208333333281 0.02891666666666667