1 0.19661458333333334 0.6125 0.014583333333333334 0.049074074074074076
1 0.41328125 0.30092592592592593 0.007291666666666667 0.041666666666666664
1 0.38776041666666666 0.43703703703703706 0.009375 0.049074074074074076
1 0.66875 0.5319444444444444 0.011458333333333333 0.04537037037037037
1 0.5690104166666666 0.4217592592592593 0.008854166666666666 0.04537037037037037
1 0.2955729166666667 0.2773148148148148 0.008854166666666666 0.041666666666666664
1 0.5065104166666666 0.12453703703703704 0.005208333333333333 0.025
1 0.2984375 0.9027777777777778 0.020833333333333332 0.05185185185185185
1 0.33489583333333334 0.6134259259259259 0.016666666666666666 0.05925925925925926
1 0.9075520833333334 0.3712962962962963 0.0109375 0.040740740740740744
1 0.25494791666666666 0.3592592592592593 0.008333333333333333 0.03611111111111111
1 0.259375 0.3347222222222222 0.008854166666666666 0.03796296296296296
1 0.5322916666666667 0.2796296296296296 0.0067708333333333336 0.03518518518518519
1 0.4640625 0.19768518518518519 0.005729166666666666 0.030555555555555555
1 0.21276041666666667 0.5180555555555556 0.011979166666666667 0.049074074074074076
1 0.60859375 0.19907407407407407 0.008854166666666666 0.02962962962962963
1 0.353125 0.24583333333333332 0.008333333333333333 0.03425925925925926
2 0.34375 0.11296296296296296 0.00625 0.027777777777777776
1 0.435765625 0.5418888888888889 0.008333333333333333 0.03796296296296296
2 0.803125 0.9796296296296296 0.019270833333333334 0.040740740740740744
1 0.6747760416666666 0.3424351851851852 0.007291666666666667 0.03148148148148148
1 0.6552083333333333 0.5120370370370371 0.009895833333333333 0.03888888888888889
2 0.34931770833333337 0.3323055555555555 0.015223958333333343 0.04310185185185181
1 0.32507291666666666 0.2155277777777778 0.010713541666666633 0.034083333333333334
1 0.3510104166666667 0.1493611111111111 0.008458333333333339 0.026064814814814794
0 0.6648072916666667 0.3653888888888889 0.006765624999999886 0.011027777777777747
1 0.023682291666666667 0.33331481481481484 0.010151041666666664 0.04310185185185181