1 0.41302083333333334 0.5824074074074074 0.009895833333333333 0.04722222222222222
1 0.3302083333333333 0.3199074074074074 0.008333333333333333 0.037037037037037035
1 0.7057291666666666 0.6472222222222223 0.011458333333333333 0.049074074074074076
1 0.26796875 0.4587962962962963 0.010416666666666666 0.04351851851851852
1 0.5057291666666667 0.40879629629629627 0.008333333333333333 0.03981481481481482
1 0.6713541666666667 0.3861111111111111 0.010416666666666666 0.04537037037037037
1 0.5049479166666667 0.15648148148148147 0.00625 0.030555555555555555
1 0.23411458333333332 0.4925925925925926 0.0109375 0.04537037037037037
1 0.3703125 0.5893518518518519 0.009895833333333333 0.05092592592592592
1 0.45260416666666664 0.9208333333333333 0.017708333333333333 0.05925925925925926
1 0.4830729166666667 0.4148148148148148 0.0078125 0.041666666666666664
1 0.6416666666666667 0.43333333333333335 0.007291666666666667 0.03796296296296296
1 0.81640625 0.38657407407407407 0.008854166666666666 0.041666666666666664
2 0.38385416666666666 0.37175925925925923 0.008333333333333333 0.03981481481481482
2 0.9783854166666667 0.7388888888888889 0.016666666666666666 0.05
1 0.67265625 0.6416666666666667 0.013020833333333334 0.05092592592592592
1 0.2838541666666667 0.2490740740740741 0.007291666666666667 0.03611111111111111
1 0.68984375 0.22685185185185186 0.0067708333333333336 0.03518518518518519
1 0.3375 0.8305555555555556 0.0171875 0.05740740740740741
1 0.27265625 0.3472222222222222 0.009375 0.03888888888888889
0 0.5244791666666667 0.6909259259259259 0.008567708333333358 0.021333333333333298
1 0.4263541666666667 0.23005555555555554 0.011999999999999981 0.0365648148148148
1 0.275953125 0.16644444444444442 0.006854166666666709 0.029712962962962993
2 0.21125000000000002 0.13636111111111113 0.008567708333333358 0.02589814814814812
1 0.799359375 0.29633333333333334 0.010713541666666751 0.03809259259259258