1 0.31197916666666664 0.2898148148148148 0.0078125 0.037037037037037035
1 0.5963541666666666 0.6462962962962963 0.011979166666666667 0.04814814814814815
1 0.3575520833333333 0.2462962962962963 0.007291666666666667 0.03611111111111111
1 0.48333333333333334 0.5717592592592593 0.008854166666666666 0.046296296296296294
1 0.6953125 0.2796296296296296 0.0078125 0.03888888888888889
1 0.5830729166666667 0.4097222222222222 0.008333333333333333 0.041666666666666664
1 0.46927083333333336 0.3384259259259259 0.0078125 0.04351851851851852
1 0.58046875 0.15648148148148147 0.005729166666666666 0.03148148148148148
1 0.7033854166666667 0.462037037037037 0.010416666666666666 0.04814814814814815
1 0.61484375 0.33611111111111114 0.007291666666666667 0.037037037037037035
1 0.43202083333333335 0.3481944444444445 0.007994791666666619 0.03546296296296292
2 0.9104166666666667 0.9314814814814815 0.017708333333333333 0.05092592592592592
1 0.5106770833333333 0.3013888888888889 0.007291666666666667 0.04537037037037037
1 0.48385416666666664 0.2490740740740741 0.0067708333333333336 0.03796296296296296
1 0.48072916666666665 0.43472222222222223 0.008854166666666666 0.05
1 0.48333333333333334 0.40879629629629627 0.008854166666666666 0.041666666666666664
1 0.70625 0.10972222222222222 0.005208333333333333 0.021296296296296296
2 0.3453125 0.11342592592592593 0.00625 0.028703703703703703
1 0.99609375 0.33564814814814814 0.0078125 0.03333333333333333
1 0.42957291666666664 0.36362962962962964 0.006432291666666619 0.03973148148148145
1 0.47190624999999997 0.3106481481481482 0.010500000000000042 0.03732407407407402
0 0.4817239583333333 0.3548981481481482 0.007109375000000047 0.015055555555555548
1 0.4847708333333333 0.20228703703703704 0.005755208333333309 0.03250925925925927
1 0.5101718749999999 0.28025 0.006432291666666619 0.022277777777777726
1 0.45192708333333337 0.4241388888888889 0.006432291666666619 0.03792592592592596
2 0.4630989583333333 0.40818518518518515 0.009145833333333304 0.03973148148148145