1 0.21848958333333332 0.2074074074074074 0.009375 0.030555555555555555
1 0.7432291666666667 0.48703703703703705 0.011979166666666667 0.03888888888888889
1 0.58125 0.13935185185185187 0.00625 0.025925925925925925
1 0.4197916666666667 0.14305555555555555 0.008854166666666666 0.027777777777777776
1 0.6127604166666667 0.225 0.007291666666666667 0.032407407407407406
1 0.571875 0.2462962962962963 0.008854166666666666 0.03518518518518519
1 0.5348958333333333 0.39675925925925926 0.011458333333333333 0.04259259259259259
2 0.14583333333333334 0.14583333333333334 0.007291666666666667 0.027777777777777776
1 0.38307291666666665 0.26990740740740743 0.008333333333333333 0.03518518518518519
2 0.9325520833333333 0.5861111111111111 0.0140625 0.03981481481481482
1 0.5705729166666667 0.12824074074074074 0.00625 0.028703703703703703
1 0.37552083333333336 0.7287037037037037 0.0140625 0.053703703703703705
1 0.39557291666666666 0.1287037037037037 0.007291666666666667 0.026851851851851852
1 0.1890625 0.23287037037037037 0.011458333333333333 0.03333333333333333
1 0.40338541666666666 0.15601851851851853 0.0078125 0.027777777777777776
2 0.40338541666666666 0.25462962962962965 0.008333333333333333 0.03518518518518519
1 0.68984375 0.17916666666666667 0.0078125 0.02962962962962963
1 0.39036458333333335 0.2361111111111111 0.008854166666666666 0.03425925925925926
1 0.2518020833333333 0.49074999999999996 0.010427083333333325 0.04355555555555552
1 0.352421875 0.19092592592592592 0.009385416666666656 0.025953703703703677
1 0.365453125 0.1353148148148148 0.006255208333333329 0.02780555555555553
1 0.5015208333333333 0.19880555555555557 0.006255208333333329 0.026879629629629656
1 0.4957864583333333 0.18721296296296297 0.005213541666666662 0.033361111111111084
1 0.4384375 0.08850925925925926 0.009385416666666656 0.028731481481481483
0 0.6490572916666667 0.1760925925925926 0.007296875000000114 0.012972222222222213