1 0.6890625 0.7548611111111111 0.0484375 0.1736111111111111
1 0.1109375 0.5895833333333333 0.0375 0.14027777777777778
1 0.48125 0.4340277777777778 0.028125 0.11527777777777778
1 0.608984375 0.3923611111111111 0.03046875 0.12083333333333333
2 0.79921875 0.4486111111111111 0.025 0.12222222222222222
1 0.92578125 0.26805555555555555 0.025 0.07777777777777778
1 0.37890625 0.35 0.0203125 0.1
1 0.42109375 0.43194444444444446 0.03125 0.12222222222222222
1 0.8171875 0.4847222222222222 0.025 0.1361111111111111
1 0.25625 0.42083333333333334 0.0203125 0.125
1 0.43567968749999997 0.2310972222222222 0.022914062499999943 0.08225000000000003
1 0.61015625 0.24791666666666667 0.0171875 0.07361111111111111
1 0.41479687500000006 0.23704166666666665 0.02022656250000008 0.08148611111111113
2 0.50390625 0.2111111111111111 0.01875 0.07777777777777778
1 0.902734375 0.27708333333333335 0.02421875 0.09027777777777778