1 0.23151041666666666 0.22037037037037038 0.0078125 0.03425925925925926
1 0.3072916666666667 0.937962962962963 0.014583333333333334 0.05555555555555555
1 0.7455729166666667 0.47129629629629627 0.010416666666666666 0.05092592592592592
1 0.8059895833333334 0.25046296296296294 0.008333333333333333 0.03611111111111111
1 0.20729166666666668 0.3138888888888889 0.009375 0.04259259259259259
1 0.4557291666666667 0.1597222222222222 0.0067708333333333336 0.02962962962962963
1 0.45546875 0.26944444444444443 0.008854166666666666 0.03518518518518519
1 0.29661458333333335 0.3347222222222222 0.009375 0.037037037037037035
1 0.5109375 0.44074074074074077 0.010416666666666666 0.044444444444444446
1 0.3416666666666667 0.20972222222222223 0.0067708333333333336 0.03333333333333333
1 0.39427083333333335 0.20787037037037037 0.0078125 0.030555555555555555
1 0.21614583333333334 0.21435185185185185 0.008333333333333333 0.03333333333333333
1 0.44505208333333335 0.1162037037037037 0.005729166666666666 0.025
1 0.19765625 0.3537037037037037 0.009375 0.041666666666666664
2 0.36171875 0.2865740740740741 0.007291666666666667 0.03518518518518519
2 0.9674479166666666 0.7657407407407407 0.0171875 0.040740740740740744
1 0.17708333333333334 0.4162037037037037 0.0109375 0.046296296296296294
1 0.33828125 0.4185185185185185 0.0109375 0.03981481481481482
1 0.6012083333333333 0.19212962962962962 0.007291666666666667 0.02962962962962963
1 0.32317708333333334 0.43657407407407406 0.011979166666666667 0.044444444444444446
2 0.19609375 0.12962962962962962 0.0067708333333333336 0.025925925925925925
1 0.23935937499999999 0.6964444444444444 0.016541666666666663 0.0507962962962962
1 0.4150625 0.638962962962963 0.012031249999999953 0.0481203703703704
1 0.7245989583333333 0.7066944444444445 0.012531249999999971 0.0481203703703704
0 0.7258541666666667 0.6777314814814815 0.009020833333333419 0.01693518518518515