1 0.5984375 0.36180555555555555 0.0328125 0.15138888888888888
1 0.5359375 0.2673611111111111 0.0375 0.12638888888888888
1 0.6010859375 0.5810972222222222 0.08064062500000002 0.17330555555555552
1 0.966796875 0.4111111111111111 0.04296875 0.15555555555555556
1 0.119140625 0.4888888888888889 0.03515625 0.16666666666666666
1 0.64453125 0.225 0.03125 0.14166666666666666
1 0.374609375 0.59375 0.05859375 0.1486111111111111
1 0.25234375 0.3506944444444444 0.0390625 0.14027777777777778
1 0.84921875 0.5395833333333333 0.046875 0.1597222222222222
1 0.87890625 0.2965277777777778 0.040625 0.13472222222222222
1 0.3796875 0.34305555555555556 0.0296875 0.15555555555555556
1 0.298046875 0.5090277777777777 0.05390625 0.15138888888888888
1 0.005859375 0.5555555555555556 0.01171875 0.1638888888888889
1 0.59765625 0.23333333333333334 0.0359375 0.13055555555555556
1 0.34453125 0.46458333333333335 0.046875 0.14305555555555555
1 0.33125 0.36041666666666666 0.0359375 0.12638888888888888
2 0.84140625 0.4270833333333333 0.0359375 0.1125
1 0.28828125 0.30694444444444446 0.0296875 0.11666666666666667
1 0.123828125 0.2423611111111111 0.03828125 0.10972222222222222
1 0.3515625 0.44375 0.034375 0.1375
0 0.6263046875 0.6087916666666666 0.018226562499999942 0.032402777777777836