1 0.66875 0.3050925925925926 0.009375 0.03796296296296296
1 0.44557291666666665 0.15555555555555556 0.007291666666666667 0.027777777777777776
1 0.42083333333333334 0.3 0.007291666666666667 0.03796296296296296
1 0.36793750000000003 0.1732037037037037 0.0047499999999999435 0.022333333333333337
1 0.6408854166666667 0.5694444444444444 0.013020833333333334 0.03981481481481482
1 0.6338541666666667 0.30277777777777776 0.0078125 0.03518518518518519
1 0.5619791666666667 0.2 0.0078125 0.027777777777777776
1 0.3138020833333333 0.5407407407407407 0.013020833333333334 0.04814814814814815
1 0.66328125 0.21342592592592594 0.008333333333333333 0.03518518518518519
2 0.351609375 0.08923148148148148 0.00625 0.026851851851851852
1 0.49114583333333334 0.2550925925925926 0.007291666666666667 0.03148148148148148
1 0.6567708333333333 0.21342592592592594 0.0078125 0.03333333333333333
2 0.5356770833333333 0.28935185185185186 0.0067708333333333336 0.03425925925925926
1 0.2669270833333333 0.1527777777777778 0.0078125 0.025
1 0.603125 0.6643518518518519 0.0109375 0.053703703703703705
1 0.37447916666666664 0.3958333333333333 0.013541666666666667 0.03518518518518519
1 0.35442708333333334 0.11944444444444445 0.00625 0.025925925925925925
1 0.42161458333333335 0.1550925925925926 0.007291666666666667 0.026851851851851852
1 0.3020833333333333 0.33935185185185185 0.010416666666666666 0.03425925925925926
2 0.6279427083333334 0.9837962962962963 0.014078125000000104 0.032407407407407406
1 0.499015625 0.1806111111111111 0.010093750000000058 0.02662962962962962
1 0.373 0.17829629629629629 0.00944270833333339 0.024314814814814806
1 0.2901302083333333 0.15253703703703705 0.0078125 0.024888888888888884
1 0.33522916666666663 0.10969444444444444 0.006187500000000057 0.020259259259259255