1 0.20807291666666666 0.22546296296296298 0.010416666666666666 0.028703703703703703
1 0.5263020833333333 0.49398148148148147 0.018229166666666668 0.04351851851851852
1 0.2838541666666667 0.38333333333333336 0.0140625 0.037037037037037035
1 0.7171875 0.3458333333333333 0.010416666666666666 0.03981481481481482
1 0.5052083333333334 0.18564814814814815 0.008854166666666666 0.030555555555555555
1 0.4421875 0.399537037037037 0.017708333333333333 0.037037037037037035
1 0.5216145833333333 0.16157407407407406 0.010416666666666666 0.02962962962962963
1 0.32734375 0.3351851851851852 0.0140625 0.03425925925925926
1 0.7213541666666666 0.18425925925925926 0.008333333333333333 0.027777777777777776
1 0.42864583333333334 0.2523148148148148 0.011979166666666667 0.032407407407407406
1 0.3731770833333333 0.23796296296296296 0.0109375 0.03425925925925926
1 0.6108020833333333 0.13128703703703704 0.008536458333333267 0.01682407407407409
1 0.37734375 0.21342592592592594 0.010416666666666666 0.03333333333333333
1 0.396875 0.18796296296296297 0.011979166666666667 0.032407407407407406
2 0.44453125 0.08101851851851852 0.008333333333333333 0.026851851851851852
2 0.48385416666666664 0.2902777777777778 0.0109375 0.03333333333333333
1 0.39947916666666666 0.27685185185185185 0.013541666666666667 0.03148148148148148
1 0.75703125 0.13518518518518519 0.007291666666666667 0.025
2 0.719171875 0.9863611111111111 0.016067708333333285 0.02727777777777781
1 0.6734427083333333 0.18275 0.007828125000000104 0.031499999999999986
1 0.5755885416666667 0.12635185185185185 0.007416666666666553 0.024175925925925938
1 0.6003072916666666 0.12268518518518519 0.00494270833333322 0.02710185185185185
1 0.6493385416666667 0.13953703703703701 0.011536458333333381 0.025638888888888888
1 0.5399479166666666 0.10437962962962963 0.010302083333333437 0.019777777777777766
1 0.5881510416666667 0.10767592592592592 0.005354166666666771 0.023435185185185173
0 0.6147239583333334 0.13767592592592592 0.002744791666666657 0.005287037037037018