1 0.70390625 0.5819444444444445 0.028125 0.14444444444444443
1 0.440234375 0.6902777777777778 0.04140625 0.16666666666666666
1 0.878515625 0.44513888888888886 0.02734375 0.12361111111111112
1 0.82578125 0.4652777777777778 0.0296875 0.11666666666666667
1 0.905078125 0.6291666666666667 0.04453125 0.15833333333333333
1 0.221875 0.8076388888888889 0.0328125 0.1486111111111111
1 0.77109375 0.2881944444444444 0.0171875 0.09861111111111111
1 0.4828125 0.3451388888888889 0.0203125 0.1125
1 0.171484375 0.4708333333333333 0.02421875 0.125
2 0.890234375 0.17291666666666666 0.01796875 0.07361111111111111
1 0.128515625 0.325 0.03203125 0.10555555555555556
1 0.128125 0.325 0.03125 0.10555555555555556
0 0.34609375 0.46597222222222223 0.0140625 0.02638888888888889
0 0.169140625 0.5229166666666667 0.00703125 0.02361111111111111