1 0.20885416666666667 0.4842592592592593 0.014583333333333334 0.046296296296296294
1 0.3921875 0.3597222222222222 0.008854166666666666 0.03888888888888889
1 0.5291666666666667 0.36944444444444446 0.009375 0.03611111111111111
1 0.50703125 0.2763888888888889 0.008854166666666666 0.03796296296296296
1 0.2109375 0.33425925925925926 0.010416666666666666 0.03796296296296296
1 0.28411458333333334 0.4550925925925926 0.009895833333333333 0.04537037037037037
1 0.5958333333333333 0.3333333333333333 0.0078125 0.03611111111111111
1 0.48541666666666666 0.5101851851851852 0.010416666666666666 0.04722222222222222
1 0.6830729166666667 0.2708333333333333 0.008854166666666666 0.03148148148148148
1 0.46770833333333334 0.5518518518518518 0.009895833333333333 0.04722222222222222
1 0.6606770833333333 0.34074074074074073 0.007291666666666667 0.03425925925925926
1 0.35494791666666664 0.2263888888888889 0.0078125 0.03148148148148148
1 0.35546875 0.24583333333333332 0.0078125 0.03333333333333333
1 0.753125 0.300462962962963 0.009375 0.032407407407407406
2 0.11119791666666666 0.1726851851851852 0.008333333333333333 0.03148148148148148
2 0.9736979166666667 0.5467592592592593 0.013020833333333334 0.03425925925925926
1 0.37578125 0.36666666666666664 0.0125 0.03888888888888889
1 0.7208333333333333 0.2550925925925926 0.0078125 0.026851851851851852
1 0.596875 0.2810185185185185 0.009895833333333333 0.03425925925925926
1 0.2640416666666666 0.31952777777777774 0.009760416666666641 0.04144444444444444
1 0.35052083333333334 0.1942222222222222 0.009218750000000024 0.026027777777777792
2 0.42615625 0.307962962962963 0.010843749999999966 0.04144444444444444
1 0.474578125 0.19753703703703704 0.009510416666666662 0.03443518518518518
1 0.636765625 0.2329166666666667 0.00845312500000001 0.027546296296296298
0 0.7457708333333334 0.31087037037037035 0.004578124999999981 0.009388888888888875