1 0.3697916666666667 0.2037037037037037 0.00625 0.04814814814814815
1 0.5677083333333334 0.20046296296296295 0.008333333333333333 0.032407407407407406
1 0.5401041666666667 0.16018518518518518 0.009375 0.03518518518518519
1 0.6140625 0.3111111111111111 0.009375 0.040740740740740744
1 0.32578125 0.2689814814814815 0.005729166666666666 0.04537037037037037
1 0.46796875 0.262037037037037 0.005729166666666666 0.03888888888888889
1 0.4354166666666667 0.17824074074074073 0.005208333333333333 0.03611111111111111
1 0.33880208333333334 0.26435185185185184 0.0078125 0.04351851851851852
1 0.40911458333333334 0.23194444444444445 0.008854166666666666 0.03981481481481482
2 0.46041666666666664 0.20324074074074075 0.008333333333333333 0.04351851851851852
1 0.3927083333333333 0.17962962962962964 0.007291666666666667 0.037037037037037035
1 0.5760416666666667 0.2324074074074074 0.011458333333333333 0.037037037037037035
2 0.6973958333333333 0.9847222222222223 0.021875 0.030555555555555555
1 0.24817708333333333 0.19305555555555556 0.008854166666666666 0.037037037037037035
1 0.41848958333333336 0.30092592592592593 0.0140625 0.037037037037037035
1 0.3729166666666667 0.225 0.009895833333333333 0.03333333333333333
1 0.39505208333333336 0.21851851851851853 0.007291666666666667 0.03333333333333333
1 0.38697916666666665 0.1648148148148148 0.010416666666666666 0.030555555555555555
1 0.43020833333333336 0.13564814814814816 0.008333333333333333 0.03333333333333333
2 0.44895833333333335 0.04490740740740741 0.0078125 0.02962962962962963
1 0.5372395833333333 0.10046296296296296 0.008854166666666666 0.026851851851851852
1 0.4765625 0.21851851851851853 0.013020833333333334 0.03796296296296296
1 0.5278645833333333 0.14074074074074075 0.009375 0.03425925925925926
0 0.5307291666666667 0.13657407407407407 0.003125 0.006481481481481481