1 0.6690104166666667 0.17314814814814813 0.0067708333333333336 0.028703703703703703
1 0.65625 0.4652777777777778 0.0125 0.040740740740740744
1 0.50625 0.3 0.008854166666666666 0.03333333333333333
1 0.46927083333333336 0.2949074074074074 0.0109375 0.03888888888888889
1 0.5591145833333333 0.4861111111111111 0.013541666666666667 0.046296296296296294
1 0.35494791666666664 0.2351851851851852 0.009895833333333333 0.03611111111111111
1 0.5575520833333333 0.19074074074074074 0.00625 0.027777777777777776
1 0.73359375 0.28564814814814815 0.009895833333333333 0.03518518518518519
1 0.5119791666666667 0.17592592592592593 0.007291666666666667 0.03333333333333333
2 0.5419270833333333 0.29212962962962963 0.009375 0.032407407407407406
1 0.34765625 0.26342592592592595 0.009895833333333333 0.03518518518518519
1 0.32786458333333335 0.4263888888888889 0.014583333333333334 0.040740740740740744
1 0.16510416666666666 0.25833333333333336 0.010416666666666666 0.028703703703703703
2 0.4046875 0.09444444444444444 0.007291666666666667 0.024074074074074074
1 0.5408854166666667 0.12777777777777777 0.007291666666666667 0.025925925925925925
1 0.32890625 0.387037037037037 0.0125 0.03981481481481482
1 0.6158854166666666 0.1712962962962963 0.0067708333333333336 0.026851851851851852
1 0.5609375 0.12824074074074074 0.00625 0.024074074074074074
1 0.34088541666666666 0.41064814814814815 0.011979166666666667 0.03888888888888889
1 0.9953125 0.3453703703703704 0.009375 0.03888888888888889
1 0.4234375 0.16342592592592592 0.010416666666666666 0.03333333333333333
1 0.59453125 0.14212962962962963 0.0067708333333333336 0.024074074074074074
1 0.574640625 0.1499351851851852 0.005286458333333381 0.02771296296296297
1 0.5756145833333334 0.12494444444444444 0.006682291666666629 0.025240740740740734
2 0.7654947916666667 0.9895648148148148 0.016249999999999907 0.020870370370370338