1 0.741796875 0.5541666666666667 0.03046875 0.11944444444444445
1 0.48359375 0.4527777777777778 0.0203125 0.1111111111111111
1 0.675390625 0.6854166666666667 0.03984375 0.13194444444444445
1 0.521875 0.7236111111111111 0.0328125 0.13333333333333333
1 0.17421875 0.6020833333333333 0.0296875 0.13194444444444445
1 0.642578125 0.20555555555555555 0.01171875 0.06666666666666667
1 0.734375 0.4041666666666667 0.0171875 0.09444444444444444
1 0.7734375 0.2638888888888889 0.015625 0.075
1 0.43984375 0.29375 0.015625 0.07916666666666666
1 0.583984375 0.32708333333333334 0.01953125 0.08194444444444444
1 0.784765625 0.3590277777777778 0.02578125 0.0875
2 0.64140625 0.5131944444444444 0.0203125 0.12083333333333333
1 0.6078125 0.33819444444444446 0.0140625 0.0875
1 0.025 0.3902777777777778 0.0140625 0.09722222222222222
1 0.647265625 0.4375 0.02109375 0.09444444444444444
1 0.8453125 0.3423611111111111 0.021875 0.09305555555555556
1 0.9953125 0.47847222222222224 0.009375 0.10694444444444444
1 0.252734375 0.27708333333333335 0.01796875 0.07361111111111111
1 0.252734375 0.27708333333333335 0.01796875 0.07361111111111111
2 0.158984375 0.16944444444444445 0.01796875 0.06666666666666667
2 0.158984375 0.16944444444444445 0.01796875 0.06666666666666667
0 0.275 0.6756944444444445 0.0125 0.020833333333333332