1 0.30859375 0.37916666666666665 0.0125 0.040740740740740744
1 0.48125 0.3976851851851852 0.0140625 0.03333333333333333
1 0.5677083333333334 0.1736111111111111 0.011458333333333333 0.03148148148148148
1 0.5528645833333333 0.27314814814814814 0.0109375 0.037037037037037035
1 0.6546875 0.43148148148148147 0.009895833333333333 0.03981481481481482
1 0.35833333333333334 0.2518518518518518 0.009375 0.03518518518518519
1 0.4080729166666667 0.21342592592592594 0.011458333333333333 0.03333333333333333
1 0.5473958333333333 0.3958333333333333 0.013020833333333334 0.03796296296296296
1 0.35598958333333336 0.32175925925925924 0.015104166666666667 0.03796296296296296
1 0.7583333333333333 0.23148148148148148 0.011458333333333333 0.037037037037037035
1 0.42239583333333336 0.30324074074074076 0.0125 0.037037037037037035
1 0.6643229166666667 0.3731481481481482 0.010416666666666666 0.040740740740740744
1 0.44036458333333334 0.25277777777777777 0.010416666666666666 0.037037037037037035
1 0.796875 0.2750740740740741 0.012760416666666666 0.03148148148148148
1 0.4786458333333333 0.35138888888888886 0.013541666666666667 0.025925925925925925
1 0.8104166666666667 0.5078703703703704 0.0125 0.04722222222222222
1 0.40078125 0.4074074074074074 0.01875 0.044444444444444446
1 0.20286458333333332 0.2074074074074074 0.008854166666666666 0.032407407407407406
1 0.5884531249999999 0.27584259259259264 0.009895833333333333 0.03425925925925926
2 0.44583333333333336 0.03981481481481482 0.007291666666666667 0.021296296296296296
2 0.45208333333333334 0.3435185185185185 0.013541666666666667 0.037037037037037035
2 0.80234375 0.9861111111111112 0.01875 0.027777777777777776
1 0.7372656249999999 0.631537037037037 0.0231197916666666 0.054129629629629666
1 0.217375 0.5899351851851852 0.011843750000000005 0.05312962962962973