1 0.6877604166666667 0.39490740740740743 0.009375 0.04259259259259259
1 0.6372395833333333 0.175 0.008333333333333333 0.030555555555555555
1 0.6122395833333333 0.5523148148148148 0.013020833333333334 0.044444444444444446
1 0.4700520833333333 0.4148148148148148 0.008333333333333333 0.041666666666666664
1 0.38255208333333335 0.2023148148148148 0.0078125 0.03148148148148148
1 0.63828125 0.24027777777777778 0.009895833333333333 0.03611111111111111
1 0.3580729166666667 0.29259259259259257 0.0078125 0.037037037037037035
1 0.3927083333333333 0.15833333333333333 0.0078125 0.025
1 0.4388020833333333 0.16666666666666666 0.00625 0.028703703703703703
1 0.562890625 0.16346296296296295 0.003932291666666762 0.026851851851851852
2 0.8822916666666667 0.9518518518518518 0.019791666666666666 0.05092592592592592
2 0.44479166666666664 0.26064814814814813 0.0067708333333333336 0.03333333333333333
1 0.5283854166666667 0.17407407407407408 0.0067708333333333336 0.027777777777777776
1 0.5544270833333333 0.13703703703703704 0.005729166666666666 0.025
1 0.5658854166666667 0.24259259259259258 0.007291666666666667 0.032407407407407406
1 0.00625 0.33240740740740743 0.010416666666666666 0.025
1 0.8489583333333334 0.29814814814814816 0.011979166666666667 0.03888888888888889
1 0.3759635416666667 0.38675 0.007828124999999986 0.041018518518518475
1 0.4256145833333333 0.26039814814814816 0.004942708333333338 0.031499999999999986
1 0.5020416666666666 0.17432407407407408 0.007005208333333357 0.030759259259259233
1 0.498125 0.23402777777777778 0.004942708333333338 0.030027777777777757
1 0.55959375 0.16904629629629628 0.005406250000000057 0.027907407407407395
1 0.485609375 0.1198611111111111 0.007718749999999967 0.023787037037037034
1 0.3431666666666667 0.14250925925925925 0.005916666666666614 0.02699074074074072
2 0.34483854166666666 0.11872222222222222 0.006692708333333286 0.023333333333333324