1 0.7932291666666667 0.4736111111111111 0.013541666666666667 0.046296296296296294
1 0.36354166666666665 0.28564814814814815 0.0067708333333333336 0.03796296296296296
1 0.2713541666666667 0.6532407407407408 0.0125 0.05555555555555555
1 0.3703125 0.5523148148148148 0.008854166666666666 0.04537037037037037
1 0.6708333333333333 0.2671296296296296 0.007291666666666667 0.03796296296296296
1 0.9828125 0.36435185185185187 0.0125 0.041666666666666664
1 0.36223958333333334 0.22361111111111112 0.007291666666666667 0.03425925925925926
1 0.6263020833333334 0.7939814814814815 0.0140625 0.05092592592592592
1 0.6080729166666666 0.4671296296296296 0.009375 0.04814814814814815
1 0.25052083333333336 0.8194444444444444 0.019791666666666666 0.053703703703703705
1 0.5692708333333333 0.14814814814814814 0.00625 0.028703703703703703
1 0.38307291666666665 0.1736111111111111 0.007291666666666667 0.032407407407407406
2 0.9544270833333334 0.95 0.01875 0.05092592592592592
1 0.4861979166666667 0.21388888888888888 0.005729166666666666 0.032407407407407406
1 0.27786458333333336 0.4273148148148148 0.009375 0.046296296296296294
1 0.48723958333333334 0.3416666666666667 0.0078125 0.03796296296296296
1 0.2890625 0.40370370370370373 0.008333333333333333 0.041666666666666664
1 0.5229166666666667 0.6703703703703704 0.009895833333333333 0.05185185185185185
2 0.40390625 0.44537037037037036 0.008333333333333333 0.040740740740740744
1 0.328125 0.2972222222222222 0.0078125 0.041666666666666664
1 0.46041666666666664 0.28425925925925927 0.0067708333333333336 0.03796296296296296
2 0.3421875 0.1125 0.00625 0.032407407407407406
1 0.5768229166666666 0.29305555555555557 0.009895833333333333 0.037037037037037035
1 0.399078125 0.4675740740740741 0.00990624999999999 0.05097222222222218