1 0.33515625 0.4201388888888889 0.028125 0.13194444444444445
1 0.5265625 0.32569444444444445 0.0328125 0.11527777777777778
1 0.691015625 0.3416666666666667 0.02421875 0.14166666666666666
1 0.38515625 0.3840277777777778 0.0203125 0.12916666666666668
1 0.648046875 0.2465277777777778 0.02734375 0.12638888888888888
1 0.102734375 0.31805555555555554 0.03359375 0.125
1 0.587109375 0.3013888888888889 0.03515625 0.11666666666666667
1 0.341015625 0.2659722222222222 0.03046875 0.1125
1 0.212890625 0.3055555555555556 0.03984375 0.10833333333333334
1 0.425390625 0.25069444444444444 0.02734375 0.11805555555555555
1 0.20546875 0.24444444444444444 0.028125 0.09722222222222222
1 0.34609375 0.20972222222222223 0.028125 0.06944444444444445
0 0.5421875 0.34375 0.0109375 0.020833333333333332
2 0.0734375 0.2986111111111111 0.0328125 0.12777777777777777