1 0.6578125 0.44722222222222224 0.009895833333333333 0.044444444444444446
1 0.44375 0.20462962962962963 0.0067708333333333336 0.02962962962962963
1 0.4197916666666667 0.37916666666666665 0.008333333333333333 0.046296296296296294
1 0.29296875 0.45740740740740743 0.008854166666666666 0.044444444444444446
1 0.31744791666666666 0.24675925925925926 0.007291666666666667 0.03518518518518519
1 0.53203125 0.1597222222222222 0.00625 0.02962962962962963
1 0.38697916666666665 0.28703703703703703 0.007291666666666667 0.03518518518518519
1 0.5330729166666667 0.2523148148148148 0.007291666666666667 0.03888888888888889
1 0.6825520833333333 0.5064814814814815 0.008333333333333333 0.04537037037037037
1 0.48776041666666664 0.2199074074074074 0.007291666666666667 0.032407407407407406
1 0.7458333333333333 0.24537037037037038 0.007291666666666667 0.03333333333333333
1 0.48828125 0.11666666666666667 0.00625 0.023148148148148147
2 0.9015625 0.7208333333333333 0.019270833333333334 0.04351851851851852
1 0.6109375 0.35324074074074074 0.007291666666666667 0.03888888888888889
1 0.509375 0.33564814814814814 0.008333333333333333 0.03981481481481482
1 0.5158854166666667 0.2814814814814815 0.009375 0.03981481481481482
1 0.6341145833333334 0.2763888888888889 0.008333333333333333 0.03981481481481482
1 0.6036458333333333 0.2550925925925926 0.0078125 0.03888888888888889
1 0.5471354166666667 0.3300925925925926 0.008333333333333333 0.03518518518518519
2 0.23072916666666668 0.1425925925925926 0.007291666666666667 0.027777777777777776
1 0.4778645833333333 0.22592592592592592 0.009375 0.03148148148148148
1 0.6478958333333333 0.33181481481481484 0.010302083333333437 0.03955555555555558
2 0.5399479166666666 0.30214814814814817 0.008651041666666732 0.032962962962962986
1 0.5201718750000001 0.26369444444444445 0.011124999999999947 0.03662037037037033