2 0.186328125 0.3527777777777778 0.02578125 0.10277777777777777
1 0.280078125 0.5277777777777778 0.03828125 0.12777777777777777
1 0.819921875 0.525 0.02734375 0.12777777777777777
1 0.560546875 0.4027777777777778 0.03828125 0.11944444444444445
1 0.419921875 0.27152777777777776 0.02890625 0.09861111111111111
1 0.757421875 0.6006944444444444 0.03671875 0.13472222222222222
1 0.6015625 0.3958333333333333 0.025 0.11666666666666667
1 0.6515625 0.3472222222222222 0.0265625 0.11666666666666667
1 0.487109375 0.2923611111111111 0.02109375 0.07916666666666666
1 0.239453125 0.5090277777777777 0.03046875 0.10416666666666667
1 0.784765625 0.4270833333333333 0.03046875 0.12083333333333333
1 0.9390625 0.3680555555555556 0.0203125 0.12777777777777777
1 0.42734375 0.32083333333333336 0.015625 0.10277777777777777
1 0.025390625 0.28680555555555554 0.03203125 0.07916666666666666
1 0.805859375 0.4263888888888889 0.02578125 0.11944444444444445
1 0.44184375 0.30477777777777776 0.02778124999999996 0.10030555555555559