1 0.2078125 0.35185185185185186 0.011979166666666667 0.03981481481481482
1 0.7356770833333334 0.324537037037037 0.0125 0.03981481481481482
1 0.70546875 0.2861111111111111 0.010416666666666666 0.03611111111111111
1 0.48359375 0.22685185185185186 0.013541666666666667 0.02962962962962963
1 0.2908854166666667 0.25092592592592594 0.0125 0.03333333333333333
1 0.4513020833333333 0.4064814814814815 0.022395833333333334 0.04537037037037037
1 0.26979166666666665 0.2916666666666667 0.011979166666666667 0.03148148148148148
1 0.35885416666666664 0.38657407407407407 0.013020833333333334 0.03611111111111111
1 0.4484375 0.4986111111111111 0.01875 0.04351851851851852
1 0.29348958333333336 0.34444444444444444 0.013020833333333334 0.032407407407407406
1 0.42291666666666666 0.15833333333333333 0.0140625 0.027777777777777776
1 0.66484375 0.49027777777777776 0.019270833333333334 0.044444444444444446
1 0.3645833333333333 0.24444444444444444 0.011979166666666667 0.032407407407407406
1 0.39739583333333334 0.3287037037037037 0.011979166666666667 0.03796296296296296
2 0.44375 0.32222222222222224 0.011979166666666667 0.03518518518518519
1 0.08515625 0.5342592592592592 0.014583333333333334 0.04259259259259259
1 0.35703125 0.27037037037037037 0.0109375 0.025925925925925925
2 0.45598958333333334 0.012962962962962963 0.0078125 0.023148148148148147
1 0.3380208333333333 0.1814814814814815 0.009895833333333333 0.032407407407407406
1 0.4557291666666667 0.2833333333333333 0.0125 0.030555555555555555
0 0.40547395833333333 0.34675 0.004395833333333362 0.014972222222222184
1 0.44503125000000004 0.2829351851851852 0.006593750000000042 0.033212962962962965
1 0.23606770833333332 0.18135185185185188 0.009156250000000022 0.0371203703703704
1 0.6077552083333334 0.49807407407407406 0.014468750000000105 0.04365740740740749