1 0.517578125 0.5715277777777777 0.03203125 0.13194444444444445
1 0.3390625 0.7097222222222223 0.0375 0.14444444444444443
1 0.979296875 0.5694444444444444 0.03203125 0.13333333333333333
1 0.551953125 0.6763888888888889 0.02734375 0.1388888888888889
1 0.79453125 0.6868055555555556 0.0375 0.14583333333333334
1 0.684375 0.33958333333333335 0.01875 0.09027777777777778
1 0.713671875 0.41388888888888886 0.03203125 0.09166666666666666
2 0.901171875 0.1375 0.01953125 0.07222222222222222
1 0.970703125 0.37916666666666665 0.03984375 0.09444444444444444
0 0.269140625 0.44375 0.01171875 0.02361111111111111
1 0.1234375 0.3173611111111111 0.0203125 0.10972222222222222