1 0.40703125 0.30972222222222223 0.0140625 0.03425925925925926
1 0.44765625 0.4185185185185185 0.011979166666666667 0.03888888888888889
1 0.30572916666666666 0.2564814814814815 0.013020833333333334 0.032407407407407406
1 0.38385416666666666 0.2689814814814815 0.013020833333333334 0.037037037037037035
1 0.3528645833333333 0.2337962962962963 0.014583333333333334 0.03611111111111111
1 0.53359375 0.24212962962962964 0.008333333333333333 0.03425925925925926
1 0.37578125 0.4041666666666667 0.01875 0.044444444444444446
1 0.7872395833333333 0.3287037037037037 0.0125 0.03981481481481482
1 0.30755208333333334 0.36898148148148147 0.0140625 0.026851851851851852
1 0.58671875 0.16620370370370371 0.0078125 0.02962962962962963
1 0.7109375 0.3736111111111111 0.0109375 0.037037037037037035
1 0.6714583333333334 0.19481481481481483 0.01427083333333338 0.036296296296296285
1 0.03854166666666667 0.26666666666666666 0.011979166666666667 0.03425925925925926
1 0.7177083333333333 0.2708333333333333 0.011979166666666667 0.03611111111111111
1 0.7158854166666667 0.20601851851851852 0.009375 0.02962962962962963
1 0.7841145833333333 0.4912037037037037 0.018229166666666668 0.04537037037037037
1 0.3175625 0.3905092592592593 0.018515624999999977 0.0375
1 0.9861979166666667 0.31342592592592594 0.01875 0.03148148148148148
1 0.5869791666666667 0.3587962962962963 0.010416666666666666 0.03796296296296296
1 0.2677083333333333 0.6189814814814815 0.0265625 0.05
1 0.3299479166666667 0.37407407407407406 0.0140625 0.03333333333333333
1 0.2833333333333333 0.587037037037037 0.019270833333333334 0.03981481481481482
2 0.34152604166666667 0.3555 0.011854166666666662 0.03190740740740744
1 0.5887395833333334 0.2353981481481481 0.011177083333333353 0.032509259259259245
0 0.6745833333333333 0.2137222222222222 0.004062500000000095 0.0060185185185185185
2 0.32391666666666663 0.05207407407407408 0.008468749999999995 0.0270925925925926