1 0.25729166666666664 0.26435185185185184 0.008854166666666666 0.03888888888888889
1 0.03802083333333333 0.2652777777777778 0.007291666666666667 0.037037037037037035
1 0.2947916666666667 0.5046296296296297 0.009895833333333333 0.05185185185185185
1 0.6026041666666667 0.4273148148148148 0.011979166666666667 0.040740740740740744
1 0.3341145833333333 0.2361111111111111 0.008333333333333333 0.037037037037037035
1 0.8635416666666667 0.2828703703703704 0.009375 0.03888888888888889
1 0.5372395833333333 0.1648148148148148 0.00625 0.03425925925925926
1 0.3299479166666667 0.10601851851851851 0.00625 0.027777777777777776
1 0.56640625 0.16620370370370371 0.007291666666666667 0.03518518518518519
1 0.41953125 0.11481481481481481 0.0046875 0.028703703703703703
1 0.6122395833333333 0.649537037037037 0.0140625 0.05648148148148148
1 0.5109375 0.2125 0.0067708333333333336 0.03796296296296296
2 0.6927083333333334 0.9268518518518518 0.021875 0.04537037037037037
1 0.22786458333333334 0.36203703703703705 0.008854166666666666 0.04351851851851852
1 0.46197916666666666 0.1537037037037037 0.005729166666666666 0.028703703703703703
1 0.4895833333333333 0.11481481481481481 0.005729166666666666 0.026851851851851852
2 0.2794270833333333 0.0962962962962963 0.005729166666666666 0.026851851851851852
1 0.42458333333333337 0.45376851851851857 0.01030208333333332 0.04468518518518523
1 0.3899739583333333 0.1933703703703704 0.005354166666666652 0.027833333333333335
1 0.40130208333333334 0.18018518518518517 0.005765624999999967 0.030759259259259233
1 0.322609375 0.15675 0.006593750000000042 0.029296296296296282
1 0.4503333333333333 0.13880555555555554 0.007416666666666671 0.027101851851851835
2 0.49009375 0.2365925925925926 0.005354166666666652 0.03662037037037038
0 0.35144791666666664 0.12012962962962964 0.007416666666666671 0.014648148148148141
1 0.24741666666666667 0.15601851851851853 0.006182291666666669 0.032231481481481486