1 0.28463541666666664 0.42777777777777776 0.0125 0.03796296296296296
1 0.45729166666666665 0.24768518518518517 0.009375 0.032407407407407406
1 0.6044270833333333 0.22407407407407406 0.007291666666666667 0.032407407407407406
1 0.6919270833333333 0.5712962962962963 0.013541666666666667 0.03888888888888889
1 0.3380208333333333 0.22314814814814815 0.008854166666666666 0.03425925925925926
1 0.2921875 0.3282407407407407 0.009895833333333333 0.03888888888888889
1 0.721875 0.5555555555555556 0.010416666666666666 0.041666666666666664
1 0.53359375 0.32731481481481484 0.0078125 0.037037037037037035
1 0.7296875 0.5018518518518519 0.009895833333333333 0.03796296296296296
1 0.6794270833333333 0.3726851851851852 0.008854166666666666 0.037037037037037035
1 0.5856770833333333 0.43148148148148147 0.0140625 0.03981481481481482
1 0.5197916666666667 0.2912037037037037 0.008854166666666666 0.03518518518518519
2 0.4583333333333333 0.3055555555555556 0.0078125 0.03518518518518519
1 0.5786458333333333 0.2796296296296296 0.0078125 0.03425925925925926
1 0.5973958333333333 0.6652777777777777 0.013020833333333334 0.05092592592592592
2 0.9296875 0.6560185185185186 0.0140625 0.044444444444444446
1 0.278125 0.5092592592592593 0.010416666666666666 0.040740740740740744
1 0.51171875 0.45046296296296295 0.010416666666666666 0.03888888888888889
2 0.18098958333333334 0.1425925925925926 0.008333333333333333 0.025925925925925925
1 0.4122395833333333 0.3175925925925926 0.009375 0.03888888888888889
1 0.7229166666666667 0.23564814814814813 0.009895833333333333 0.03148148148148148
1 0.6393749999999999 0.31875925925925924 0.009156249999999961 0.03941666666666671
1 0.6989010416666667 0.36375 0.010604166666666732 0.03684259259259256
1 0.57575 0.22878703703703704 0.005302083333333248 0.03256481481481483