1 0.496875 0.38333333333333336 0.011979166666666667 0.037037037037037035
1 0.3692708333333333 0.36574074074074076 0.0109375 0.04259259259259259
1 0.19479166666666667 0.48564814814814816 0.014583333333333334 0.044444444444444446
1 0.3458333333333333 0.22685185185185186 0.008854166666666666 0.032407407407407406
1 0.6700520833333333 0.36527777777777776 0.0078125 0.040740740740740744
1 0.48333333333333334 0.29074074074074074 0.008854166666666666 0.03518518518518519
1 0.7682291666666666 0.3087962962962963 0.007291666666666667 0.03148148148148148
1 0.57109375 0.27314814814814814 0.009895833333333333 0.032407407407407406
1 0.6549479166666666 0.2574074074074074 0.0078125 0.025925925925925925
1 0.27239583333333334 0.45740740740740743 0.009895833333333333 0.046296296296296294
1 0.47369791666666666 0.5148148148148148 0.013020833333333334 0.044444444444444446
1 0.5591145833333333 0.3537037037037037 0.0109375 0.03425925925925926
1 0.33880208333333334 0.24351851851851852 0.008333333333333333 0.03148148148148148
2 0.4171875 0.30462962962962964 0.007291666666666667 0.037037037037037035
1 0.7203125 0.2490740740740741 0.0078125 0.026851851851851852
1 0.2526041666666667 0.31805555555555554 0.009375 0.03981481481481482
1 0.61015625 0.24953703703703703 0.008333333333333333 0.032407407407407406
2 0.10625 0.17222222222222222 0.0078125 0.028703703703703703
1 0.4513020833333333 0.5731481481481482 0.0125 0.04814814814814815
1 0.20026041666666666 0.33240740740740743 0.0140625 0.03888888888888889
2 0.9575520833333333 0.5597222222222222 0.013020833333333334 0.03518518518518519
1 0.3223958333333333 0.19027777777777777 0.0109375 0.030555555555555555
1 0.35182291666666665 0.37453703703703706 0.009895833333333333 0.04259259259259259
1 0.4484375 0.1912037037037037 0.011458333333333333 0.030555555555555555
0 0.7609114583333334 0.3215092592592593 0.007395833333333239 0.010648148148148148