1 0.76875 0.3902777777777778 0.009895833333333333 0.049074074074074076
1 0.61484375 0.6185185185185185 0.011979166666666667 0.04722222222222222
1 0.48802083333333335 0.5601851851851852 0.009375 0.04814814814814815
1 0.6604166666666667 0.175 0.0067708333333333336 0.03333333333333333
1 0.6666666666666666 0.3907407407407407 0.009375 0.03981481481481482
2 0.48125 0.39166666666666666 0.0078125 0.03981481481481482
1 0.7471354166666667 0.26805555555555555 0.008854166666666666 0.03888888888888889
2 0.4552083333333333 0.10462962962962963 0.005208333333333333 0.027777777777777776
1 0.6203125 0.3282407407407407 0.0078125 0.04351851851851852
1 0.63984375 0.4013888888888889 0.009375 0.04351851851851852
1 0.6572916666666667 0.362962962962963 0.007291666666666667 0.044444444444444446
1 0.48932291666666666 0.19953703703703704 0.00625 0.03333333333333333
1 0.61640625 0.40324074074074073 0.0078125 0.03981481481481482
1 0.48984375 0.24305555555555555 0.0067708333333333336 0.03796296296296296
1 0.62890625 0.3587962962962963 0.008333333333333333 0.03981481481481482
1 0.6447916666666667 0.37222222222222223 0.0078125 0.03518518518518519
1 0.6367760416666666 0.3219444444444444 0.009583333333333381 0.03832407407407406
1 0.671875 0.3425925925925926 0.008333333333333333 0.03981481481481482
1 0.47371874999999997 0.32896296296296296 0.008140625000000058 0.0423055555555556
0 0.48749479166666665 0.3448240740740741 0.00501041666666661 0.011685185185185189
1 0.6474895833333334 0.3420462962962963 0.008765624999999963 0.03506481481481482
1 0.630421875 0.32589814814814816 0.00657291666666661 0.03617592592592597