1 0.09296875 0.2199074074074074 0.009895833333333333 0.03148148148148148
1 0.12994791666666666 0.8013888888888889 0.015625 0.05092592592592592
1 0.7192708333333333 0.3101851851851852 0.009895833333333333 0.037037037037037035
1 0.0453125 0.46064814814814814 0.015625 0.04351851851851852
1 0.41692708333333334 0.2712962962962963 0.010416666666666666 0.03518518518518519
1 0.5369791666666667 0.29768518518518516 0.008854166666666666 0.03611111111111111
1 0.5190104166666667 0.25601851851851853 0.0078125 0.03518518518518519
1 0.2830729166666667 0.1865740740740741 0.009895833333333333 0.02962962962962963
1 0.2140625 0.2791666666666667 0.0140625 0.03796296296296296
1 0.2682291666666667 0.40324074074074073 0.015104166666666667 0.04537037037037037
1 0.61875 0.16527777777777777 0.008854166666666666 0.026851851851851852
1 0.48854166666666665 0.5314814814814814 0.009895833333333333 0.05185185185185185
2 0.05260416666666667 0.5171296296296296 0.016145833333333335 0.046296296296296294
1 0.446875 0.20833333333333334 0.009375 0.032407407407407406
2 0.9682291666666667 0.5319444444444444 0.0109375 0.030555555555555555
1 0.3268229166666667 0.4337962962962963 0.010416666666666666 0.04537037037037037
1 0.45286458333333335 0.10231481481481482 0.008333333333333333 0.027777777777777776
1 0.2265625 0.25787037037037036 0.0109375 0.03611111111111111
1 0.08802083333333334 0.6263888888888889 0.013541666666666667 0.05185185185185185
1 0.67746875 0.5658148148148149 0.01303124999999999 0.04170370370370367
1 0.6748645833333333 0.2071388888888889 0.007817708333333447 0.036148148148148165
0 0.6138697916666668 0.17794444444444446 0.004692708333333447 0.00926851851851851
1 0.11208854166666667 0.27943518518518523 0.010427083333333325 0.03985185185185182