1 0.866015625 0.8319444444444445 0.04296875 0.15833333333333333
1 0.126953125 0.6319444444444444 0.02890625 0.15555555555555556
1 0.946875 0.4236111111111111 0.0265625 0.11666666666666667
1 0.89296875 0.32013888888888886 0.021875 0.10138888888888889
1 0.596484375 0.26180555555555557 0.02734375 0.09305555555555556
1 0.669921875 0.6333333333333333 0.02734375 0.15555555555555556
1 0.3 0.4375 0.0375 0.11388888888888889
1 0.224609375 0.3215277777777778 0.02265625 0.10694444444444444
1 0.676953125 0.49027777777777776 0.01796875 0.12222222222222222
1 0.812890625 0.4111111111111111 0.01484375 0.11388888888888889
2 0.7296875 0.18472222222222223 0.0171875 0.06666666666666667
0 0.35625 0.47638888888888886 0.0125 0.022222222222222223