1 0.70703125 0.37592592592592594 0.008854166666666666 0.040740740740740744
1 0.8690104166666667 0.2814814814814815 0.009895833333333333 0.03981481481481482
1 0.031510416666666666 0.31203703703703706 0.009375 0.03611111111111111
1 0.6216145833333333 0.21712962962962962 0.008854166666666666 0.03611111111111111
1 0.5447916666666667 0.22037037037037038 0.00625 0.032407407407407406
1 0.6799479166666667 0.5504629629629629 0.011458333333333333 0.046296296296296294
1 0.38984375 0.4046296296296296 0.0078125 0.04351851851851852
1 0.3333333333333333 0.26805555555555555 0.0067708333333333336 0.03518518518518519
1 0.6161458333333333 0.15555555555555556 0.007291666666666667 0.030555555555555555
2 0.8872395833333333 0.9199074074074074 0.019270833333333334 0.049074074074074076
2 0.4557291666666667 0.2324074074074074 0.0067708333333333336 0.03333333333333333
1 0.38255208333333335 0.1398148148148148 0.005729166666666666 0.028703703703703703
2 0.34375 0.11064814814814815 0.005208333333333333 0.025
1 0.50115625 0.39370370370370367 0.009510416666666662 0.040851851851851854
1 0.42330729166666664 0.23100925925925928 0.008317708333333347 0.030990740740740767
1 0.399140625 0.19614814814814815 0.00752604166666669 0.033101851851851855
1 0.50234375 0.20425000000000001 0.007130208333333362 0.02817592592592593
1 0.459359375 0.14437962962962964 0.006734375000000033 0.029583333333333323
1 0.5251197916666667 0.15494444444444444 0.005151041666666719 0.029583333333333323
1 0.5762291666666666 0.14226851851851852 0.005151041666666601 0.030990740740740715
1 0.47280729166666663 0.12416666666666666 0.003911458333333328 0.024620370370370362
1 0.4857552083333333 0.15575 0.006322916666666719 0.029972222222222226
1 0.5017083333333333 0.11801851851851852 0.005718750000000009 0.02408333333333334
1 0.4974947916666667 0.1268425925925926 0.006921874999999981 0.02675925925925925
0 0.5030625 0.14022222222222222 0.005416666666666714 0.009629629629629608