1 0.262890625 0.34375 0.02734375 0.11805555555555555
1 0.02109375 0.3854166666666667 0.03125 0.12361111111111112
1 0.49296875 0.5645833333333333 0.0296875 0.15138888888888888
1 0.14453125 0.35833333333333334 0.025 0.1111111111111111
1 0.233984375 0.2708333333333333 0.02734375 0.10555555555555556
1 0.586328125 0.38263888888888886 0.03515625 0.11527777777777778
1 0.4548203125 0.2283888888888889 0.028382812499999945 0.10154166666666668
1 0.083984375 0.2625 0.02578125 0.09444444444444444
1 0.6515625 0.5513888888888889 0.05 0.1361111111111111
1 0.61953125 0.31805555555555554 0.028125 0.1361111111111111
2 0.71796875 0.38263888888888886 0.03125 0.12916666666666668
1 0.869921875 0.24513888888888888 0.03046875 0.09305555555555556
1 0.869921875 0.2465277777777778 0.03203125 0.09027777777777778
1 0.97890625 0.9055555555555556 0.0421875 0.18888888888888888
0 0.568359375 0.5208333333333334 0.01171875 0.022222222222222223
1 0.76215625 0.21141666666666667 0.01909375000000004 0.09568055555555553