1 0.14375 0.4909722222222222 0.028125 0.12361111111111112
1 0.1953125 0.37083333333333335 0.021875 0.1
1 0.20859375 0.5784722222222223 0.0296875 0.14305555555555555
1 0.48046875 0.30972222222222223 0.025 0.08888888888888889
1 0.6015625 0.41875 0.0234375 0.10694444444444444
1 0.298828125 0.2722222222222222 0.01953125 0.09166666666666666
1 0.710546875 0.6743055555555556 0.04453125 0.11527777777777778
1 0.516015625 0.3715277777777778 0.02109375 0.10416666666666667
1 0.0875 0.21041666666666667 0.015625 0.07916666666666666
1 0.687109375 0.25763888888888886 0.01953125 0.08472222222222223
1 0.7484375 0.7048611111111112 0.0359375 0.12916666666666668