1 0.7317708333333334 0.22268518518518518 0.007291666666666667 0.03333333333333333
1 0.4546875 0.2 0.0078125 0.03148148148148148
1 0.3575520833333333 0.28055555555555556 0.0078125 0.03425925925925926
1 0.3953125 0.5523148148148148 0.013020833333333334 0.04722222222222222
1 0.28880208333333335 0.3787037037037037 0.008854166666666666 0.03981481481481482
1 0.3182291666666667 0.3287037037037037 0.0078125 0.03888888888888889
1 0.5791666666666667 0.1648148148148148 0.007291666666666667 0.030555555555555555
1 0.6520833333333333 0.4083333333333333 0.0109375 0.046296296296296294
2 0.45807291666666666 0.08472222222222223 0.0067708333333333336 0.028703703703703703
1 0.22109375 0.22592592592592592 0.0067708333333333336 0.030555555555555555
1 0.5283854166666667 0.16111111111111112 0.007291666666666667 0.032407407407407406
2 0.47161458333333334 0.29814814814814816 0.008854166666666666 0.03796296296296296
1 0.6588541666666666 0.2412037037037037 0.0067708333333333336 0.03333333333333333
1 0.37890625 0.23796296296296296 0.009375 0.03796296296296296
1 0.38984375 0.20833333333333334 0.007291666666666667 0.02962962962962963
1 0.3734375 0.40370370370370373 0.011458333333333333 0.03888888888888889
1 0.40338541666666666 0.24861111111111112 0.008333333333333333 0.03611111111111111
1 0.39759375 0.19410185185185186 0.005765624999999967 0.032231481481481486
1 0.5498333333333334 0.14100000000000001 0.007005208333333238 0.024175925925925938
1 0.5597239583333333 0.12305555555555556 0.005354166666666771 0.029296296296296282
1 0.5376822916666666 0.10987037037037037 0.004119791666666591 0.0249074074074074
1 0.5420052083333334 0.10437962962962963 0.005354166666666771 0.025638888888888888
0 0.5473645833333334 0.11536111111111111 0.0037083333333332766 0.008055555555555545