1 0.18359375 0.5618055555555556 0.040625 0.1486111111111111
1 0.772265625 0.37222222222222223 0.04921875 0.11944444444444445
1 0.263671875 0.40069444444444446 0.04453125 0.12361111111111112
1 0.353125 0.3451388888888889 0.0375 0.10972222222222222
1 0.591796875 0.5902777777777778 0.04296875 0.14722222222222223
1 0.74496875 0.6076388888888888 0.04930468749999992 0.15138888888888888
1 0.569140625 0.3173611111111111 0.02421875 0.09583333333333334
1 0.744921875 0.3034722222222222 0.02578125 0.10972222222222222
1 0.663671875 0.34444444444444444 0.03984375 0.1111111111111111
1 0.51775 0.31527777777777777 0.033937500000000044 0.09722222222222222
1 0.39375 0.4173611111111111 0.0359375 0.12083333333333333
1 0.59965625 0.27052777777777776 0.035070312500000075 0.11727777777777777
2 0.8703125 0.4791666666666667 0.0421875 0.14444444444444443
1 0.33984375 0.9527777777777777 0.0359375 0.09444444444444444
2 0.4828125 0.23055555555555557 0.0234375 0.09444444444444444
0 0.591796875 0.32916666666666666 0.01015625 0.019444444444444445
0 0.755078125 0.4201388888888889 0.00859375 0.02361111111111111