1 0.3567708333333333 0.18101851851851852 0.0078125 0.03148148148148148
1 0.4791666666666667 0.25833333333333336 0.008333333333333333 0.03611111111111111
2 0.5442708333333334 0.28935185185185186 0.0067708333333333336 0.03425925925925926
1 0.65703125 0.3055555555555556 0.0078125 0.03888888888888889
1 0.49296875 0.1763888888888889 0.005729166666666666 0.03333333333333333
1 0.36380208333333336 0.4050925925925926 0.010416666666666666 0.040740740740740744
1 0.41328125 0.2986111111111111 0.008333333333333333 0.03981481481481482
1 0.6302083333333334 0.5708333333333333 0.010416666666666666 0.04722222222222222
1 0.28932291666666665 0.34953703703703703 0.008854166666666666 0.040740740740740744
1 0.63671875 0.3055555555555556 0.0078125 0.03888888888888889
1 0.6052083333333333 0.6805555555555556 0.010416666666666666 0.05648148148148148
1 0.3109375 0.5597222222222222 0.011979166666666667 0.05277777777777778
1 0.4322916666666667 0.1486111111111111 0.00625 0.02962962962962963
1 0.45859375 0.15138888888888888 0.00625 0.028703703703703703
1 0.34609375 0.12638888888888888 0.00625 0.02962962962962963
1 0.6713541666666667 0.21342592592592594 0.007291666666666667 0.03611111111111111
1 0.6604166666666667 0.20833333333333334 0.0067708333333333336 0.032407407407407406
2 0.36171875 0.0875 0.00625 0.028703703703703703
2 0.6276041666666666 0.9856481481481482 0.018229166666666668 0.028703703703703703
1 0.55078125 0.19775925925925927 0.0063229166666666 0.029435185185185203
1 0.335375 0.10008333333333333 0.005416666666666714 0.022481481481481484
1 0.2685416666666667 0.14959259259259258 0.0066250000000000146 0.01980555555555554
1 0.27486458333333336 0.16162962962962962 0.007223958333333277 0.028898148148148128
0 0.30617187500000004 0.1415648148148148 0.007223958333333277 0.011240740740740728