1 0.2109375 0.44166666666666665 0.034375 0.1388888888888889
1 0.494921875 0.36041666666666666 0.03359375 0.12916666666666668
1 0.13046875 0.6340277777777777 0.0296875 0.1625
1 0.736328125 0.6034722222222222 0.04609375 0.16805555555555557
1 0.014453125 0.3236111111111111 0.02890625 0.11944444444444445
1 0.164453125 0.31875 0.02890625 0.12361111111111112
1 0.5891953125 0.24320833333333336 0.028382812499999945 0.11975000000000004
1 0.137109375 0.2361111111111111 0.02421875 0.10277777777777777
1 0.18841406249999998 0.26944444444444443 0.03724218750000001 0.1
1 0.994921875 0.35555555555555557 0.01015625 0.09166666666666666
0 0.577734375 0.2923611111111111 0.01015625 0.018055555555555554