1 0.90625 0.26944444444444443 0.010416666666666666 0.03518518518518519
1 0.5177083333333333 0.24259259259259258 0.00625 0.03796296296296296
1 0.8434895833333333 0.4740740740740741 0.011458333333333333 0.03888888888888889
1 0.6388020833333333 0.29212962962962963 0.008333333333333333 0.037037037037037035
1 0.5583333333333333 0.3699074074074074 0.009375 0.03888888888888889
1 0.52109375 0.5523148148148148 0.009895833333333333 0.04814814814814815
2 0.7106770833333333 0.3537037037037037 0.0078125 0.037037037037037035
1 0.8802083333333334 0.44537037037037036 0.011458333333333333 0.03981481481481482
1 0.8317708333333333 0.4185185185185185 0.0109375 0.037037037037037035
1 0.8994531250000001 0.4335648148148148 0.010463541666666742 0.04213888888888888
1 0.66484375 0.325 0.008854166666666666 0.03611111111111111
1 0.8705729166666667 0.41574074074074074 0.0125 0.04537037037037037
1 0.8892343749999999 0.4117685185185185 0.007093749999999943 0.03901851851851851
1 0.748671875 0.3359074074074074 0.008020833333333382 0.03802777777777783
1 0.8745625 0.3006574074074074 0.00579166666666661 0.04040740740740739
1 0.88590625 0.4257037037037037 0.006947916666666743 0.04254629629629634
1 0.8712395833333333 0.4259351851851852 0.007463541666666629 0.03202777777777781
1 0.8444739583333334 0.41724074074074075 0.009520833333333438 0.04391666666666662
1 0.8372708333333333 0.39894444444444443 0.005406250000000057 0.032944444444444484
2 0.5013072916666667 0.11231481481481483 0.008234374999999971 0.033398148148148156
0 0.5329583333333333 0.32299074074074074 0.005661458333333276 0.010981481481481495