1 0.475390625 0.44583333333333336 0.02109375 0.14444444444444443
1 0.8234375 0.47291666666666665 0.0265625 0.1486111111111111
1 0.533984375 0.6597222222222222 0.03359375 0.15833333333333333
1 0.347265625 0.22708333333333333 0.02421875 0.1125
1 0.4234375 0.7006944444444444 0.040625 0.14583333333333334
1 0.547265625 0.4076388888888889 0.02421875 0.13194444444444445
1 0.993359375 0.46111111111111114 0.01328125 0.13333333333333333
1 0.88828125 0.2861111111111111 0.0234375 0.1111111111111111
1 0.529296875 0.09513888888888888 0.01484375 0.0375
1 0.3484375 0.22430555555555556 0.0234375 0.10972222222222222
1 0.067578125 0.6673611111111111 0.02734375 0.11527777777777778
1 0.54765625 0.3770833333333333 0.025 0.08194444444444444
1 0.350390625 0.22083333333333333 0.02578125 0.10277777777777777
1 0.062890625 0.6701388888888888 0.02890625 0.11527777777777778
0 0.228515625 0.6673611111111111 0.01484375 0.02638888888888889