1 0.525 0.5833333333333334 0.0375 0.1361111111111111
2 0.4703125 0.42291666666666666 0.025 0.10972222222222222
1 0.8 0.4736111111111111 0.0390625 0.11944444444444445
1 0.961328125 0.6125 0.03984375 0.125
1 0.63671875 0.5333333333333333 0.025 0.12222222222222222
1 0.16484375 0.45208333333333334 0.025 0.11527777777777778
1 0.29921875 0.4756944444444444 0.0234375 0.1125
1 0.887109375 0.4756944444444444 0.03671875 0.11805555555555555
1 0.45703125 0.31666666666666665 0.0328125 0.07777777777777778
1 0.24375 0.4548611111111111 0.0296875 0.10694444444444444
1 0.56015625 0.3229166666666667 0.0234375 0.07916666666666666
1 0.084375 0.3375 0.0203125 0.09444444444444444
1 0.620703125 0.29583333333333334 0.02578125 0.06944444444444445
1 0.601171875 0.45 0.03515625 0.11666666666666667
1 0.730078125 0.3527777777777778 0.03203125 0.09722222222222222
1 0.527734375 0.3501527777777778 0.02734375 0.08888888888888889
1 0.4890625 0.26805555555555555 0.021875 0.05555555555555555
1 0.60390625 0.4388888888888889 0.0296875 0.09444444444444444
0 0.497265625 0.28888888888888886 0.00703125 0.016666666666666666