1 0.75234375 0.44351851851851853 0.018229166666666668 0.053703703703703705
1 0.7338541666666667 0.32314814814814813 0.0125 0.03333333333333333
1 0.5697916666666667 0.41712962962962963 0.019791666666666666 0.03981481481481482
1 0.6794270833333333 0.31342592592592594 0.0140625 0.03611111111111111
1 0.37552083333333336 0.2722222222222222 0.008333333333333333 0.03333333333333333
2 0.44583333333333336 0.3587962962962963 0.009375 0.03611111111111111
1 0.5744791666666667 0.3388888888888889 0.013541666666666667 0.037037037037037035
1 0.6567708333333333 0.2601851851851852 0.013541666666666667 0.037037037037037035
1 0.5013020833333334 0.3277777777777778 0.013020833333333334 0.037037037037037035
1 0.16145833333333334 0.2611111111111111 0.008333333333333333 0.037037037037037035
1 0.6044270833333333 0.17685185185185184 0.0067708333333333336 0.03333333333333333
1 0.5947916666666667 0.17916666666666667 0.010416666666666666 0.03611111111111111
2 0.41328125 0.07962962962962963 0.008854166666666666 0.02962962962962963
1 0.5950520833333334 0.4074074074074074 0.015104166666666667 0.040740740740740744
1 0.41432291666666665 0.325 0.009895833333333333 0.03888888888888889
1 0.6239583333333333 0.6370370370370371 0.019791666666666666 0.053703703703703705
1 0.3609375 0.3837962962962963 0.009375 0.03981481481481482
1 0.49895833333333334 0.30324074074074076 0.013541666666666667 0.03148148148148148
1 0.5958333333333333 0.6393518518518518 0.015625 0.049074074074074076
0 0.62421875 0.41759259259259257 0.007291666666666667 0.010185185185185186
1 0.62265625 0.24861111111111112 0.013541666666666667 0.03148148148148148
1 0.5486979166666667 0.2050925925925926 0.0125 0.030555555555555555
1 0.44973958333333336 0.15833333333333333 0.0078125 0.03333333333333333
1 0.42239583333333336 0.2439814814814815 0.014583333333333334 0.040740740740740744