1 0.58515625 0.80625 0.0421875 0.1597222222222222
1 0.841796875 0.5368055555555555 0.04140625 0.11527777777777778
1 0.541015625 0.23333333333333334 0.02890625 0.07777777777777778
1 0.39921875 0.5333333333333333 0.046875 0.1111111111111111
1 0.79375 0.4111111111111111 0.03125 0.10833333333333334
2 0.886328125 0.4236111111111111 0.03359375 0.11388888888888889
1 0.7359375 0.3333333333333333 0.0375 0.09166666666666666
1 0.4140625 0.3548611111111111 0.0265625 0.09305555555555556
1 0.509375 0.37222222222222223 0.0296875 0.10277777777777777
1 0.700390625 0.19791666666666666 0.01640625 0.07083333333333333
1 0.494140625 0.5923611111111111 0.04453125 0.09861111111111111
1 0.548828125 0.5756944444444444 0.02734375 0.13194444444444445
1 0.59375 0.4583333333333333 0.03125 0.10555555555555556
2 0.59296875 0.12430555555555556 0.01875 0.06527777777777778