1 0.3078125 0.4217592592592593 0.0109375 0.03981481481481482
1 0.44505208333333335 0.4162037037037037 0.0078125 0.044444444444444446
1 0.2716145833333333 0.20833333333333334 0.008854166666666666 0.03333333333333333
1 0.2421875 0.2791666666666667 0.010416666666666666 0.037037037037037035
1 0.215625 0.3560185185185185 0.010416666666666666 0.037037037037037035
1 0.38385416666666666 0.24814814814814815 0.0078125 0.03425925925925926
1 0.24479166666666666 0.5689814814814815 0.014583333333333334 0.05
1 0.8770833333333333 0.35324074074074074 0.011979166666666667 0.041666666666666664
1 0.29635416666666664 0.3472222222222222 0.009895833333333333 0.03981481481481482
1 0.30416666666666664 0.15092592592592594 0.007291666666666667 0.028703703703703703
2 0.4119791666666667 0.287962962962963 0.0067708333333333336 0.03518518518518519
2 0.2682291666666667 0.11388888888888889 0.007291666666666667 0.026851851851851852
1 0.5908854166666667 0.22870370370370371 0.008333333333333333 0.032407407407407406
1 0.48333333333333334 0.2740740740740741 0.00625 0.03611111111111111
2 0.7291666666666666 0.950462962962963 0.015625 0.049074074074074076
1 0.53515625 0.2962962962962963 0.00625 0.03425925925925926
1 0.14765625 0.48333333333333334 0.013020833333333334 0.04351851851851852
1 0.10182291666666667 0.8763888888888889 0.020833333333333332 0.05
1 0.5778645833333333 0.5078703703703704 0.009895833333333333 0.049074074074074076
1 0.4724895833333333 0.1277962962962963 0.010276041666666676 0.025768518518518503
1 0.313921875 0.3977685185185185 0.009895833333333333 0.044444444444444446
1 0.8533854166666667 0.34074074074074073 0.0125 0.028703703703703703
1 0.12691666666666668 0.5683425925925926 0.012348958333333323 0.04634259259259255
1 0.3629114583333333 0.2756388888888889 0.009604166666666695 0.03659259259259257
0 0.523609375 0.3107685185185185 0.005083333333333329 0.007592592592592635