1 0.6635416666666667 0.35138888888888886 0.0078125 0.03611111111111111
1 0.40625 0.3351851851851852 0.008333333333333333 0.03425925925925926
1 0.38645833333333335 0.4185185185185185 0.008333333333333333 0.04351851851851852
1 0.26979166666666665 0.5018518518518519 0.011458333333333333 0.05
1 0.6380208333333334 0.2953703703703704 0.0078125 0.03888888888888889
2 0.9065104166666667 0.7375 0.013541666666666667 0.04537037037037037
1 0.63671875 0.5342592592592592 0.0109375 0.044444444444444446
1 0.60390625 0.27870370370370373 0.007291666666666667 0.03888888888888889
1 0.4786458333333333 0.3611111111111111 0.008854166666666666 0.03796296296296296
1 0.290625 0.2902777777777778 0.010416666666666666 0.037037037037037035
1 0.5578125 0.2847222222222222 0.0078125 0.03611111111111111
1 0.4908854166666667 0.2712962962962963 0.008333333333333333 0.03425925925925926
1 0.4708333333333333 0.324537037037037 0.009375 0.037037037037037035
1 0.4549479166666667 0.14027777777777778 0.005729166666666666 0.026851851851851852
1 0.6161458333333333 0.3611111111111111 0.007291666666666667 0.037037037037037035
1 0.6346354166666667 0.5708333333333333 0.013020833333333334 0.04722222222222222
1 0.5109375 0.3662037037037037 0.0109375 0.040740740740740744
2 0.21614583333333334 0.1537037037037037 0.007291666666666667 0.028703703703703703
1 0.38385416666666666 0.23425925925925925 0.008854166666666666 0.032407407407407406
2 0.5385416666666667 0.3277777777777778 0.0078125 0.037037037037037035
1 0.4769114583333333 0.24470370370370367 0.009552083333333291 0.03448148148148149
1 0.55521875 0.28844444444444445 0.006947916666666743 0.0334537037037037
1 0.5384270833333333 0.19015740740740741 0.00926562499999998 0.03550925925925928
1 0.7475729166666666 0.25834259259259257 0.007234374999999934 0.037055555555555536
0 0.42278125 0.33193518518518517 0.0060781250000000375 0.007203703703703678