1 0.9684895833333333 0.33611111111111114 0.0125 0.03888888888888889
1 0.33125 0.29398148148148145 0.010416666666666666 0.03611111111111111
1 0.34140625 0.4337962962962963 0.0125 0.046296296296296294
1 0.6322916666666667 0.17916666666666667 0.007291666666666667 0.028703703703703703
1 0.5208333333333334 0.17222222222222222 0.00625 0.02962962962962963
1 0.47265625 0.4634259259259259 0.013020833333333334 0.044444444444444446
1 0.7330729166666666 0.26851851851851855 0.008333333333333333 0.03611111111111111
1 0.7458333333333333 0.46296296296296297 0.011458333333333333 0.041666666666666664
1 0.5817708333333333 0.19166666666666668 0.0067708333333333336 0.027777777777777776
1 0.44635416666666666 0.16898148148148148 0.007291666666666667 0.03333333333333333
1 0.13489583333333333 0.2439814814814815 0.009895833333333333 0.03518518518518519
1 0.46588541666666666 0.29444444444444445 0.008854166666666666 0.037037037037037035
1 0.6703125 0.5898148148148148 0.015625 0.05092592592592592
1 0.5390625 0.2833333333333333 0.007291666666666667 0.03611111111111111
1 0.6466145833333333 0.17824074074074073 0.0078125 0.027777777777777776
1 0.5361979166666667 0.11805555555555555 0.005729166666666666 0.021296296296296296
2 0.56484375 0.2662037037037037 0.0078125 0.03333333333333333
1 0.72265625 0.2611111111111111 0.009895833333333333 0.028703703703703703
1 0.35234375 0.23287037037037037 0.010416666666666666 0.03611111111111111
1 0.33098958333333334 0.07824074074074074 0.00625 0.025925925925925925
1 0.540359375 0.14502777777777778 0.007828125000000104 0.027833333333333335
1 0.5630208333333333 0.14137037037037037 0.006182291666666609 0.027833333333333335
1 0.48741666666666666 0.1091388888888889 0.004119791666666709 0.021972222222222226
1 0.42046354166666666 0.10730555555555556 0.005354166666666652 0.024175925925925913
2 0.38049479166666667 0.09375925925925926 0.01030208333333332 0.02929629629629631
1 0.5144010416666667 0.12012962962962964 0.007828124999999986 0.029296296296296282