1 0.212109375 0.8534722222222222 0.04296875 0.1875
1 0.63828125 0.40555555555555556 0.0375 0.11944444444444445
1 0.50703125 0.46597222222222223 0.0265625 0.1125
1 0.135546875 0.3840277777777778 0.02578125 0.12361111111111112
1 0.50390625 0.26805555555555555 0.025 0.11388888888888889
1 0.230859375 0.38125 0.03359375 0.12638888888888888
1 0.021484375 0.5138888888888888 0.02734375 0.13055555555555556
1 0.957421875 0.2590277777777778 0.02421875 0.10972222222222222
1 0.02265625 0.4395833333333333 0.025 0.10972222222222222
1 0.289453125 0.3076388888888889 0.01953125 0.10416666666666667
1 0.957421875 0.2590277777777778 0.02421875 0.10972222222222222
0 0.640625 0.4423611111111111 0.0109375 0.018055555555555554