1 0.5408854166666667 0.6078703703703704 0.0140625 0.04351851851851852
1 0.34088541666666666 0.5222222222222223 0.010416666666666666 0.03981481481481482
1 0.22760416666666666 0.8865740740740741 0.014583333333333334 0.05648148148148148
1 0.39401041666666664 0.4777777777777778 0.0125 0.04259259259259259
1 0.8328125 0.3060185185185185 0.011458333333333333 0.032407407407407406
1 0.6846354166666667 0.7476851851851852 0.0171875 0.05
1 0.23541666666666666 0.6462962962962963 0.010416666666666666 0.044444444444444446
1 0.24453125 0.4064814814814815 0.0109375 0.03981481481481482
1 0.6877604166666667 0.3611111111111111 0.0109375 0.041666666666666664
1 0.5125 0.3439814814814815 0.008333333333333333 0.03518518518518519
1 0.2890625 0.2162037037037037 0.0067708333333333336 0.03333333333333333
1 0.6580729166666667 0.3675925925925926 0.008854166666666666 0.03981481481481482
1 0.4669270833333333 0.18564814814814815 0.0067708333333333336 0.03148148148148148
1 0.309375 0.2851851851851852 0.008333333333333333 0.032407407407407406
1 0.7442708333333333 0.23703703703703705 0.009375 0.032407407407407406
2 0.9674479166666666 0.7962962962962963 0.022395833333333334 0.04814814814814815
1 0.24869791666666666 0.4375 0.014583333333333334 0.046296296296296294
2 0.3880208333333333 0.3726851851851852 0.009375 0.037037037037037035
1 0.5104166666666666 0.1337962962962963 0.00625 0.027777777777777776
2 0.21170833333333333 0.13381481481481483 0.010255208333333361 0.030601851851851863
1 0.309875 0.1442314814814815 0.007328124999999967 0.029305555555555536
1 0.7481302083333333 0.27055555555555555 0.013552083333333324 0.028000000000000008
0 0.8151562499999999 0.3207037037037037 0.0054947916666667615 0.011074074074074108