1 0.7213541666666666 0.42824074074074076 0.011458333333333333 0.05092592592592592
1 0.4703125 0.325 0.007291666666666667 0.041666666666666664
1 0.48411458333333335 0.5541666666666667 0.010416666666666666 0.04722222222222222
1 0.61640625 0.32314814814814813 0.008333333333333333 0.03796296296296296
1 0.703125 0.2657407407407407 0.008333333333333333 0.040740740740740744
1 0.5888020833333333 0.15462962962962962 0.005729166666666666 0.02962962962962963
1 0.45703125 0.2587962962962963 0.007291666666666667 0.037037037037037035
1 0.5981770833333333 0.6291666666666667 0.013020833333333334 0.05
2 0.9388020833333334 0.9194444444444444 0.019270833333333334 0.05
1 0.5841145833333333 0.39537037037037037 0.007291666666666667 0.041666666666666664
1 0.5421875 0.37407407407407406 0.00625 0.044444444444444446
1 0.5567708333333333 0.325 0.007291666666666667 0.04259259259259259
2 0.4661458333333333 0.3921296296296296 0.007291666666666667 0.04259259259259259
1 0.5033854166666667 0.3560185185185185 0.007291666666666667 0.040740740740740744
1 0.56640625 0.2962962962962963 0.00625 0.03518518518518519
1 0.5424479166666667 0.35324074074074074 0.007291666666666667 0.044444444444444446
1 0.5276041666666667 0.40925925925925927 0.009895833333333333 0.04537037037037037
1 0.4861979166666667 0.24074074074074073 0.005729166666666666 0.03518518518518519
1 0.5408854166666667 0.3175925925925926 0.0078125 0.040740740740740744
1 0.5504270833333333 0.4099537037037037 0.01002083333333322 0.04397222222222223
0 0.483421875 0.3420462962962963 0.0075156250000000336 0.013916666666666641
1 0.401078125 0.28248148148148144 0.012526041666666644 0.038407407407407425
1 0.48483333333333334 0.1973240740740741 0.009078125000000032 0.03617592592592592
2 0.42643749999999997 0.10380555555555555 0.008765624999999963 0.025046296296296306