1 0.77890625 0.6659722222222222 0.046875 0.17083333333333334
1 0.603125 0.4840277777777778 0.03125 0.1486111111111111
1 0.357421875 0.4131944444444444 0.02578125 0.1375
1 0.180859375 0.36875 0.03359375 0.14027777777777778
2 0.505859375 0.45902777777777776 0.02890625 0.14027777777777778
1 0.174609375 0.6083333333333333 0.02734375 0.1527777777777778
1 0.63203125 0.27847222222222223 0.0203125 0.09861111111111111
1 0.25 0.39791666666666664 0.0234375 0.14027777777777778
1 0.08359375 0.4111111111111111 0.0265625 0.1388888888888889
1 0.0390625 0.4548611111111111 0.025 0.13472222222222222
1 0.11171875 0.4263888888888889 0.0265625 0.14722222222222223
1 0.060546875 0.4798611111111111 0.02265625 0.1486111111111111
1 0.66640625 0.2972222222222222 0.0234375 0.10277777777777777
1 0.482421875 0.29791666666666666 0.03046875 0.09861111111111111
1 0.148828125 0.40625 0.03359375 0.14305555555555555
1 0.40629687499999995 0.26744444444444443 0.02439062500000002 0.09012499999999998
2 0.5413593750000001 0.18788888888888888 0.030124999999999957 0.09676388888888891
1 0.42578125 0.2611111111111111 0.0234375 0.06944444444444445
1 0.14453125 0.4076388888888889 0.025 0.1375
0 0.612890625 0.31666666666666665 0.01015625 0.022222222222222223