1 0.60625 0.35324074074074074 0.0067708333333333336 0.03333333333333333
1 0.43359375 0.6087962962962963 0.010416666666666666 0.04351851851851852
1 0.9825520833333333 0.337037037037037 0.0140625 0.03796296296296296
1 0.5919270833333333 0.6694444444444444 0.009895833333333333 0.05
1 0.6815104166666667 0.2763888888888889 0.008333333333333333 0.03981481481481482
1 0.28880208333333335 0.29259259259259257 0.0067708333333333336 0.03888888888888889
2 0.9158854166666667 0.9444444444444444 0.019270833333333334 0.049074074074074076
1 0.43255208333333334 0.48564814814814816 0.0078125 0.03888888888888889
1 0.4078125 0.30787037037037035 0.007291666666666667 0.03981481481481482
1 0.3171875 0.23657407407407408 0.00625 0.03518518518518519
1 0.5807291666666666 0.16203703703703703 0.0078125 0.028703703703703703
1 0.3575520833333333 0.45740740740740743 0.0078125 0.04351851851851852
1 0.57890625 0.4273148148148148 0.009375 0.041666666666666664
1 0.4578125 0.275 0.0067708333333333336 0.03611111111111111
1 0.47994791666666664 0.25787037037037036 0.0067708333333333336 0.03425925925925926
1 0.3684895833333333 0.3731481481481482 0.0078125 0.040740740740740744
1 0.32890625 0.35138888888888886 0.007291666666666667 0.03888888888888889
1 0.9885416666666667 0.07731481481481481 0.008333333333333333 0.021296296296296296
1 0.49635416666666665 0.2847222222222222 0.0067708333333333336 0.037037037037037035
2 0.44299999999999995 0.4086851851851852 0.007416666666666671 0.038592592592592546
1 0.9625 0.07731481481481481 0.0078125 0.020370370370370372
1 0.44885937499999995 0.4271574074074074 0.008713541666666677 0.04014814814814816
1 0.45083854166666665 0.3465185185185185 0.00792187500000002 0.032398148148148155
0 0.5964322916666667 0.3736296296296296 0.005942708333333257 0.009157407407407395
1 0.7236041666666666 0.48103703703703704 0.008317708333333229 0.050712962962962946
2 0.3250572916666667 0.11797222222222221 0.009109375000000005 0.027472222222222238
1 0.47540104166666663 0.19368518518518518 0.00792187500000002 0.032398148148148155