1 0.53203125 0.3509259259259259 0.0078125 0.03888888888888889
1 0.3927083333333333 0.31203703703703706 0.008333333333333333 0.03611111111111111
1 0.30520833333333336 0.27314814814814814 0.009895833333333333 0.03518518518518519
1 0.4049479166666667 0.40185185185185185 0.009895833333333333 0.04351851851851852
1 0.7440104166666667 0.2574074074074074 0.0078125 0.03796296296296296
1 0.5322916666666667 0.17407407407407408 0.0067708333333333336 0.030555555555555555
1 0.6046875 0.36203703703703705 0.0078125 0.040740740740740744
1 0.49557291666666664 0.3625 0.008854166666666666 0.04259259259259259
1 0.2786458333333333 0.4824074074074074 0.010416666666666666 0.044444444444444446
1 0.6700520833333333 0.5449074074074074 0.009895833333333333 0.05
1 0.6315104166666666 0.2861111111111111 0.0067708333333333336 0.03888888888888889
1 0.6536458333333334 0.48564814814814816 0.009375 0.044444444444444446
1 0.46770833333333334 0.12731481481481483 0.0067708333333333336 0.027777777777777776
1 0.4822916666666667 0.23842592592592593 0.007291666666666667 0.032407407407407406
1 0.40859375 0.22407407407407406 0.007291666666666667 0.03425925925925926
2 0.8940104166666667 0.7342592592592593 0.017708333333333333 0.049074074074074076
2 0.5442708333333334 0.3189814814814815 0.008333333333333333 0.03888888888888889
1 0.47734375 0.3013888888888889 0.009895833333333333 0.03611111111111111
1 0.649015625 0.34497222222222224 0.007109375000000047 0.03852777777777779
1 0.5350625 0.28114814814814815 0.010161458333333389 0.03852777777777779
1 0.548609375 0.2694166666666667 0.009484375000000019 0.03190740740740744
1 0.6009270833333333 0.27151851851851855 0.009822916666666733 0.03973148148148145
2 0.226046875 0.15231481481481482 0.007109374999999988 0.028898148148148128
0 0.47427604166666665 0.24683333333333332 0.00440104166666669 0.009629629629629608
1 0.478171875 0.23509259259259258 0.005416666666666714 0.029499999999999988