1 0.14765625 0.37222222222222223 0.034375 0.1388888888888889
1 0.07578125 0.32013888888888886 0.0265625 0.12361111111111112
1 0.553515625 0.39861111111111114 0.03046875 0.13333333333333333
1 0.705078125 0.31805555555555554 0.02109375 0.11666666666666667
2 0.259375 0.39305555555555555 0.0328125 0.13333333333333333
1 0.19375 0.2916666666666667 0.0171875 0.1111111111111111
1 0.332421875 0.30833333333333335 0.02109375 0.11944444444444445
1 0.591015625 0.48194444444444445 0.02578125 0.1388888888888889
1 0.301953125 0.25 0.02265625 0.1
1 0.491796875 0.3034722222222222 0.03359375 0.11527777777777778
1 0.036328125 0.23541666666666666 0.02578125 0.10416666666666667
1 0.01171875 0.39861111111111114 0.0234375 0.1388888888888889
1 0.91484375 0.25 0.021875 0.10555555555555556
2 0.69296875 0.2013888888888889 0.015625 0.08611111111111111
1 0.692578125 0.20208333333333334 0.01484375 0.0875