1 0.64346875 0.22989814814814813 0.0067968750000000945 0.03337962962962964
1 0.71484375 0.24768518518518517 0.008333333333333333 0.03518518518518519
1 0.5088541666666667 0.3861111111111111 0.008333333333333333 0.041666666666666664
1 0.6135416666666667 0.16898148148148148 0.00625 0.025925925925925925
2 0.50859375 0.28194444444444444 0.007291666666666667 0.03518518518518519
1 0.5794270833333334 0.5300925925925926 0.008333333333333333 0.046296296296296294
1 0.11640625 0.2689814814814815 0.009375 0.03518518518518519
1 0.44427083333333334 0.14166666666666666 0.00625 0.027777777777777776
1 0.46171875 0.13240740740740742 0.005729166666666666 0.025925925925925925
1 0.37838541666666664 0.2916666666666667 0.008333333333333333 0.037037037037037035
1 0.5411458333333333 0.2439814814814815 0.007291666666666667 0.030555555555555555
1 0.7268229166666667 0.4986111111111111 0.0109375 0.03981481481481482
1 0.57109375 0.16620370370370371 0.00625 0.026851851851851852
1 0.49661458333333336 0.18287037037037038 0.0067708333333333336 0.02962962962962963
1 0.3740729166666667 0.38330555555555557 0.005333333333333338 0.04062962962962963
1 0.5020677083333334 0.23803703703703702 0.0076197916666667235 0.03453703703703702
1 0.4864479166666667 0.18250925925925926 0.006859375000000038 0.027768518518518526
1 0.400359375 0.22991666666666666 0.005333333333333338 0.030472222222222192
1 0.532921875 0.15373148148148147 0.0053333333333332785 0.028444444444444418
1 0.5474010416666667 0.14458333333333334 0.00838020833333341 0.025055555555555557
2 0.42607291666666663 0.10564814814814814 0.006473958333333366 0.027092592592592585
1 0.6022552083333333 0.18183333333333332 0.003807291666666638 0.02912037037037036
1 0.6479010416666667 0.22287962962962965 0.005031249999999924 0.03578703703703704