1 0.2552083333333333 0.625 0.014583333333333334 0.04537037037037037
1 0.4361979166666667 0.2884259259259259 0.0078125 0.032407407407407406
1 0.25729166666666664 0.23981481481481481 0.0078125 0.03425925925925926
1 0.221875 0.38425925925925924 0.011979166666666667 0.041666666666666664
1 0.26640625 0.3375 0.010416666666666666 0.03888888888888889
1 0.5640625 0.43796296296296294 0.017708333333333333 0.03888888888888889
1 0.43802083333333336 0.2125 0.0078125 0.032407407407407406
1 0.5640625 0.5231481481481481 0.011979166666666667 0.037037037037037035
1 0.5471354166666667 0.32037037037037036 0.011458333333333333 0.03796296296296296
1 0.3846041666666667 0.308962962962963 0.012953124999999944 0.029953703703703725
1 0.6390625 0.24027777777777778 0.008333333333333333 0.03518518518518519
2 0.4942708333333333 0.2777777777777778 0.008854166666666666 0.037037037037037035
2 0.9255208333333333 0.8268518518518518 0.01875 0.04259259259259259
1 0.8270833333333333 0.25601851851851853 0.010416666666666666 0.03518518518518519
1 0.5145833333333333 0.15555555555555556 0.008333333333333333 0.027777777777777776
0 0.29401041666666666 0.37962962962962965 0.005208333333333333 0.017592592592592594
1 0.3846354166666667 0.3236111111111111 0.009375 0.032407407407407406
1 0.6088541666666667 0.22407407407407406 0.0078125 0.030555555555555555
1 0.60078125 0.34074074074074073 0.011979166666666667 0.040740740740740744
1 0.350109375 0.2818333333333333 0.012281249999999962 0.03479629629629633
1 0.5549479166666667 0.5171296296296296 0.0140625 0.03888888888888889
1 0.41242708333333333 0.2795740740740741 0.011567708333333352 0.022851851851851807
1 0.34943749999999996 0.19006481481481483 0.007286458333333338 0.0312314814814815
1 0.40085937499999996 0.18473148148148147 0.008140625000000058 0.028185185185185185
2 0.25966666666666666 0.12187962962962963 0.00685416666666665 0.02742592592592593
1 0.44178125 0.26014814814814813 0.0077135416666666385 0.03885185185185189