1 0.7958333333333333 0.6277777777777778 0.0125 0.04722222222222222
1 0.7796875 0.4425925925925926 0.009895833333333333 0.041666666666666664
1 0.5950520833333334 0.449537037037037 0.0078125 0.04722222222222222
1 0.4940104166666667 0.1685185185185185 0.005729166666666666 0.03148148148148148
1 0.49270833333333336 0.15555555555555556 0.00625 0.028703703703703703
1 0.078125 0.31342592592592594 0.0109375 0.03796296296296296
1 0.4630208333333333 0.512962962962963 0.0078125 0.040740740740740744
1 0.6421875 0.18194444444444444 0.007291666666666667 0.032407407407407406
1 0.39609375 0.17314814814814813 0.0067708333333333336 0.030555555555555555
1 0.5302083333333333 0.2523148148148148 0.00625 0.03518518518518519
2 0.9622395833333334 0.9120370370370371 0.020833333333333332 0.05
1 0.4354166666666667 0.25277777777777777 0.00625 0.03611111111111111
1 0.58359375 0.24537037037037038 0.007291666666666667 0.03425925925925926
1 0.50859375 0.16342592592592592 0.00625 0.02962962962962963
1 0.6466145833333333 0.2462962962962963 0.0078125 0.03333333333333333
1 0.4635416666666667 0.15416666666666667 0.005208333333333333 0.030555555555555555
2 0.53125 0.22037037037037038 0.00625 0.03425925925925926
1 0.34943749999999996 0.34241666666666665 0.008999999999999985 0.03885185185185189
1 0.47258333333333336 0.26519444444444445 0.008468749999999995 0.030703703703703674
1 0.548609375 0.18662962962962965 0.0067708333333333336 0.027694444444444466
1 0.5499635416666667 0.13364814814814815 0.005416666666666714 0.028898148148148128
1 0.5044166666666666 0.11227777777777778 0.005078125 0.02468518518518518
2 0.37268229166666667 0.11318518518518518 0.005755208333333309 0.02769444444444444
1 0.6647656249999999 0.1950648148148148 0.006093749999999906 0.03250925925925927
0 0.41873958333333333 0.1854259259259259 0.006432291666666619 0.009629629629629608