1 0.86015625 0.4979166666666667 0.0296875 0.1375
1 0.506640625 0.325 0.01953125 0.10833333333333334
1 0.580859375 0.25833333333333336 0.02890625 0.08888888888888889
1 0.859765625 0.25069444444444444 0.02109375 0.09583333333333334
1 0.9765625 0.3055555555555556 0.0265625 0.12222222222222222
1 0.35 0.28680555555555554 0.025 0.10138888888888889
1 0.985546875 0.5444444444444444 0.02734375 0.1361111111111111
1 0.13203125 0.3625 0.0203125 0.11944444444444445
1 0.65078125 0.33611111111111114 0.0234375 0.11666666666666667
1 0.61640625 0.20694444444444443 0.0203125 0.08055555555555556
1 0.4234375 0.36666666666666664 0.0296875 0.11666666666666667
1 0.25078125 0.5847222222222223 0.03125 0.15
2 0.74921875 0.3625 0.021875 0.11666666666666667
1 0.78984375 0.27847222222222223 0.015625 0.09305555555555556
1 0.76953125 0.35625 0.0234375 0.10416666666666667
1 0.753515625 0.2861111111111111 0.01796875 0.08055555555555556
2 0.09140625 0.19583333333333333 0.021875 0.09166666666666666
0 0.376171875 0.3284722222222222 0.00859375 0.018055555555555554
1 0.431421875 0.31790277777777776 0.01389062499999998 0.043208333333333356