1 0.16640625 0.36736111111111114 0.025 0.10694444444444444
1 0.249609375 0.5409722222222222 0.02421875 0.14583333333333334
1 0.619921875 0.5263888888888889 0.03046875 0.1388888888888889
1 0.532421875 0.4354166666666667 0.02421875 0.10972222222222222
1 0.48203125 0.3736111111111111 0.0234375 0.09722222222222222
1 0.76171875 0.4423611111111111 0.025 0.10416666666666667
1 0.69140625 0.4708333333333333 0.025 0.11666666666666667
1 0.66484375 0.5145833333333333 0.028125 0.12361111111111112
1 0.64765625 0.42083333333333334 0.025 0.09166666666666666
2 0.007421875 0.4263888888888889 0.01484375 0.13055555555555556
1 0.58359375 0.4354166666666667 0.0265625 0.10972222222222222
1 0.661328125 0.5111111111111111 0.01953125 0.11666666666666667
1 0.51015625 0.3840277777777778 0.025 0.09027777777777778
1 0.6037343749999999 0.3995416666666667 0.032468749999999956 0.12406944444444447
1 0.7071171875 0.41805555555555557 0.014234375000000021 0.10277777777777777
1 0.2203125 0.23125 0.0140625 0.07361111111111111
1 0.583984375 0.3909722222222222 0.02265625 0.10694444444444444
1 0.72265625 0.41820833333333335 0.018226562499999942 0.0987638888888889