1 0.09427083333333333 0.2361111111111111 0.0109375 0.03333333333333333
1 0.22135416666666666 0.4125 0.014583333333333334 0.04259259259259259
1 0.09453125 0.30648148148148147 0.0109375 0.03888888888888889
1 0.28828125 0.4740740740740741 0.009895833333333333 0.04537037037037037
1 0.0515625 0.45555555555555555 0.013541666666666667 0.04351851851851852
1 0.19635416666666666 0.30972222222222223 0.0109375 0.03425925925925926
1 0.34270833333333334 0.26851851851851855 0.009375 0.03425925925925926
1 0.2908854166666667 0.6925925925925925 0.015625 0.05092592592592592
1 0.6078125 0.4699074074074074 0.009895833333333333 0.04351851851851852
1 0.047135416666666666 0.575925925925926 0.016666666666666666 0.041666666666666664
1 0.165625 0.32222222222222224 0.013541666666666667 0.03981481481481482
1 0.44114583333333335 0.2777777777777778 0.008333333333333333 0.03611111111111111
1 0.5098958333333333 0.4222222222222222 0.009375 0.03981481481481482
1 0.32057291666666665 0.2759259259259259 0.011458333333333333 0.037037037037037035
1 0.12682291666666667 0.24768518518518517 0.0109375 0.03518518518518519
1 0.4728229166666667 0.3319537037037037 0.01069270833333332 0.03961111111111108
1 0.43917708333333333 0.09862962962962962 0.008468749999999995 0.03248148148148149
1 0.6098541666666667 0.1513148148148148 0.006682291666666629 0.033277777777777774
0 0.6076250000000001 0.17033333333333334 0.00579166666666661 0.007925925925925928
1 0.6530781250000001 0.1925185185185185 0.004901041666666591 0.03961111111111114
1 0.7595885416666667 0.2816388888888889 0.011140624999999934 0.04832407407407402
2 0.9625729166666667 0.5236759259259259 0.013369791666666705 0.04277777777777782