1 0.576953125 0.5138888888888888 0.02421875 0.08333333333333333
1 0.293359375 0.425 0.02109375 0.08055555555555556
1 0.215234375 0.5756944444444444 0.02734375 0.10416666666666667
1 0.243359375 0.2833333333333333 0.01484375 0.05555555555555555
1 0.18359375 0.4861111111111111 0.0234375 0.09166666666666666
2 0.6109375 0.8493055555555555 0.05 0.12916666666666668
1 0.35546875 0.5666666666666667 0.0265625 0.10555555555555556
1 0.708984375 0.4013888888888889 0.01796875 0.06944444444444445
1 0.0078125 0.5895833333333333 0.015625 0.10416666666666667
1 0.45703125 0.42986111111111114 0.021875 0.07916666666666666
1 0.46171875 0.5493055555555556 0.0390625 0.07083333333333333
1 0.435546875 0.5138888888888888 0.02890625 0.075
1 0.38359375 0.5569444444444445 0.0296875 0.09166666666666666
1 0.444921875 0.36180555555555555 0.01796875 0.0625
1 0.446484375 0.37430555555555556 0.01640625 0.0763888888888889
1 0.450390625 0.3798611111111111 0.01796875 0.06805555555555555
1 0.45625 0.41597222222222224 0.021875 0.06527777777777778
1 0.444921875 0.525 0.04765625 0.09722222222222222
1 0.44765625 0.36736111111111114 0.021875 0.07361111111111111
0 0.32890625 0.5958333333333333 0.0109375 0.019444444444444445
2 0.060546875 0.42986111111111114 0.03046875 0.08472222222222223