1 0.788671875 0.5763888888888888 0.03046875 0.1361111111111111
1 0.185546875 0.5243055555555556 0.02578125 0.14027777777777778
1 0.144140625 0.48680555555555555 0.02578125 0.1375
1 0.075 0.8840277777777777 0.040625 0.19583333333333333
1 0.058984375 0.5875 0.03203125 0.14722222222222223
1 0.370703125 0.36875 0.02734375 0.10694444444444444
1 0.4484375 0.38263888888888886 0.0328125 0.10972222222222222
1 0.023828125 0.2916666666666667 0.01640625 0.09444444444444444
1 0.74765625 0.4548611111111111 0.0265625 0.12361111111111112
1 0.54140625 0.32083333333333336 0.0265625 0.09166666666666666
1 0.475390625 0.33611111111111114 0.02421875 0.10555555555555556
1 0.472265625 0.32916666666666666 0.02421875 0.08888888888888889