1 0.5192708333333333 0.41064814814814815 0.0125 0.03611111111111111
1 0.6830729166666667 0.4550925925925926 0.011458333333333333 0.037037037037037035
1 0.31640625 0.26296296296296295 0.0109375 0.03611111111111111
1 0.46953125 0.16111111111111112 0.008854166666666666 0.027777777777777776
1 0.41744791666666664 0.4777777777777778 0.015104166666666667 0.04537037037037037
1 0.5830729166666667 0.17453703703703705 0.0078125 0.030555555555555555
1 0.40651041666666665 0.25046296296296294 0.009375 0.03425925925925926
1 0.9341145833333333 0.31527777777777777 0.011979166666666667 0.037037037037037035
1 0.5833333333333334 0.24027777777777778 0.008333333333333333 0.03518518518518519
1 0.4713541666666667 0.22037037037037038 0.008333333333333333 0.028703703703703703
1 0.12213541666666666 0.23657407407407408 0.0109375 0.03333333333333333
1 0.38619791666666664 0.1736111111111111 0.009375 0.028703703703703703
1 0.3203125 0.36898148148148147 0.011458333333333333 0.041666666666666664
1 0.61171875 0.17916666666666667 0.007291666666666667 0.030555555555555555
1 0.5208333333333334 0.12546296296296297 0.007291666666666667 0.024074074074074074
1 0.3046875 0.12037037037037036 0.007291666666666667 0.02962962962962963
1 0.69765625 0.711574074074074 0.013541666666666667 0.053703703703703705
1 0.4088541666666667 0.13703703703703704 0.0078125 0.025925925925925925
1 0.41822916666666665 0.11435185185185186 0.005729166666666666 0.021296296296296296
2 0.7950520833333333 0.9777777777777777 0.017708333333333333 0.044444444444444446
1 0.5403645833333334 0.2324074074074074 0.008854166666666666 0.03425925925925926
2 0.5527395833333333 0.2523518518518519 0.0048177083333333336 0.030509259259259302
1 0.44992708333333337 0.16216666666666665 0.006921874999999981 0.029972222222222226
2 0.33628125 0.09927777777777777 0.0066250000000000146 0.027296296296296287
1 0.35013020833333336 0.1734074074074074 0.007223958333333277 0.029972222222222226
0 0.354796875 0.13086111111111112 0.005718750000000009 0.011240740740740728