1 0.4088541666666667 0.33101851851851855 0.009895833333333333 0.040740740740740744
1 0.6317708333333333 0.24768518518518517 0.007291666666666667 0.03425925925925926
1 0.40625 0.2324074074074074 0.0067708333333333336 0.03611111111111111
1 0.2557291666666667 0.2689814814814815 0.009375 0.040740740740740744
1 0.3302083333333333 0.39814814814814814 0.010416666666666666 0.044444444444444446
1 0.8869791666666667 0.33425925925925926 0.011458333333333333 0.03981481481481482
1 0.4588541666666667 0.4115740740740741 0.008854166666666666 0.04537037037037037
1 0.5377604166666666 0.29444444444444445 0.0078125 0.03425925925925926
1 0.21354166666666666 0.3541666666666667 0.009895833333333333 0.04259259259259259
1 0.3536458333333333 0.3060185185185185 0.0078125 0.03981481481481482
1 0.309375 0.2101851851851852 0.008333333333333333 0.03611111111111111
1 0.10911458333333333 0.6074074074074074 0.015104166666666667 0.053703703703703705
1 0.35989583333333336 0.4115740740740741 0.008854166666666666 0.041666666666666664
1 0.08072916666666667 0.8083333333333333 0.019270833333333334 0.05092592592592592
1 0.2546875 0.5537037037037037 0.021354166666666667 0.05925925925925926
2 0.8109375 0.9449074074074074 0.0203125 0.05
1 0.4859375 0.27037037037037037 0.0067708333333333336 0.03796296296296296
2 0.5315104166666667 0.2671296296296296 0.007291666666666667 0.03796296296296296
1 0.5145833333333333 0.26990740740740743 0.0078125 0.037037037037037035
1 0.33697916666666666 0.18101851851851852 0.0078125 0.032407407407407406
1 0.139609375 0.4866296296296296 0.014406249999999999 0.04390740740740742
1 0.5450572916666666 0.5549259259259259 0.013036458333333438 0.06341666666666668
2 0.286421875 0.10915740740740741 0.00891666666666661 0.02561111111111111
0 0.5287552083333333 0.30214814814814817 0.006864583333333367 0.016787037037037034
1 0.523390625 0.14076851851851852 0.005578125000000019 0.02823148148148149