1 0.56875 0.22685185185185186 0.0067708333333333336 0.030555555555555555
1 0.49270833333333336 0.26342592592592595 0.00625 0.03611111111111111
1 0.3421875 0.24444444444444444 0.007291666666666667 0.03796296296296296
1 0.4315104166666667 0.19537037037037036 0.005729166666666666 0.03333333333333333
1 0.33151041666666664 0.4152777777777778 0.010416666666666666 0.040740740740740744
1 0.2799479166666667 0.21157407407407408 0.008854166666666666 0.03425925925925926
1 0.13854166666666667 0.5648148148148148 0.0140625 0.05092592592592592
1 0.24583333333333332 0.3541666666666667 0.008854166666666666 0.041666666666666664
1 0.46380208333333334 0.4050925925925926 0.008854166666666666 0.046296296296296294
1 0.3138020833333333 0.3912037037037037 0.009895833333333333 0.041666666666666664
1 0.5161458333333333 0.3055555555555556 0.007291666666666667 0.03425925925925926
1 0.17786458333333333 0.4773148148148148 0.0109375 0.044444444444444446
1 0.24661458333333333 0.29212962962962963 0.008854166666666666 0.037037037037037035
2 0.28046875 0.1162037037037037 0.007291666666666667 0.027777777777777776
2 0.36328125 0.30277777777777776 0.0078125 0.03425925925925926
1 0.8721354166666667 0.35648148148148145 0.009375 0.04351851851851852
1 0.21197916666666666 0.3578703703703704 0.0109375 0.041666666666666664
2 0.7111979166666667 0.9555555555555556 0.019270833333333334 0.05462962962962963
1 0.06666666666666667 0.8870370370370371 0.020833333333333332 0.053703703703703705
1 0.46328125 0.125 0.005729166666666666 0.024074074074074074
1 0.3533854166666667 0.26944444444444443 0.0078125 0.040740740740740744
1 0.6393229166666666 0.4101851851851852 0.010416666666666666 0.04351851851851852
1 0.3028645833333333 0.1486111111111111 0.008333333333333333 0.028703703703703703
1 0.21405729166666668 0.5716944444444444 0.015171874999999998 0.05512037037037035
0 0.5602343750000001 0.24168518518518517 0.004234375000000057 0.010999999999999996