1 0.25703125 0.4 0.028125 0.13055555555555556
1 0.40703125 0.18125 0.0265625 0.10416666666666667
1 0.458203125 0.6347222222222222 0.04765625 0.15555555555555556
1 0.590234375 0.4013888888888889 0.03359375 0.13055555555555556
1 0.82109375 0.4548611111111111 0.0359375 0.13472222222222222
1 0.53046875 0.3284722222222222 0.0265625 0.12083333333333333
1 0.176953125 0.2513888888888889 0.02109375 0.11666666666666667
1 0.626171875 0.18472222222222223 0.01953125 0.09722222222222222
1 0.566796875 0.30694444444444446 0.01953125 0.11388888888888889
1 0.733203125 0.5020833333333333 0.03359375 0.12361111111111112
2 0.427734375 0.049305555555555554 0.01953125 0.08472222222222223
1 0.76171875 0.31875 0.025 0.12916666666666668
1 0.762109375 0.48125 0.03046875 0.11527777777777778
1 0.97734375 0.20902777777777778 0.021875 0.10694444444444444
0 0.47421875 0.6958333333333333 0.0140625 0.030555555555555555