1 0.28125 0.41435185185185186 0.009895833333333333 0.041666666666666664
1 0.6119791666666666 0.43703703703703706 0.0078125 0.046296296296296294
1 0.6109375 0.7870370370370371 0.0125 0.05555555555555555
1 0.26223958333333336 0.625 0.011458333333333333 0.05185185185185185
1 0.59453125 0.2740740740740741 0.00625 0.03981481481481482
1 0.5057291666666667 0.19953703703703704 0.005729166666666666 0.032407407407407406
1 0.23697916666666666 0.8101851851851852 0.016666666666666666 0.05462962962962963
2 0.9450520833333333 0.9458333333333333 0.019791666666666666 0.05
1 0.35520833333333335 0.21481481481481482 0.00625 0.03425925925925926
1 0.66484375 0.24861111111111112 0.0078125 0.03611111111111111
1 0.9765625 0.3541666666666667 0.0109375 0.04259259259259259
1 0.371875 0.5370370370370371 0.009375 0.04814814814814815
1 0.35911458333333335 0.2814814814814815 0.007291666666666667 0.03611111111111111
1 0.3919270833333333 0.4449074074074074 0.008333333333333333 0.040740740740740744
2 0.4078125 0.4361111111111111 0.008854166666666666 0.044444444444444446
1 0.39114583333333336 0.15833333333333333 0.0067708333333333336 0.026851851851851852
1 0.46588541666666666 0.26990740740740743 0.007291666666666667 0.037037037037037035
1 0.5833333333333334 0.14722222222222223 0.00625 0.026851851851851852
1 0.28203125 0.38981481481481484 0.0078125 0.032407407407407406
1 0.5013020833333334 0.6435185185185185 0.011979166666666667 0.05555555555555555
2 0.3424479166666667 0.11064814814814815 0.00625 0.02962962962962963
1 0.32466666666666666 0.2831018518518518 0.006593750000000042 0.04028703703703703
1 0.498953125 0.3332777777777778 0.006593750000000042 0.03662037037037033
0 0.65221875 0.24574074074074073 0.005765625000000085 0.015379629629629642
1 0.7753229166666666 0.45736111111111116 0.009760416666666553 0.05300925925925931