1 0.11614583333333334 0.5689814814814815 0.015104166666666667 0.04722222222222222
1 0.5325520833333334 0.29305555555555557 0.00625 0.037037037037037035
1 0.30833333333333335 0.15231481481481482 0.007291666666666667 0.028703703703703703
1 0.10703125 0.8657407407407407 0.016666666666666666 0.05185185185185185
1 0.31796875 0.4212962962962963 0.009895833333333333 0.03888888888888889
1 0.44479166666666664 0.41388888888888886 0.008333333333333333 0.044444444444444446
1 0.3919270833333333 0.24768518518518517 0.0078125 0.03333333333333333
1 0.5705729166666667 0.5148148148148148 0.009375 0.049074074074074076
1 0.878125 0.3523148148148148 0.0109375 0.041666666666666664
1 0.24322916666666666 0.27546296296296297 0.008854166666666666 0.03888888888888889
1 0.21328125 0.3509259259259259 0.009895833333333333 0.040740740740740744
1 0.4875 0.2708333333333333 0.0067708333333333336 0.03611111111111111
1 0.24791666666666667 0.5643518518518519 0.016145833333333335 0.053703703703703705
2 0.43125 0.2814814814814815 0.007291666666666667 0.03518518518518519
2 0.27005208333333336 0.11157407407407408 0.007291666666666667 0.027777777777777776
1 0.2557291666666667 0.5523148148148148 0.014583333333333334 0.05462962962962963
1 0.14140625 0.4861111111111111 0.013020833333333334 0.044444444444444446
1 0.31666666666666665 0.3472222222222222 0.009375 0.041666666666666664
1 0.363796875 0.27675 0.0125 0.03796296296296296
2 0.7390625 0.9467592592592593 0.01875 0.04722222222222222
1 0.5955729166666667 0.22685185185185186 0.0067708333333333336 0.03333333333333333
1 0.3151041666666667 0.3875 0.009895833333333333 0.03518518518518519
1 0.47890625 0.1287037037037037 0.005208333333333333 0.025
1 0.27347916666666666 0.207 0.006765625000000005 0.03508333333333332
1 0.4513802083333333 0.21201851851851852 0.003947916666666629 0.031074074074074077
0 0.5252447916666667 0.30925 0.005072916666666672 0.011027777777777747