1 0.51640625 0.5881944444444445 0.0375 0.1375
1 0.513671875 0.8645833333333334 0.03671875 0.17916666666666667
1 0.0703125 0.3159722222222222 0.0265625 0.09861111111111111
1 0.48046875 0.4201388888888889 0.025 0.10972222222222222
1 0.13984375 0.3951388888888889 0.021875 0.12361111111111112
1 0.552734375 0.25555555555555554 0.03046875 0.08611111111111111
1 0.6515625 0.35 0.0203125 0.10277777777777777
1 0.446875 0.26875 0.0296875 0.0875
1 0.405078125 0.39861111111111114 0.03359375 0.11944444444444445
1 0.19921875 0.22291666666666668 0.015625 0.0763888888888889
1 0.7881484375000001 0.3104166666666667 0.022132812499999942 0.10694444444444444