1 0.6966145833333334 0.47175925925925927 0.0140625 0.03611111111111111
1 0.6341145833333334 0.25416666666666665 0.009895833333333333 0.03425925925925926
1 0.6455729166666667 0.18518518518518517 0.008333333333333333 0.03333333333333333
1 0.3424479166666667 0.2518518518518518 0.009895833333333333 0.03518518518518519
1 0.4356770833333333 0.1685185185185185 0.008333333333333333 0.02962962962962963
1 0.73203125 0.7402777777777778 0.01875 0.05648148148148148
1 0.5221354166666666 0.41435185185185186 0.011979166666666667 0.040740740740740744
1 0.44583333333333336 0.25 0.010416666666666666 0.03333333333333333
1 0.4205729166666667 0.1824074074074074 0.009375 0.030555555555555555
1 0.5557291666666667 0.12453703703703704 0.0067708333333333336 0.025
1 0.45286458333333335 0.49444444444444446 0.017708333333333333 0.049074074074074076
1 0.1859375 0.1986111111111111 0.008854166666666666 0.030555555555555555
1 0.6721354166666667 0.19166666666666668 0.008854166666666666 0.03148148148148148
1 0.48098958333333336 0.10185185185185185 0.00625 0.027777777777777776
1 0.5106770833333333 0.16342592592592592 0.007291666666666667 0.028703703703703703
1 0.5020833333333333 0.23148148148148148 0.010416666666666666 0.028703703703703703
1 0.36614583333333334 0.11481481481481481 0.007291666666666667 0.028703703703703703
1 0.3645833333333333 0.3699074074074074 0.0109375 0.041666666666666664
2 0.39479166666666665 0.09259259259259259 0.0067708333333333336 0.023148148148148147
2 0.6127604166666667 0.26157407407407407 0.008854166666666666 0.030555555555555555
1 0.600578125 0.2478888888888889 0.006421874999999962 0.036157407407407395
1 0.5247031249999999 0.16605555555555557 0.008296875000000033 0.03045370370370369
1 0.42554166666666665 0.1272777777777778 0.012312500000000053 0.022361111111111102
0 0.3626510416666667 0.13061111111111112 0.0026770833333333854 0.006185185185185191