1 0.054947916666666666 0.30416666666666664 0.009375 0.037037037037037035
1 0.7427083333333333 0.3800925925925926 0.011458333333333333 0.03981481481481482
1 0.8869791666666667 0.2861111111111111 0.009375 0.040740740740740744
1 0.35494791666666664 0.2689814814814815 0.0067708333333333336 0.03518518518518519
1 0.51953125 0.20324074074074075 0.0078125 0.032407407407407406
1 0.7197916666666667 0.549074074074074 0.009895833333333333 0.046296296296296294
1 0.42213541666666665 0.4148148148148148 0.009375 0.040740740740740744
1 0.4119791666666667 0.20833333333333334 0.00625 0.03333333333333333
1 0.5393229166666667 0.3921296296296296 0.0078125 0.04259259259259259
1 0.6395833333333333 0.1638888888888889 0.0067708333333333336 0.03425925925925926
2 0.9260416666666667 0.9023148148148148 0.022916666666666665 0.05
1 0.41770833333333335 0.1398148148148148 0.00625 0.026851851851851852
1 0.6533854166666667 0.21944444444444444 0.007291666666666667 0.03888888888888889
1 0.49026041666666664 0.1287962962962963 0.00625 0.02962962962962963
2 0.4791666666666667 0.22037037037037038 0.007291666666666667 0.032407407407407406
1 0.44769270833333336 0.23328703703703701 0.006093750000000024 0.030703703703703674
1 0.5748541666666667 0.2188425925925926 0.007109375000000047 0.030703703703703726
1 0.6033020833333332 0.1420833333333333 0.007109375000000047 0.02528703703703704
1 0.53828125 0.15141666666666667 0.005078125 0.0282962962962963
1 0.524734375 0.12281481481481481 0.005755208333333309 0.027694444444444456
1 0.4773229166666667 0.12071296296296297 0.003046874999999953 0.02588888888888888
1 0.48341666666666666 0.13636111111111113 0.005078125 0.027092592592592585
1 0.4885 0.13937037037037037 0.003046874999999953 0.030703703703703726
1 0.49578125 0.1375648148148148 0.005416666666666714 0.030703703703703674
0 0.47563020833333336 0.15231481481481482 0.005755208333333309 0.008425925925925948
2 0.34863541666666664 0.10354629629629629 0.006432291666666619 0.02769444444444444