1 0.7942708333333334 0.2810185185185185 0.008333333333333333 0.03888888888888889
1 0.9786458333333333 0.33425925925925926 0.010416666666666666 0.04259259259259259
1 0.6364583333333333 0.3314814814814815 0.0078125 0.03981481481481482
1 0.48984375 0.5712962962962963 0.011458333333333333 0.04537037037037037
1 0.6963541666666667 0.41944444444444445 0.009895833333333333 0.040740740740740744
2 0.5546875 0.38564814814814813 0.007291666666666667 0.03981481481481482
1 0.49166666666666664 0.20555555555555555 0.0067708333333333336 0.03518518518518519
1 0.7125 0.3875 0.008854166666666666 0.03611111111111111
1 0.7122395833333334 0.5898148148148148 0.009375 0.04722222222222222
1 0.76246875 0.3946388888888889 0.006312499999999943 0.03850000000000004
1 0.7346354166666667 0.20601851851851852 0.007291666666666667 0.03333333333333333
1 0.7989583333333333 0.40185185185185185 0.011979166666666667 0.04351851851851852
1 0.4747760416666667 0.3393703703703704 0.005999999999999991 0.04189814814814815
1 0.5000572916666667 0.251 0.005999999999999991 0.03275925925925925
2 0.473703125 0.11198148148148147 0.00557291666666669 0.02589814814814816
1 0.725875 0.406787037037037 0.009427083333333286 0.03961111111111108
1 0.7269947916666666 0.3703425925925926 0.008750000000000095 0.02882407407407407
1 0.7380625 0.38589814814814816 0.007203124999999962 0.04162962962962966
1 0.7324010416666666 0.3621111111111111 0.0061770833333334 0.037055555555555536
1 0.7459114583333334 0.37766666666666665 0.004375000000000047 0.04712037037037036
1 0.7553020833333334 0.38887962962962963 0.007203124999999962 0.04117592592592595