1 0.30807291666666664 0.7662037037037037 0.021875 0.05092592592592592
1 0.7059895833333333 0.2273148148148148 0.011458333333333333 0.02962962962962963
1 0.044270833333333336 0.6013888888888889 0.021354166666666667 0.046296296296296294
1 0.2578125 0.28425925925925927 0.010416666666666666 0.03611111111111111
1 0.09661458333333334 0.28564814814814815 0.0125 0.032407407407407406
1 0.35911458333333335 0.31203703703703706 0.010416666666666666 0.03611111111111111
1 0.51640625 0.2537037037037037 0.0109375 0.03333333333333333
1 0.66328125 0.31296296296296294 0.009895833333333333 0.037037037037037035
1 0.19583333333333333 0.37592592592592594 0.011458333333333333 0.03796296296296296
1 0.26640625 0.44305555555555554 0.015625 0.040740740740740744
1 0.6072916666666667 0.46805555555555556 0.020833333333333332 0.04722222222222222
1 0.7911458333333333 0.32037037037037036 0.009895833333333333 0.037037037037037035
1 0.13307291666666668 0.5828703703703704 0.0171875 0.04351851851851852
1 0.5583333333333333 0.2569444444444444 0.008333333333333333 0.03333333333333333
1 0.6213541666666667 0.7421296296296296 0.024479166666666666 0.04722222222222222
2 0.453125 0.3875 0.013020833333333334 0.03796296296296296
1 0.75078125 0.45601851851851855 0.0140625 0.046296296296296294
1 0.341234375 0.21342592592592594 0.0109375 0.03148148148148148
2 0.41354166666666664 0.08611111111111111 0.007291666666666667 0.025
1 0.6252604166666667 0.6828703703703703 0.023958333333333335 0.07314814814814814
1 0.2984375 0.27314814814814814 0.0109375 0.03518518518518519
0 0.03821354166666667 0.6196111111111111 0.006947916666666668 0.014407407407407357
1 0.33854687499999997 0.23246296296296295 0.013395833333333348 0.03193518518518519
1 0.6251874999999999 0.16860185185185186 0.005177083333333362 0.029768518518518496