1 0.46796875 0.36875 0.0203125 0.11805555555555555
1 0.75 0.7618055555555555 0.034375 0.1736111111111111
1 0.38203125 0.37430555555555556 0.025 0.11805555555555555
1 0.78828125 0.38680555555555557 0.0265625 0.12361111111111112
1 0.204296875 0.4125 0.03671875 0.12777777777777777
1 0.475 0.5881944444444445 0.025 0.15694444444444444
2 0.9640625 0.42430555555555555 0.0203125 0.13472222222222222
1 0.862890625 0.3173611111111111 0.01953125 0.10694444444444444
1 0.6034296875 0.27647222222222223 0.01779687499999998 0.10262499999999998
1 0.280859375 0.28541666666666665 0.02109375 0.10138888888888889
1 0.7609843749999999 0.35841666666666666 0.01571093749999992 0.13348611111111114
2 0.014796874999999998 0.2076388888888889 0.021093749999999998 0.07916666666666666
0 0.2953125 0.32083333333333336 0.009375 0.019444444444444445