1 0.85078125 0.3125 0.034375 0.1
1 0.7796875 0.6291666666666667 0.040625 0.14722222222222223
1 0.773828125 0.3645833333333333 0.02890625 0.1125
1 0.3921875 0.4527777777777778 0.021875 0.11944444444444445
1 0.925390625 0.48333333333333334 0.01953125 0.13055555555555556
1 0.2296875 0.26944444444444443 0.0203125 0.09722222222222222
1 0.444921875 0.5763888888888888 0.03515625 0.11666666666666667
1 0.42265625 0.7895833333333333 0.04375 0.07916666666666666
1 0.45234375 0.6986111111111111 0.0296875 0.1527777777777778
1 0.469921875 0.6340277777777777 0.02578125 0.12638888888888888
1 0.994140625 0.5083333333333333 0.01171875 0.12222222222222222
1 0.764453125 0.3375 0.01640625 0.09444444444444444
0 0.18315625 0.3472222222222222 0.00867968750000001 0.018513888888888906