1 0.716796875 0.6152777777777778 0.04296875 0.15555555555555556
1 0.4390625 0.37916666666666665 0.0296875 0.12222222222222222
1 0.54609375 0.44583333333333336 0.025 0.12222222222222222
1 0.70234375 0.23194444444444445 0.01875 0.10277777777777777
1 0.167578125 0.3076388888888889 0.02421875 0.10972222222222222
1 0.774609375 0.10277777777777777 0.01796875 0.08333333333333333
1 0.605078125 0.33055555555555555 0.02109375 0.11944444444444445
1 0.62421875 0.28680555555555554 0.0203125 0.09305555555555556
2 0.246484375 0.2777777777777778 0.02265625 0.10555555555555556
2 0.505078125 0.16875 0.02265625 0.08194444444444444
1 0.292578125 0.06875 0.01328125 0.06527777777777778
1 0.25078125 0.19583333333333333 0.0234375 0.08055555555555556
1 0.525 0.12916666666666668 0.0171875 0.08055555555555556
1 0.11796875 0.15555555555555556 0.0140625 0.058333333333333334
1 0.50546875 0.1701388888888889 0.0234375 0.08194444444444444