1 0.46875 0.19768518518518519 0.00625 0.03333333333333333
1 0.48802083333333335 0.24861111111111112 0.007291666666666667 0.03425925925925926
1 0.5072916666666667 0.3819444444444444 0.009375 0.040740740740740744
1 0.5317708333333333 0.2518518518518518 0.008333333333333333 0.03425925925925926
1 0.3614583333333333 0.20555555555555555 0.007291666666666667 0.03148148148148148
1 0.71953125 0.5097222222222222 0.008333333333333333 0.044444444444444446
2 0.5080729166666667 0.28564814814814815 0.0067708333333333336 0.03796296296296296
1 0.5875 0.5601851851851852 0.009895833333333333 0.05
1 0.5372395833333333 0.175 0.007291666666666667 0.02962962962962963
1 0.67109375 0.23148148148148148 0.0078125 0.03518518518518519
1 0.41640625 0.15231481481481482 0.008333333333333333 0.02962962962962963
1 0.36432291666666666 0.3143518518518518 0.0078125 0.040740740740740744
1 0.6395833333333333 0.2439814814814815 0.0067708333333333336 0.03611111111111111
1 0.4549479166666667 0.19537037037037036 0.0067708333333333336 0.03333333333333333
1 0.7234375 0.2587962962962963 0.011458333333333333 0.037037037037037035
1 0.5205729166666667 0.16527777777777777 0.00625 0.027777777777777776
2 0.40040624999999996 0.10405555555555555 0.006187500000000057 0.03275
1 0.123890625 0.25349999999999995 0.0070468749999999854 0.03470370370370372
1 0.37302083333333336 0.40964814814814815 0.008677083333333375 0.04048148148148151
1 0.6010989583333333 0.22094444444444444 0.006093749999999906 0.03371296296296293
1 0.6256510416666666 0.19144444444444444 0.007786458333333238 0.03130555555555556
0 0.5350625 0.1453888888888889 0.004062500000000036 0.007824074074074063
1 0.4989947916666667 0.16074074074074074 0.007786458333333357 0.027694444444444466
1 0.4258489583333333 0.13124074074074074 0.009822916666666615 0.02889814814814814