1 0.6307291666666667 0.2222222222222222 0.013541666666666667 0.040740740740740744
1 0.71875 0.1574074074074074 0.00625 0.037037037037037035
1 0.5697916666666667 0.3990740740740741 0.010416666666666666 0.044444444444444446
1 0.4596354166666667 0.20833333333333334 0.0046875 0.03518518518518519
1 0.45729166666666665 0.13148148148148148 0.00625 0.03333333333333333
1 0.33046875 0.19074074074074074 0.005729166666666666 0.037037037037037035
1 0.32447916666666665 0.29259259259259257 0.008333333333333333 0.040740740740740744
1 0.3692708333333333 0.14722222222222223 0.00625 0.03333333333333333
1 0.325 0.1875 0.00625 0.037037037037037035
1 0.409375 0.2810185185185185 0.007291666666666667 0.05092592592592592
1 0.48515625 0.19953703703703704 0.008854166666666666 0.03611111111111111
1 0.43255208333333334 0.12916666666666668 0.0046875 0.03611111111111111
1 0.5114583333333333 0.07685185185185185 0.005208333333333333 0.03148148148148148
1 0.5921875 0.08842592592592592 0.004166666666666667 0.03425925925925926
1 0.51796875 0.09814814814814815 0.0036458333333333334 0.03148148148148148
1 0.4231770833333333 0.08518518518518518 0.0046875 0.03333333333333333
1 0.57890625 0.11712962962962963 0.005208333333333333 0.030555555555555555
2 0.4479166666666667 0.053703703703703705 0.00625 0.025925925925925925
1 0.4705729166666667 0.05694444444444444 0.0046875 0.026851851851851852
1 0.4276041666666667 0.17546296296296296 0.00625 0.03796296296296296
1 0.30859375 0.24166666666666667 0.009375 0.03888888888888889
1 0.25390625 0.19398148148148148 0.011979166666666667 0.037037037037037035
1 0.4630208333333333 0.21944444444444444 0.0046875 0.030555555555555555
2 0.46171875 0.2222222222222222 0.0005208333333333333 0.002777777777777778