1 0.8375 0.6263888888888889 0.0453125 0.14722222222222223
1 0.55546875 0.4840277777777778 0.025 0.12361111111111112
1 0.714453125 0.42291666666666666 0.02578125 0.12361111111111112
1 0.505078125 0.49930555555555556 0.02578125 0.12638888888888888
1 0.52734375 0.3888888888888889 0.0265625 0.10833333333333334
1 0.105078125 0.3388888888888889 0.03046875 0.10277777777777777
1 0.442578125 0.42986111111111114 0.02421875 0.11805555555555555
2 0.828125 0.38333333333333336 0.0203125 0.11388888888888889
1 0.659375 0.4173611111111111 0.025 0.12083333333333333
1 0.22734375 0.7236111111111111 0.0375 0.1638888888888889
1 0.7078125 0.21875 0.0171875 0.07361111111111111
1 0.348828125 0.42430555555555555 0.02890625 0.11527777777777778
1 0.441015625 0.34791666666666665 0.03359375 0.0763888888888889
1 0.912890625 0.2881944444444444 0.02265625 0.08472222222222223
1 0.340234375 0.3909722222222222 0.01640625 0.0763888888888889
2 0.1421875 0.2 0.0203125 0.08055555555555556
0 0.236109375 0.40123611111111107 0.010414062500000033 0.018513888888888944