1 0.7052083333333333 0.31851851851851853 0.0125 0.03518518518518519
1 0.60390625 0.2935185185185185 0.008854166666666666 0.032407407407407406
1 0.3419270833333333 0.22083333333333333 0.008854166666666666 0.030555555555555555
1 0.4703125 0.25277777777777777 0.0078125 0.03518518518518519
1 0.39401041666666664 0.3509259259259259 0.0078125 0.03425925925925926
1 0.5333333333333333 0.3851851851851852 0.009375 0.037037037037037035
1 0.45677083333333335 0.16435185185185186 0.009375 0.027777777777777776
1 0.6640625 0.4078703703703704 0.0125 0.037037037037037035
1 0.63671875 0.3365740740740741 0.008854166666666666 0.03518518518518519
1 0.6875 0.5527777777777778 0.015104166666666667 0.03888888888888889
1 0.3611979166666667 0.3736111111111111 0.013020833333333334 0.03425925925925926
2 0.4359375 0.35555555555555557 0.008854166666666666 0.03611111111111111
1 0.48385416666666664 0.14027777777777778 0.0067708333333333336 0.025
1 0.41848958333333336 0.11481481481481481 0.007291666666666667 0.025
1 0.328125 0.30833333333333335 0.0078125 0.03796296296296296
1 0.5734375 0.48194444444444445 0.0109375 0.03796296296296296
1 0.5143072916666667 0.15487037037037035 0.013192708333333296 0.025398148148148156
1 0.34791666666666665 0.29444444444444445 0.009895833333333333 0.03333333333333333
1 0.22453125000000002 0.44487037037037036 0.017140624999999982 0.04723148148148147
1 0.2873072916666667 0.37060185185185185 0.010713541666666633 0.04341666666666665
1 0.30058854166666665 0.2704259259259259 0.009854166666666704 0.04113888888888884
1 0.2256041666666667 0.2323425925925926 0.009854166666666645 0.03503703703703707
2 0.4284947916666667 0.08570370370370371 0.009427083333333286 0.025138888888888895
0 0.5178802083333334 0.16391666666666665 0.004281250000000014 0.008092592592592601