1 0.35625 0.5006944444444444 0.0265625 0.12916666666666668
1 0.953125 0.45069444444444445 0.03125 0.12361111111111112
1 0.4796875 0.3423611111111111 0.0203125 0.10972222222222222
1 0.53515625 0.29305555555555557 0.0203125 0.1
1 0.083203125 0.50625 0.03203125 0.12916666666666668
1 0.74609375 0.6694444444444444 0.0234375 0.16111111111111112
1 0.596875 0.29305555555555557 0.03125 0.07777777777777778
1 0.68984375 0.35138888888888886 0.0296875 0.10277777777777777
1 0.081640625 0.25416666666666665 0.02421875 0.09722222222222222
1 0.387890625 0.23541666666666666 0.01640625 0.08472222222222223
1 0.05625 0.23194444444444445 0.01875 0.08611111111111111
1 0.6265625 0.20902777777777778 0.0203125 0.07916666666666666
2 0.0828125 0.3854166666666667 0.025 0.11527777777777778
0 0.61640625 0.28958333333333336 0.009375 0.020833333333333332