1 0.38046875 0.399537037037037 0.009895833333333333 0.040740740740740744
1 0.6645833333333333 0.39675925925925926 0.009375 0.04537037037037037
1 0.41510416666666666 0.5412037037037037 0.011979166666666667 0.046296296296296294
1 0.5953125 0.1574074074074074 0.007291666666666667 0.028703703703703703
1 0.40625 0.24722222222222223 0.008333333333333333 0.03518518518518519
1 0.28802083333333334 0.37916666666666665 0.008333333333333333 0.03611111111111111
1 0.5174479166666667 0.1574074074074074 0.0078125 0.03333333333333333
1 0.7283854166666667 0.20833333333333334 0.008333333333333333 0.030555555555555555
1 0.3182291666666667 0.3282407407407407 0.008333333333333333 0.037037037037037035
1 0.3880208333333333 0.2111111111111111 0.008333333333333333 0.03333333333333333
1 0.6658854166666667 0.22592592592592592 0.0078125 0.03148148148148148
1 0.459375 0.1962962962962963 0.0078125 0.032407407407407406
2 0.4583333333333333 0.08518518518518518 0.00625 0.027777777777777776
1 0.56640625 0.1337962962962963 0.00625 0.030555555555555555
2 0.4708333333333333 0.29814814814814816 0.009895833333333333 0.037037037037037035
1 0.22109375 0.225 0.0067708333333333336 0.028703703703703703
2 0.6823385416666666 0.9877222222222223 0.016807291666666658 0.0245462962962965
1 0.36341666666666667 0.28085185185185185 0.006682291666666629 0.03564814814814815
1 0.3763385416666667 0.24004629629629629 0.008468749999999995 0.0380277777777778
1 0.3890416666666667 0.18775925925925926 0.008020833333333382 0.022185185185185165
1 0.5476875 0.12200925925925928 0.005348958333333324 0.026935185185185177
1 0.5398020833333333 0.10798148148148148 0.0061770833333334 0.025620370370370384
1 0.5487239583333333 0.10310185185185185 0.0098385416666666 0.017490740740740727
0 0.5568437500000001 0.11937037037037036 0.0032031250000000475 0.006916666666666679