1 0.43307291666666664 0.19398148148148148 0.0067708333333333336 0.032407407407407406
1 0.35572916666666665 0.20601851851851852 0.0078125 0.03518518518518519
1 0.3828125 0.29583333333333334 0.0078125 0.040740740740740744
1 0.24322916666666666 0.3425925925925926 0.0109375 0.041666666666666664
1 0.88515625 0.3 0.0125 0.03888888888888889
1 0.17838541666666666 0.4736111111111111 0.0125 0.04722222222222222
1 0.6083333333333333 0.4412037037037037 0.010416666666666666 0.03888888888888889
1 0.18020833333333333 0.6143518518518518 0.01875 0.05092592592592592
1 0.41380208333333335 0.21064814814814814 0.0067708333333333336 0.03333333333333333
1 0.5333333333333333 0.28888888888888886 0.008333333333333333 0.02962962962962963
1 0.3890625 0.5013888888888889 0.015625 0.05092592592592592
1 0.39114583333333336 0.37777777777777777 0.008854166666666666 0.04259259259259259
1 0.4908854166666667 0.36018518518518516 0.0078125 0.041666666666666664
1 0.5802083333333333 0.26064814814814813 0.0078125 0.03796296296296296
1 0.36223958333333334 0.36944444444444446 0.009375 0.04351851851851852
1 0.5182291666666666 0.2828703703703704 0.0067708333333333336 0.037037037037037035
1 0.6596354166666667 0.24814814814814815 0.0078125 0.03611111111111111
1 0.4591145833333333 0.3143518518518518 0.007291666666666667 0.037037037037037035
2 0.8841145833333334 0.9425925925925925 0.022395833333333334 0.044444444444444446
2 0.30206770833333335 0.10833333333333334 0.0078125 0.028703703703703703
1 0.28365104166666666 0.7470185185185185 0.0171510416666667 0.04925000000000005
1 0.27375520833333333 0.26151851851851854 0.00923437500000001 0.042222222222222244
1 0.5742239583333333 0.1583148148148148 0.007255208333333248 0.02579629629629631
2 0.5554270833333333 0.27265740740740746 0.007916666666666572 0.034009259259259274