1 0.867969 0.832031 0.098437 0.167187
1 0.608594 0.416406 0.042188 0.123438
1 0.146094 0.454688 0.070312 0.134375
1 0.219531 0.528125 0.048438 0.140625
1 0.467969 0.296875 0.048438 0.100000
1 0.664062 0.219531 0.031250 0.095312
1 0.936719 0.729688 0.060937 0.159375
1 0.025781 0.614844 0.051562 0.145313
1 0.843750 0.338281 0.050000 0.107813
2 0.756250 0.388281 0.053125 0.120313
1 0.676562 0.464062 0.043750 0.128125
1 0.863281 0.135156 0.026562 0.064062
1 0.800781 0.253906 0.048438 0.098437
2 0.775000 0.103906 0.034375 0.076563
0 0.879687 0.900000 0.028125 0.034375
