1 0.475000 0.910937 0.032813 0.065625
1 0.170313 0.751563 0.026562 0.070312
1 0.277344 0.374219 0.021875 0.059375
1 0.485156 0.532031 0.021875 0.064062
1 0.689844 0.599219 0.028125 0.059375
1 0.267969 0.479687 0.020313 0.065625
1 0.366406 0.713281 0.026562 0.065625
1 0.694531 0.939063 0.046875 0.068750
1 0.710938 0.855469 0.043750 0.064062
1 0.740625 0.405469 0.025000 0.053125
1 0.082812 0.539844 0.026562 0.065625
1 0.124219 0.508594 0.018750 0.064062
1 0.376813 0.383078 0.030859 0.053984
1 0.643547 0.615109 0.021859 0.062984
0 0.606281 0.988480 0.019281 0.023039
