1 0.437500 0.638281 0.037500 0.062500
1 0.314844 0.968359 0.039062 0.063281
1 0.039844 0.292969 0.020313 0.050000
1 0.167187 0.987109 0.039062 0.025781
1 0.096094 0.483594 0.025000 0.053125
1 0.120313 0.571094 0.026562 0.065625
1 0.369531 0.614844 0.034375 0.067187
2 0.035156 0.512500 0.025000 0.056250
1 0.063281 0.567188 0.032813 0.062500
1 0.283734 0.492922 0.039688 0.063969
1 0.060937 0.486719 0.023438 0.053125
1 0.272656 0.471094 0.026562 0.054688
1 0.743188 0.424859 0.036000 0.050141
0 0.040016 0.593250 0.018000 0.021859
