1 0.358594 0.304688 0.020313 0.048438
1 0.114844 0.423438 0.020313 0.060937
1 0.661719 0.431250 0.025000 0.067187
1 0.035937 0.648438 0.023438 0.070312
1 0.434375 0.401562 0.020313 0.064062
1 0.256250 0.928125 0.021875 0.079687
1 0.670312 0.851562 0.035937 0.073438
1 0.165625 0.282813 0.017188 0.043750
2 0.032813 0.479687 0.020313 0.062500
1 0.485938 0.383594 0.021875 0.059375
1 0.107813 0.263281 0.017188 0.045312
1 0.067500 0.262625 0.018688 0.043953
1 0.303750 0.337891 0.020875 0.047250
0 0.228531 0.274672 0.017078 0.013359
