1 0.757031 0.748437 0.054688 0.090625
1 0.701562 0.545312 0.037500 0.056250
1 0.209375 0.703906 0.059375 0.067187
1 0.538281 0.528906 0.042188 0.060937
1 0.223438 0.571875 0.040625 0.062500
1 0.470313 0.439063 0.040625 0.062500
1 0.011719 0.553125 0.023438 0.062500
1 0.313281 0.298438 0.020313 0.056250
1 0.284375 0.302344 0.031250 0.060937
1 0.285156 0.687500 0.045312 0.068750
1 0.008594 0.511719 0.017188 0.053125
0 0.372656 0.704688 0.021875 0.017188
1 0.367969 0.419531 0.040625 0.053125
1 0.146094 0.346094 0.037500 0.051562
