1 0.346875 0.285156 0.071875 0.114062
1 0.030469 0.460938 0.054688 0.131250
1 0.096094 0.535156 0.098437 0.110937
1 0.000781 0.521094 0.001563 0.145313
2 0.223438 0.373437 0.068750 0.112500
1 0.960156 0.615625 0.079687 0.159375
1 0.736719 0.271094 0.060937 0.101562
1 0.315625 0.482812 0.090625 0.134375
1 0.188281 0.295312 0.057813 0.109375
2 0.485156 0.066406 0.045312 0.079687
1 0.031078 0.208594 0.024656 0.104688
1 0.353906 0.469531 0.070312 0.132812
0 0.386719 0.521094 0.026562 0.023438
1 0.065109 0.217875 0.053813 0.112844
