1 0.846875 0.719531 0.046875 0.092188
1 0.783594 0.646094 0.039062 0.082812
1 0.971875 0.728906 0.056250 0.089063
1 0.613281 0.494531 0.023438 0.064062
1 0.984375 0.657031 0.031250 0.082812
1 0.314844 0.646875 0.026562 0.084375
1 0.883594 0.410938 0.020313 0.053125
1 0.815625 0.500000 0.025000 0.062500
1 0.253906 0.596094 0.035937 0.082812
2 0.780469 0.525000 0.020313 0.071875
1 0.572656 0.617969 0.026562 0.082812
1 0.297656 0.608594 0.023438 0.079687
1 0.944531 0.709375 0.051562 0.087500
1 0.581250 0.612500 0.025000 0.078125
0 0.992188 0.765625 0.015625 0.020828
