1 0.547656 0.454688 0.028125 0.051562
1 0.901563 0.928906 0.054688 0.065625
1 0.098437 0.419531 0.026562 0.053125
1 0.239844 0.346875 0.026562 0.048438
1 0.044531 0.660156 0.037500 0.059375
1 0.170313 0.364063 0.025000 0.051562
1 0.864844 0.520312 0.034375 0.062500
1 0.353125 0.357812 0.026562 0.051562
1 0.440625 0.664063 0.034375 0.062500
1 0.826562 0.639062 0.046875 0.065625
1 0.716406 0.510938 0.034375 0.064062
2 0.059375 0.582031 0.034375 0.068750
1 0.589844 0.986328 0.046875 0.027344
1 0.068594 0.625234 0.018688 0.052750
0 0.367484 0.386797 0.016484 0.019781
