1 0.483594 0.360156 0.054688 0.101563
1 0.132812 0.425000 0.043750 0.103125
1 0.298438 0.349219 0.040625 0.095312
1 0.992188 0.517188 0.015625 0.103125
1 0.664844 0.326563 0.042188 0.096875
1 0.737500 0.567969 0.062500 0.145313
1 0.018750 0.457813 0.037500 0.121875
1 0.570312 0.310937 0.068750 0.093750
1 0.728125 0.371094 0.050000 0.095312
1 0.458594 0.296094 0.042188 0.067187
1 0.771875 0.309375 0.031250 0.096875
1 0.755031 0.335328 0.043750 0.085938
0 0.782031 0.619531 0.023438 0.026562
1 0.743922 0.291672 0.036453 0.034719
