1 0.098437 0.735156 0.042188 0.076563
1 0.115625 0.288281 0.021875 0.053125
1 0.486719 0.278906 0.020313 0.048438
1 0.782813 0.517188 0.028125 0.064062
2 0.098437 0.483594 0.023438 0.057813
1 0.164062 0.190625 0.018750 0.039062
1 0.274219 0.208594 0.018750 0.042188
1 0.322203 0.244953 0.018500 0.056562
1 0.373016 0.795469 0.040109 0.064172
1 0.532109 0.265375 0.037438 0.036094
1 0.382375 0.220594 0.021391 0.050797
1 0.348484 0.213156 0.015844 0.050156
1 0.332969 0.228344 0.008578 0.035641
0 0.391047 0.238891 0.007266 0.010562
1 0.176391 0.309656 0.024703 0.050312
