1 0.547656 0.848437 0.076563 0.187500
1 0.764062 0.274219 0.043750 0.092188
1 0.059375 0.500781 0.062500 0.142187
1 0.975781 0.497656 0.048438 0.110937
1 0.171094 0.250000 0.035937 0.084375
1 0.632812 0.545312 0.071875 0.118750
1 0.082812 0.385156 0.037500 0.114062
1 0.268750 0.531250 0.096875 0.146875
2 0.358594 0.492969 0.045312 0.129688
1 0.608594 0.634375 0.051562 0.150000
1 0.253906 0.532813 0.067187 0.150000
1 0.296875 0.532031 0.053125 0.135937
1 0.632812 0.569531 0.075000 0.132812
1 0.628125 0.635938 0.078125 0.150000
0 0.296094 0.583594 0.026562 0.045312
