1 0.100781 0.394531 0.020313 0.057813
1 0.192188 0.850781 0.020313 0.071875
1 0.334375 0.363281 0.020313 0.057813
1 0.666406 0.818750 0.032813 0.073438
1 0.418750 0.364844 0.021875 0.059375
1 0.064062 0.307812 0.023438 0.054688
1 0.278125 0.284375 0.017188 0.045312
1 0.003781 0.383234 0.007562 0.050719
1 0.008477 0.309969 0.016953 0.048844
1 0.047016 0.246094 0.022547 0.046969
1 0.180406 0.274750 0.022547 0.046031
1 0.159734 0.223078 0.022547 0.038516
0 0.265875 0.116000 0.009391 0.010328
1 0.299687 0.280844 0.018781 0.039453
1 0.597453 0.401547 0.022547 0.059172
