1 0.005469 0.862500 0.010937 0.109375
1 0.761719 0.596094 0.042188 0.089063
1 0.595313 0.527344 0.025000 0.064062
1 0.001563 0.448437 0.003125 0.053125
1 0.844531 0.594531 0.042188 0.082812
1 0.688281 0.680469 0.064062 0.092188
1 0.253125 0.465625 0.021875 0.059375
1 0.025000 0.585156 0.031250 0.073438
1 0.028125 0.700000 0.056250 0.093750
1 0.093750 0.662500 0.037500 0.081250
1 0.667188 0.627344 0.034375 0.085938
2 0.010156 0.969531 0.020313 0.060937
2 0.010156 0.969531 0.020313 0.060937
2 0.141406 0.392969 0.026562 0.054688
0 0.060766 0.641500 0.017359 0.015625
