1 0.074219 0.458594 0.021875 0.026562
1 0.185156 0.449219 0.029687 0.045312
1 0.475000 0.259375 0.020313 0.056250
1 0.152344 0.350000 0.021875 0.056250
1 0.073438 0.479687 0.021875 0.064062
1 0.222656 0.576562 0.025000 0.067187
1 0.003906 0.431250 0.020313 0.068750
0 0.185156 0.341406 0.012500 0.015625
1 0.192969 0.481250 0.023438 0.059375
1 0.300000 0.559375 0.025000 0.067187
1 0.225000 0.503125 0.023438 0.064062
1 0.255469 0.585938 0.018750 0.065625
1 0.180469 0.464844 0.023438 0.075000
2 0.944531 0.524219 0.025000 0.062500
