1 0.184375 0.451562 0.031250 0.040625
1 0.070312 0.460156 0.018750 0.023438
0 0.185156 0.342969 0.014063 0.017188
1 0.475000 0.260937 0.020313 0.056250
1 0.149219 0.353125 0.018750 0.057813
1 0.002344 0.435156 0.018750 0.065625
1 0.069531 0.482812 0.018750 0.065625
1 0.218750 0.582031 0.026562 0.068750
1 0.268750 0.585156 0.029687 0.064062
1 0.301563 0.560937 0.025000 0.067187
1 0.221875 0.506250 0.023438 0.064062
1 0.179688 0.467187 0.023438 0.073438
1 0.190625 0.482031 0.025000 0.057813
2 0.945312 0.526563 0.026562 0.060937
