1 0.099219 0.456250 0.025000 0.031250
1 0.193750 0.460156 0.023438 0.023438
1 0.192188 0.325000 0.023438 0.043750
1 0.466406 0.269531 0.018750 0.035937
1 0.018750 0.425781 0.025000 0.062500
1 0.225781 0.503125 0.025000 0.064062
1 0.211719 0.591406 0.020313 0.062500
1 0.192969 0.479687 0.023438 0.057813
1 0.300000 0.557031 0.025000 0.068750
1 0.098437 0.471875 0.021875 0.065625
1 0.180469 0.462500 0.025000 0.075000
1 0.227344 0.575781 0.021875 0.068750
2 0.942969 0.522656 0.025000 0.062500
0 0.203687 0.333531 0.014406 0.014406
