1 0.236719 0.350000 0.014063 0.050000
1 0.184375 0.447656 0.023438 0.048438
1 0.221094 0.408594 0.029687 0.059375
1 0.291406 0.383594 0.020313 0.054688
1 0.164844 0.259375 0.017188 0.053125
1 0.328906 0.450781 0.023438 0.042188
1 0.195312 0.271094 0.021875 0.051562
1 0.461719 0.293750 0.026562 0.051562
1 0.282031 0.345313 0.018750 0.048438
1 0.224219 0.271875 0.020313 0.054688
1 0.121094 0.608594 0.026562 0.064062
1 0.225781 0.578125 0.028125 0.067187
1 0.323437 0.550000 0.023438 0.068750
2 0.952344 0.538281 0.025000 0.059375
0 0.408563 0.287781 0.010109 0.010109
