1 0.245953 0.255922 0.020031 0.049359
1 0.304688 0.384375 0.026562 0.054688
1 0.354687 0.343750 0.023438 0.060937
1 0.169531 0.438281 0.023438 0.067187
1 0.263281 0.378906 0.020313 0.057813
1 0.313281 0.272656 0.017188 0.054688
1 0.348438 0.232031 0.017188 0.053125
1 0.255469 0.311719 0.017188 0.054688
1 0.439844 0.301563 0.039062 0.032813
1 0.046875 0.625000 0.021875 0.064062
1 0.227344 0.582031 0.026562 0.067187
1 0.325781 0.532031 0.028125 0.070312
1 0.460938 0.428125 0.015625 0.051562
2 0.950781 0.557031 0.023438 0.057813
1 0.255469 0.328125 0.017188 0.025000
0 0.436453 0.248891 0.009000 0.010281
