1 0.186719 0.460609 0.021813 0.061578
1 0.171875 0.277344 0.018750 0.054688
1 0.205469 0.360156 0.023438 0.053125
1 0.121094 0.258594 0.020313 0.051562
1 0.253125 0.337500 0.021875 0.050000
1 0.142969 0.273438 0.025000 0.054688
1 0.299219 0.457031 0.025000 0.029687
1 0.474219 0.296875 0.023438 0.040625
1 0.135937 0.604688 0.020313 0.065625
1 0.226562 0.576562 0.026562 0.065625
1 0.318750 0.548438 0.026562 0.067187
2 0.949219 0.530469 0.025000 0.060937
1 0.266406 0.400000 0.020313 0.060937
1 0.296094 0.472656 0.025000 0.062500
1 0.192188 0.417969 0.021875 0.051562
0 0.442203 0.208391 0.008141 0.008953
