2 0.011719 0.267188 0.018750 0.054688
1 0.051562 0.461719 0.020313 0.020313
0 0.181250 0.343750 0.012500 0.017188
1 0.478125 0.250000 0.018750 0.062500
1 0.196094 0.455469 0.025000 0.032813
1 0.178125 0.453906 0.029687 0.035937
1 0.147656 0.352344 0.021875 0.056250
1 0.184375 0.627344 0.021875 0.067187
1 0.051562 0.485156 0.023438 0.064062
1 0.210938 0.513281 0.021875 0.060937
1 0.196094 0.471094 0.020313 0.060937
1 0.295312 0.561719 0.028125 0.067187
1 0.385937 0.553906 0.023438 0.064062
1 0.174219 0.469531 0.025000 0.068750
2 0.939063 0.525781 0.025000 0.060937
