2 0.049219 0.303125 0.018750 0.053125
1 0.165625 0.343750 0.021875 0.057813
1 0.464844 0.276562 0.021875 0.050000
1 0.242188 0.458594 0.018750 0.026562
1 0.167969 0.460938 0.026562 0.021875
1 0.178125 0.675000 0.021875 0.075000
1 0.057813 0.495312 0.020313 0.064062
1 0.241406 0.477344 0.026562 0.064062
1 0.293750 0.575781 0.028125 0.065625
1 0.447656 0.551562 0.023438 0.062500
1 0.205469 0.524219 0.021875 0.064062
1 0.167187 0.483594 0.023438 0.064062
0 0.180469 0.357031 0.010937 0.014063
2 0.935156 0.540625 0.025000 0.060937
