1 0.800000 0.327344 0.023438 0.053125
1 0.887500 0.395312 0.023438 0.062500
1 0.946875 0.283594 0.021875 0.054688
1 0.978906 0.268750 0.029687 0.064062
1 0.867969 0.443750 0.034375 0.056250
1 0.501563 0.310156 0.028125 0.035937
1 0.803906 0.460156 0.026563 0.023438
1 0.773438 0.575000 0.026562 0.065625
1 0.809375 0.477344 0.028125 0.060938
1 0.784375 0.439063 0.021875 0.059375
1 0.762500 0.503125 0.012500 0.057812
1 0.693750 0.550781 0.025000 0.067188
1 0.834375 0.596875 0.021875 0.064062
1 0.756250 0.499219 0.025000 0.060938
0 0.664062 0.324219 0.012500 0.012500
2 0.053125 0.524219 0.025000 0.060938
