1 0.754047 0.255922 0.020031 0.049359
1 0.695312 0.384375 0.026562 0.054688
1 0.645312 0.343750 0.023438 0.060938
1 0.830469 0.438281 0.023438 0.067187
1 0.736719 0.378906 0.020312 0.057813
1 0.686719 0.272656 0.017187 0.054688
1 0.651563 0.232031 0.017187 0.053125
1 0.744531 0.311719 0.017188 0.054688
1 0.560156 0.301562 0.039062 0.032812
1 0.953125 0.625000 0.021875 0.064062
1 0.772656 0.582031 0.026563 0.067188
1 0.674219 0.532031 0.028125 0.070312
1 0.539062 0.428125 0.015625 0.051562
2 0.049219 0.557031 0.023438 0.057812
1 0.744531 0.328125 0.017188 0.025000
0 0.563547 0.248891 0.009000 0.010281
