1 0.813281 0.460609 0.021812 0.061578
1 0.828125 0.277344 0.018750 0.054688
1 0.794531 0.360156 0.023438 0.053125
1 0.878906 0.258594 0.020313 0.051562
1 0.746875 0.337500 0.021875 0.050000
1 0.857031 0.273438 0.025000 0.054688
1 0.700781 0.457031 0.025000 0.029688
1 0.525781 0.296875 0.023438 0.040625
1 0.864063 0.604688 0.020312 0.065625
1 0.773438 0.576563 0.026562 0.065625
1 0.681250 0.548437 0.026563 0.067188
2 0.050781 0.530469 0.025000 0.060938
1 0.733594 0.400000 0.020312 0.060938
1 0.703906 0.472656 0.025000 0.062500
1 0.807813 0.417969 0.021875 0.051562
0 0.557797 0.208391 0.008141 0.008953
