2 0.037500 0.298438 0.017187 0.051562
1 0.161719 0.346875 0.020312 0.056250
1 0.231250 0.458594 0.018750 0.026563
1 0.471094 0.275000 0.018750 0.053125
1 0.171875 0.460938 0.025000 0.021875
1 0.176563 0.666406 0.021875 0.070312
1 0.057813 0.496875 0.020312 0.065625
1 0.432031 0.554688 0.026563 0.059375
1 0.293750 0.575781 0.028125 0.065625
1 0.169531 0.482812 0.023438 0.065625
1 0.207813 0.525781 0.021875 0.062500
1 0.228906 0.476562 0.018750 0.062500
0 0.180469 0.355469 0.010938 0.012500
2 0.934375 0.539844 0.025000 0.060938
