2 0.970313 0.289062 0.018750 0.053125
1 0.841406 0.350781 0.018750 0.056250
1 0.782031 0.458594 0.021875 0.026563
1 0.825781 0.458594 0.023438 0.026563
1 0.523438 0.271094 0.018750 0.053125
1 0.940625 0.495312 0.020312 0.065625
1 0.705469 0.573438 0.028125 0.067188
1 0.579688 0.553906 0.020312 0.062500
1 0.821875 0.660937 0.023438 0.073437
1 0.791406 0.524219 0.021875 0.060938
1 0.780469 0.475000 0.020312 0.059375
1 0.828125 0.479688 0.025000 0.068750
0 0.819531 0.353906 0.012500 0.014063
2 0.064844 0.537500 0.025000 0.062500
