1 0.811328125 0.7395833333333334 0.03984375 0.17083333333333334
1 0.58984375 0.3763888888888889 0.0296875 0.11666666666666667
2 0.757421875 0.45555555555555555 0.03359375 0.1361111111111111
1 0.1265625 0.34791666666666665 0.021875 0.11805555555555555
1 0.613671875 0.17916666666666667 0.01640625 0.08611111111111111
1 0.53984375 0.41180555555555554 0.0265625 0.11805555555555555
1 0.30625 0.6076388888888888 0.0375 0.1597222222222222
1 0.32734375 0.6270833333333333 0.03125 0.12638888888888888
1 0.35078125 0.10486111111111111 0.01875 0.0763888888888889
1 0.3359375 0.21319444444444444 0.0203125 0.09861111111111111
2 0.335546875 0.21388888888888888 0.02109375 0.09722222222222222
2 0.35078125 0.10555555555555556 0.01875 0.07777777777777778
1 0.315234375 0.6138888888888889 0.05546875 0.15
0 0.580078125 0.4263888888888889 0.00703125 0.022222222222222223
0 0.35703125 0.32916666666666666 0.0171875 0.03611111111111111