1 0.063671875 0.85 0.03984375 0.17777777777777778
1 0.28359375 0.4236111111111111 0.0234375 0.1111111111111111
1 0.68515625 0.46805555555555556 0.0203125 0.11388888888888889
1 0.230078125 0.20416666666666666 0.01796875 0.075
1 0.50078125 0.6645833333333333 0.040625 0.11805555555555555
1 0.370703125 0.2826388888888889 0.01953125 0.09861111111111111
1 0.4890625 0.4305555555555556 0.0234375 0.10833333333333334
1 0.716796875 0.6125 0.03828125 0.12777777777777777
1 0.54140625 0.29791666666666666 0.0140625 0.09305555555555556
1 0.93515625 0.23958333333333334 0.01875 0.0875
1 0.762890625 0.4222222222222222 0.02109375 0.1111111111111111
1 0.7234375 0.5208333333333334 0.021875 0.07222222222222222
1 0.475 0.6854166666666667 0.021875 0.09583333333333334
0 0.516015625 0.6972222222222222 0.01171875 0.022222222222222223