1 0.423828125 0.7555555555555555 0.03203125 0.175
1 0.219921875 0.7715277777777778 0.04140625 0.1763888888888889
1 0.3578125 0.4625 0.0359375 0.15
1 0.5484375 0.4041666666666667 0.028125 0.1388888888888889
1 0.019921875 0.3145833333333333 0.02578125 0.11527777777777778
1 0.753515625 0.47152777777777777 0.02578125 0.14583333333333334
1 0.245703125 0.4826388888888889 0.03203125 0.1375
1 0.475 0.25555555555555554 0.034375 0.06666666666666667
1 0.289453125 0.3909722222222222 0.03046875 0.11805555555555555
1 0.421875 0.2611111111111111 0.0296875 0.08611111111111111
1 0.65078125 0.40069444444444446 0.0265625 0.12916666666666668
1 0.787890625 0.3736111111111111 0.02265625 0.13333333333333333
1 0.633984375 0.325 0.02421875 0.10277777777777777
1 0.3229140625 0.32916666666666666 0.03489843749999997 0.1361111111111111
0 0.290234375 0.28888888888888886 0.01171875 0.019444444444444445