1 0.251171875 0.5777777777777777 0.04140625 0.14444444444444443
2 0.794921875 0.5222222222222223 0.03359375 0.14444444444444443
1 0.209375 0.7486111111111111 0.046875 0.17777777777777778
1 0.22734375 0.3138888888888889 0.034375 0.10833333333333334
1 0.6609375 0.40347222222222223 0.0296875 0.12361111111111112
1 0.40546875 0.43680555555555556 0.0328125 0.12361111111111112
1 0.370703125 0.43680555555555556 0.02890625 0.12638888888888888
1 0.59609375 0.32013888888888886 0.0203125 0.09861111111111111
1 0.728125 0.5479166666666667 0.0296875 0.14027777777777778
1 0.630859375 0.5451388888888888 0.03046875 0.15138888888888888
1 0.060546875 0.9590277777777778 0.03046875 0.08194444444444444
1 0.64609375 0.2798611111111111 0.015625 0.09583333333333334
2 0.217578125 0.22430555555555556 0.02421875 0.08472222222222223