1 0.5932291666666667 0.2351851851851852 0.0078125 0.03518518518518519
1 0.6197916666666666 0.29444444444444445 0.0078125 0.03425925925925926
1 0.4114583333333333 0.3736111111111111 0.008854166666666666 0.040740740740740744
2 0.45651041666666664 0.2847222222222222 0.0067708333333333336 0.03888888888888889
1 0.31197916666666664 0.2986111111111111 0.008333333333333333 0.03333333333333333
1 0.45364583333333336 0.5064814814814815 0.009895833333333333 0.046296296296296294
1 0.6541666666666667 0.21944444444444444 0.007291666666666667 0.03333333333333333
1 0.5833333333333334 0.3875 0.008333333333333333 0.040740740740740744
1 0.34713541666666664 0.4148148148148148 0.008854166666666666 0.04537037037037037
1 0.6890625 0.3486111111111111 0.0078125 0.03611111111111111
1 0.43122916666666666 0.23564814814814813 0.005255208333333291 0.03518518518518519
1 0.48515625 0.3050925925925926 0.007291666666666667 0.03888888888888889
1 0.56015625 0.28703703703703703 0.007291666666666667 0.03981481481481482
1 0.36432291666666666 0.2263888888888889 0.008333333333333333 0.03425925925925926
2 0.9583333333333334 0.6041666666666666 0.014583333333333334 0.03796296296296296
1 0.38776041666666666 0.32685185185185184 0.009895833333333333 0.03796296296296296
1 0.6783854166666666 0.3125 0.008854166666666666 0.03796296296296296
1 0.6130208333333333 0.32916666666666666 0.009375 0.03518518518518519
1 0.4229322916666666 0.23878703703703702 0.007828124999999986 0.024907407407407385
1 0.7370989583333334 0.23292592592592593 0.007416666666666553 0.03223148148148151
1 0.7595520833333332 0.2245 0.007005208333333238 0.03442592592592593
2 0.16047916666666667 0.15162037037037038 0.007005208333333357 0.030759259259259285