1 0.332421875 0.32430555555555557 0.02421875 0.10972222222222222
1 0.226953125 0.7381944444444445 0.02890625 0.17916666666666667
1 0.505859375 0.2986111111111111 0.02734375 0.08888888888888889
1 0.965234375 0.4236111111111111 0.01796875 0.11666666666666667
1 0.614453125 0.38055555555555554 0.02109375 0.11388888888888889
1 0.571484375 0.2972222222222222 0.03203125 0.08055555555555556
1 0.41484375 0.3784722222222222 0.0296875 0.11527777777777778
1 0.441015625 0.28541666666666665 0.02265625 0.09027777777777778
1 0.39921875 0.2902777777777778 0.0234375 0.08888888888888889
2 0.288671875 0.375 0.02421875 0.12222222222222222
1 0.6234375 0.24722222222222223 0.0234375 0.08055555555555556
1 0.961328125 0.3326388888888889 0.02265625 0.1125
1 0.983984375 0.3138888888888889 0.02421875 0.09722222222222222
1 0.459765625 0.25772222222222224 0.01484375 0.09012499999999998
1 0.98515625 0.30486111111111114 0.01875 0.10972222222222222
0 0.625 0.17593055555555556 0.010414062499999942 0.018513888888888906