1 0.281640625 0.5847222222222223 0.04296875 0.15555555555555556
1 0.421875 0.3111111111111111 0.0265625 0.09722222222222222
1 0.958203125 0.2833333333333333 0.01953125 0.10277777777777777
1 0.53515625 0.33958333333333335 0.0265625 0.10694444444444444
1 0.708203125 0.24583333333333332 0.01640625 0.08611111111111111
1 0.596484375 0.3958333333333333 0.03046875 0.11666666666666667
1 0.384765625 0.27708333333333335 0.03046875 0.10416666666666667
1 0.258203125 0.34791666666666665 0.03984375 0.10416666666666667
1 0.646484375 0.21388888888888888 0.02421875 0.08611111111111111
1 0.90078125 0.40347222222222223 0.0328125 0.12638888888888888
1 0.984765625 0.51875 0.02578125 0.14305555555555555
1 0.97734375 0.39652777777777776 0.034375 0.12361111111111112
2 0.891796875 0.34444444444444444 0.01796875 0.08611111111111111
2 0.242578125 0.19166666666666668 0.02421875 0.09166666666666666
0 0.28515625 0.38958333333333334 0.0109375 0.020833333333333332