1 0.4700520833333333 0.37407407407407406 0.0067708333333333336 0.041666666666666664
1 0.38177083333333334 0.600925925925926 0.010416666666666666 0.04722222222222222
1 0.33671875 0.33240740740740743 0.0078125 0.03981481481481482
1 0.5713541666666667 0.7398148148148148 0.013541666666666667 0.05092592592592592
1 0.5638020833333334 0.3509259259259259 0.0067708333333333336 0.04259259259259259
1 0.2950520833333333 0.7402777777777778 0.011458333333333333 0.058333333333333334
1 0.27291666666666664 0.8583333333333333 0.016666666666666666 0.05092592592592592
1 0.6052083333333333 0.5402777777777777 0.0078125 0.049074074074074076
1 0.26510416666666664 0.4486111111111111 0.0125 0.04814814814814815
1 0.6598958333333333 0.8175925925925925 0.018229166666666668 0.05185185185185185
1 0.9921875 0.38796296296296295 0.011979166666666667 0.044444444444444446
1 0.6901041666666666 0.29814814814814816 0.0078125 0.03981481481481482
1 0.37135416666666665 0.24953703703703703 0.0078125 0.03518518518518519
1 0.29739583333333336 0.44027777777777777 0.009895833333333333 0.04537037037037037
1 0.415625 0.5231481481481481 0.008333333333333333 0.04537037037037037
2 0.9559895833333333 0.9564814814814815 0.024479166666666666 0.05092592592592592
2 0.39609375 0.475 0.0078125 0.04259259259259259
1 0.46432291666666664 0.3194444444444444 0.007291666666666667 0.04537037037037037
1 0.8255208333333334 0.5222222222222223 0.013020833333333334 0.05
1 0.3736770833333333 0.3083611111111111 0.007750000000000057 0.043203703703703675
1 0.45309375 0.2510740740740741 0.007395833333333357 0.0338148148148148
1 0.38547395833333337 0.18814814814814815 0.007395833333333357 0.03193518518518519
1 0.548890625 0.16028703703703706 0.005989583333333334 0.026296296296296276
2 0.327890625 0.12115740740740741 0.007041666666666657 0.023166666666666662
0 0.6793802083333333 0.3575185185185185 0.007041666666666657 0.01126851851851848