1 0.725 0.46041666666666664 0.0265625 0.13194444444444445
1 0.28046875 0.34444444444444444 0.03125 0.12222222222222222
1 0.8515625 0.3104166666666667 0.021875 0.10694444444444444
1 0.46875 0.30694444444444446 0.0234375 0.09722222222222222
1 0.25078125 0.41180555555555554 0.0265625 0.12638888888888888
1 0.533984375 0.30694444444444446 0.02734375 0.1
1 0.735546875 0.3138888888888889 0.02265625 0.09444444444444444
1 0.3193125 0.260875 0.018312500000000044 0.10045833333333332
1 0.573390625 0.24027777777777778 0.018664062500000078 0.10277777777777777
1 0.14375 0.26319444444444445 0.0140625 0.07916666666666666
1 0.3712265625 0.26072222222222224 0.02369531250000003 0.1118888888888889
2 0.516796875 0.39552777777777776 0.02734375 0.13055555555555556
1 0.66228125 0.30616666666666664 0.027687500000000042 0.1126527777777778
1 0.075 0.25277777777777777 0.0140625 0.08333333333333333
1 0.0520390625 0.2199027777777778 0.024046875000000002 0.09629166666666665