1 0.91796875 0.5270833333333333 0.040625 0.12638888888888888
1 0.1703125 0.39791666666666664 0.025 0.11805555555555555
1 0.79609375 0.5881944444444445 0.034375 0.14027777777777778
1 0.733203125 0.3277777777777778 0.02578125 0.10277777777777777
1 0.869140625 0.4875 0.03046875 0.11388888888888889
1 0.746484375 0.5819444444444445 0.03984375 0.12777777777777777
1 0.4671875 0.5166666666666667 0.0203125 0.12777777777777777
1 0.596875 0.3326388888888889 0.0234375 0.09027777777777778
1 0.548828125 0.7298611111111111 0.02734375 0.14027777777777778
2 0.937890625 0.12708333333333333 0.01640625 0.07083333333333333
1 0.555859375 0.6513888888888889 0.02109375 0.10555555555555556
0 0.1905390625 0.6558611111111111 0.011281249999999998 0.024694444444444408
1 0.487890625 0.5381944444444444 0.01953125 0.13472222222222222