1 0.2734375 0.5229166666666667 0.028125 0.13194444444444445
1 0.419140625 0.7263888888888889 0.03515625 0.15555555555555556
1 0.18828125 0.44027777777777777 0.025 0.11666666666666667
1 0.79140625 0.7895833333333333 0.0359375 0.17916666666666667
1 0.836328125 0.33194444444444443 0.02109375 0.1111111111111111
1 0.885546875 0.4479166666666667 0.03203125 0.1125
1 0.6109375 0.4407361111111111 0.04375 0.11018055555555561
1 0.4390625 0.2923611111111111 0.0390625 0.0763888888888889
1 0.055859375 0.9576388888888889 0.03203125 0.08472222222222223
1 0.00390625 0.5972222222222222 0.0078125 0.13333333333333333
0 0.416234375 0.32176388888888885 0.0078125 0.013888888888888888