1 0.078125 0.3958333333333333 0.0359375 0.125
1 0.800390625 0.7638888888888888 0.03671875 0.175
1 0.187109375 0.4027777777777778 0.02578125 0.12777777777777777
1 0.8328125 0.4534722222222222 0.0265625 0.14305555555555555
1 0.097265625 0.625 0.03359375 0.16944444444444445
2 0.615234375 0.42569444444444443 0.03046875 0.13194444444444445
1 0.5734375 0.40694444444444444 0.0234375 0.12777777777777777
1 0.344140625 0.8986111111111111 0.04140625 0.18333333333333332
1 0.327734375 0.31319444444444444 0.02265625 0.09583333333333334
1 0.7899765625 0.2724583333333333 0.03307031250000003 0.10787500000000003
1 0.61328125 0.3145833333333333 0.021875 0.10138888888888889
1 0.747265625 0.26319444444444445 0.01640625 0.07361111111111111
1 0.505078125 0.38958333333333334 0.02109375 0.13472222222222222
1 0.962109375 0.4638888888888889 0.02578125 0.1388888888888889
1 0.9953125 0.3798611111111111 0.009375 0.12083333333333333
1 0.387453125 0.266125 0.02387499999999996 0.09676388888888891
2 0.962109375 0.46597222222222223 0.02578125 0.14027777777777778
0 0.35625 0.3125 0.009375 0.022222222222222223