1 0.85859375 0.7194444444444444 0.05 0.16666666666666666
2 0.544140625 0.4583333333333333 0.04140625 0.15
1 0.6171875 0.42291666666666666 0.0296875 0.11805555555555555
1 0.2453125 0.3236111111111111 0.040625 0.11388888888888889
1 0.365234375 0.2152777777777778 0.03515625 0.1
1 0.597265625 0.30069444444444443 0.02890625 0.12083333333333333
1 0.102734375 0.41180555555555554 0.05078125 0.12083333333333333
1 0.709765625 0.32569444444444445 0.04609375 0.12083333333333333
1 0.748046875 0.22361111111111112 0.02265625 0.10277777777777777
2 0.269921875 0.12916666666666668 0.02734375 0.08888888888888889
1 0.3109375 0.22013888888888888 0.03125 0.09027777777777778
1 0.49596093750000003 0.39522222222222225 0.045570312499999946 0.13456944444444444
0 0.387109375 0.3277777777777778 0.01484375 0.027777777777777776
1 0.020835937500000002 0.9544722222222223 0.0416640625 0.09105555555555547