1 0.5828125 0.15416666666666667 0.005729166666666666 0.030555555555555555
1 0.5841145833333333 0.39861111111111114 0.0078125 0.041666666666666664
1 0.35833333333333334 0.2828703703703704 0.008333333333333333 0.03888888888888889
2 0.9260416666666667 0.9208333333333333 0.019270833333333334 0.053703703703703705
1 0.5984375 0.6337962962962963 0.011979166666666667 0.049074074074074076
1 0.4700520833333333 0.32685185185185184 0.007291666666666667 0.040740740740740744
1 0.4200520833333333 0.25324074074074077 0.0078125 0.03888888888888889
1 0.48489583333333336 0.5583333333333333 0.009895833333333333 0.04537037037037037
1 0.7091145833333333 0.4412037037037037 0.0109375 0.05092592592592592
1 0.6161458333333333 0.32592592592592595 0.0078125 0.03888888888888889
1 0.51875 0.31527777777777777 0.0067708333333333336 0.03888888888888889
1 0.4817708333333333 0.3560185185185185 0.0078125 0.044444444444444446
1 0.50390625 0.4152777777777778 0.008854166666666666 0.04351851851851852
1 0.5223958333333333 0.387037037037037 0.009895833333333333 0.04537037037037037
2 0.465625 0.3962962962962963 0.007291666666666667 0.04351851851851852
1 0.50859375 0.34074074074074073 0.0067708333333333336 0.040740740740740744
1 0.4859375 0.24166666666666667 0.005729166666666666 0.03518518518518519
1 0.4856770833333333 0.19953703703703704 0.00625 0.03333333333333333
1 0.5275104166666666 0.41766666666666663 0.009119791666666661 0.039944444444444435
1 0.5387395833333334 0.31780555555555556 0.007489583333333391 0.041675925925925915
1 0.5476979166666667 0.28944444444444445 0.011072916666666781 0.04051851851851851
1 0.6979687499999999 0.2700462962962963 0.010093750000000058 0.03647222222222221
2 0.39921354166666667 0.10506481481481482 0.007161458333333333 0.024888888888888884