1 0.231640625 0.44305555555555554 0.04921875 0.13333333333333333
1 0.58203125 0.26875 0.021875 0.09861111111111111
1 0.084765625 0.6256944444444444 0.04140625 0.16527777777777777
1 0.799609375 0.18680555555555556 0.02109375 0.09861111111111111
1 0.78359375 0.12152777777777778 0.01875 0.08194444444444444
1 0.984375 0.5354166666666667 0.03125 0.15694444444444444
1 0.555859375 0.21458333333333332 0.02109375 0.10138888888888889
1 0.42109375 0.26805555555555555 0.0234375 0.11388888888888889
1 0.5203125 0.20208333333333334 0.0171875 0.09583333333333334
2 0.871484375 0.3388888888888889 0.03203125 0.12222222222222222
1 0.472265625 0.5638888888888889 0.05078125 0.11388888888888889
1 0.5484375 0.5381944444444444 0.0375 0.09861111111111111
1 0.53046875 0.5861111111111111 0.0421875 0.10555555555555556
1 0.588671875 0.1673611111111111 0.02109375 0.09861111111111111
1 0.712890625 0.19930555555555557 0.02265625 0.09861111111111111
2 0.8140625 0.050694444444444445 0.0203125 0.07361111111111111
1 0.030078125 0.1763888888888889 0.02890625 0.10277777777777777
1 0.030078125 0.1763888888888889 0.02890625 0.10277777777777777
0 0.57265625 0.6277777777777778 0.0140625 0.025