1 0.7799479166666666 0.5337962962962963 0.017708333333333333 0.03888888888888889
1 0.25703125 0.3175925925925926 0.009895833333333333 0.03611111111111111
1 0.64453125 0.26990740740740743 0.009375 0.028703703703703703
1 0.5075520833333333 0.39305555555555555 0.011458333333333333 0.03518518518518519
1 0.74453125 0.3638888888888889 0.013020833333333334 0.040740740740740744
1 0.33307291666666666 0.44166666666666665 0.010416666666666666 0.03796296296296296
1 0.5830729166666667 0.22962962962962963 0.008333333333333333 0.03518518518518519
1 0.746875 0.2847222222222222 0.013020833333333334 0.03425925925925926
1 0.6841145833333333 0.600925925925926 0.017708333333333333 0.04537037037037037
1 0.29921875 0.5125 0.0140625 0.041666666666666664
1 0.5533854166666666 0.22453703703703703 0.008854166666666666 0.030555555555555555
2 0.49296875 0.33935185185185185 0.009895833333333333 0.03333333333333333
1 0.12265625 0.2898148148148148 0.0109375 0.03611111111111111
1 0.39765625 0.25324074074074077 0.010416666666666666 0.03333333333333333
2 0.3809895833333333 0.10555555555555556 0.00625 0.025925925925925925
1 0.6236979166666666 0.38472222222222224 0.015625 0.037037037037037035
1 0.42161458333333335 0.15833333333333333 0.007291666666666667 0.025
1 0.41380208333333335 0.3638888888888889 0.011979166666666667 0.03981481481481482
1 0.28932291666666665 0.31666666666666665 0.0109375 0.03518518518518519
1 0.6981770833333333 0.27685185185185185 0.0109375 0.037037037037037035
1 0.5276041666666667 0.22824074074074074 0.008854166666666666 0.030555555555555555
1 0.49765625 0.2550925925925926 0.009375 0.03425925925925926
1 0.5090781249999999 0.3665925925925926 0.009510416666666662 0.023240740740740763
0 0.5847447916666667 0.24826851851851853 0.00475520833333339 0.010564814814814786