1 0.9609375 0.6173611111111111 0.0421875 0.15416666666666667
1 0.680859375 0.28888888888888886 0.02109375 0.1
1 0.69921875 0.7138888888888889 0.0328125 0.15833333333333333
2 0.886328125 0.24513888888888888 0.02109375 0.09861111111111111
1 0.85078125 0.13958333333333334 0.01875 0.08194444444444444
1 0.38671875 0.5895833333333333 0.053125 0.11527777777777778
1 0.56875 0.15 0.0140625 0.07777777777777778
1 0.563671875 0.2902777777777778 0.02265625 0.10277777777777777
1 0.33984375 0.21805555555555556 0.01875 0.1
1 0.826953125 0.20972222222222223 0.01796875 0.09166666666666666
1 0.3125 0.20208333333333334 0.0171875 0.09861111111111111
1 0.8557734375000001 0.4192083333333333 0.02300000000000004 0.11343055555555549
2 0.36875 0.04722222222222222 0.015625 0.06666666666666667
1 0.35 0.5569444444444445 0.0421875 0.11944444444444445
1 0.2671875 0.11875 0.0125 0.06805555555555555
1 0.86284375 0.4560138888888889 0.0243046875000001 0.13426388888888882
0 0.35460156249999997 0.6049444444444444 0.013023437499999967 0.030861111111111148