1 0.6783854166666666 0.475462962962963 0.011458333333333333 0.04814814814814815
1 0.7677083333333333 0.350462962962963 0.0078125 0.03888888888888889
1 0.5135416666666667 0.4166666666666667 0.0078125 0.040740740740740744
1 0.26171875 0.5722222222222222 0.010416666666666666 0.05185185185185185
1 0.28125 0.31805555555555554 0.0078125 0.03333333333333333
1 0.49635416666666665 0.22962962962962963 0.007291666666666667 0.032407407407407406
1 0.34456770833333333 0.22637962962962963 0.00625 0.03148148148148148
1 0.5111979166666667 0.6435185185185185 0.010416666666666666 0.05
1 0.5302083333333333 0.25555555555555554 0.008854166666666666 0.03425925925925926
2 0.46171875 0.07314814814814814 0.005729166666666666 0.025
1 0.24427083333333333 0.28379629629629627 0.0067708333333333336 0.037037037037037035
1 0.6901041666666666 0.3333333333333333 0.009375 0.03981481481481482
1 0.05260416666666667 0.45555555555555555 0.009895833333333333 0.04259259259259259
2 0.47239583333333335 0.38796296296296295 0.009375 0.03796296296296296
1 0.3541666666666667 0.25555555555555554 0.0067708333333333336 0.03611111111111111
1 0.2578125 0.2708333333333333 0.0067708333333333336 0.03425925925925926
1 0.49895833333333334 0.6138888888888889 0.013541666666666667 0.05092592592592592
1 0.097484375 0.38431481481481483 0.011567708333333322 0.03885185185185189
1 0.24917187500000001 0.23885185185185184 0.005890624999999971 0.03045370370370369
1 0.254390625 0.2607407407407408 0.005083333333333329 0.03425925925925926
1 0.33829166666666666 0.23052777777777778 0.007494791666666719 0.02712037037037039
1 0.6515625 0.20340740740740743 0.006156250000000085 0.02712037037037039
1 0.7006770833333333 0.3002314814814815 0.0074947916666666 0.03425925925925926