1 0.6583333333333333 0.4263888888888889 0.008333333333333333 0.041666666666666664
1 0.4041666666666667 0.2050925925925926 0.008333333333333333 0.03518518518518519
1 0.27890625 0.25972222222222224 0.008333333333333333 0.03796296296296296
1 0.246875 0.3648148148148148 0.009375 0.041666666666666664
1 0.4453125 0.19305555555555556 0.0067708333333333336 0.032407407407407406
1 0.6432291666666666 0.6166666666666667 0.013020833333333334 0.05277777777777778
1 0.24166666666666667 0.15601851851851853 0.0078125 0.03425925925925926
1 0.45364583333333336 0.42268518518518516 0.008333333333333333 0.04814814814814815
1 0.86484375 0.28194444444444444 0.009895833333333333 0.037037037037037035
1 0.5856770833333333 0.16944444444444445 0.0067708333333333336 0.03425925925925926
1 0.03958333333333333 0.26944444444444443 0.007291666666666667 0.03425925925925926
1 0.32005208333333335 0.11064814814814815 0.005729166666666666 0.025
1 0.4205729166666667 0.11435185185185186 0.005208333333333333 0.03148148148148148
2 0.7669270833333334 0.9375 0.021875 0.05092592592592592
1 0.55234375 0.22453703703703703 0.008854166666666666 0.03611111111111111
1 0.34988541666666667 0.23092592592592592 0.008760416666666633 0.037925925925925905
1 0.3249375 0.48861111111111116 0.010666666666666677 0.04537037037037037
1 0.3228385416666667 0.1635462962962963 0.007239583333333381 0.03318518518518521
1 0.42607291666666663 0.14797222222222223 0.004953124999999995 0.03318518518518521
1 0.45007291666666666 0.15474074074074073 0.004953124999999995 0.030472222222222192
1 0.49102083333333335 0.12054629629629629 0.006859375000000038 0.029796296296296303
1 0.55178125 0.16896296296296295 0.006473958333333248 0.03453703703703705
2 0.48892708333333335 0.23973148148148152 0.007239583333333381 0.03250925925925927
0 0.35274479166666667 0.12155555555555556 0.006859375000000038 0.011509259259259266
2 0.275796875 0.10023148148148148 0.00838020833333329 0.027092592592592585
1 0.3986458333333333 0.0995462962962963 0.004953124999999995 0.027092592592592585