1 0.70625 0.20092592592592592 0.0078125 0.032407407407407406
1 0.665625 0.41759259259259257 0.0109375 0.037037037037037035
1 0.98984375 0.34120370370370373 0.011979166666666667 0.040740740740740744
1 0.48776041666666664 0.5740740740740741 0.011458333333333333 0.04814814814814815
1 0.73046875 0.3976851851851852 0.008333333333333333 0.040740740740740744
1 0.48932291666666666 0.20925925925925926 0.005729166666666666 0.03333333333333333
1 0.6899479166666667 0.3811203703703704 0.009375 0.03518518518518519
1 0.4895833333333333 0.25555555555555554 0.005729166666666666 0.03518518518518519
1 0.6958333333333333 0.40925925925925927 0.010416666666666666 0.03981481481481482
2 0.4703125 0.11481481481481481 0.005729166666666666 0.027777777777777776
1 0.7731770833333333 0.4074074074074074 0.009895833333333333 0.04537037037037037
1 0.99375 0.09166666666666666 0.0078125 0.022222222222222223
1 0.6755208333333333 0.6078703703703704 0.013020833333333334 0.04537037037037037
2 0.5260677083333333 0.3897314814814815 0.009140624999999977 0.0386018518518518
1 0.4733072916666667 0.34029629629629626 0.007239583333333381 0.039953703703703686
1 0.6254895833333334 0.33996296296296297 0.006859375000000038 0.03792592592592596
1 0.69965625 0.3915092592592592 0.006624999999999896 0.031574074074074095
1 0.7243385416666667 0.3829444444444444 0.006020833333333305 0.039074074074074115
1 0.7157604166666667 0.38910185185185187 0.0063229166666666 0.03960185185185183
1 0.7121458333333333 0.38508333333333333 0.005119791666666628 0.04656481481481478
1 0.7014583333333333 0.35778703703703707 0.007223958333333277 0.037999999999999964
1 0.69378125 0.36126851851851854 0.006921874999999981 0.03104629629629627
1 0.71275 0.3599259259259259 0.006921874999999981 0.017657407407407455
1 0.775671875 0.27830555555555553 0.008130208333333399 0.042814814814814826