1 0.4328125 0.5930555555555556 0.04375 0.1527777777777778
1 0.6171875 0.33402777777777776 0.040625 0.10694444444444444
1 0.78359375 0.7340277777777777 0.0453125 0.20416666666666666
1 0.801953125 0.3138888888888889 0.03515625 0.12222222222222222
1 0.78046875 0.53125 0.03125 0.17083333333333334
1 0.186328125 0.46875 0.03828125 0.12361111111111112
1 0.51796875 0.35694444444444445 0.028125 0.12777777777777777
1 0.378859375 0.46258333333333335 0.04349218749999997 0.11651388888888888
1 0.47421875 0.45208333333333334 0.040625 0.11805555555555555
1 0.49609375 0.4895833333333333 0.0453125 0.12361111111111112
1 0.99609375 0.3055555555555556 0.0078125 0.10277777777777777
1 0.7877578125 0.28834722222222225 0.023960937500000057 0.12330555555555552
1 0.481640625 0.4444444444444444 0.04609375 0.13055555555555556
1 0.3912734375 0.34791666666666665 0.044007812500000035 0.09027777777777778
0 0.498828125 0.5402777777777777 0.01328125 0.027777777777777776