1 0.2877604166666667 0.3106481481481482 0.0078125 0.040740740740740744
1 0.97890625 0.35509259259259257 0.0125 0.040740740740740744
1 0.59375 0.48657407407407405 0.009895833333333333 0.041666666666666664
1 0.3065104166666667 0.5574074074074075 0.010416666666666666 0.03796296296296296
1 0.5559895833333334 0.3912037037037037 0.0078125 0.03611111111111111
1 0.33984375 0.7736111111111111 0.0125 0.05648148148148148
1 0.73515625 0.5314814814814814 0.011458333333333333 0.05
1 0.4578125 0.1925925925925926 0.00625 0.030555555555555555
1 0.43385416666666665 0.5990740740740741 0.0078125 0.04259259259259259
1 0.4322916666666667 0.2763888888888889 0.0067708333333333336 0.037037037037037035
1 0.69140625 0.28055555555555556 0.0078125 0.03796296296296296
1 0.2791666666666667 0.3972222222222222 0.008333333333333333 0.03981481481481482
1 0.48723958333333334 0.48657407407407405 0.008333333333333333 0.041666666666666664
1 0.5986979166666667 0.7402777777777778 0.016666666666666666 0.05092592592592592
2 0.9200520833333333 0.9541666666666667 0.0203125 0.05
1 0.5104166666666666 0.337037037037037 0.007291666666666667 0.03796296296296296
1 0.3919270833333333 0.3587962962962963 0.007291666666666667 0.037037037037037035
1 0.4640625 0.2722222222222222 0.0067708333333333336 0.03611111111111111
1 0.37734375 0.45555555555555555 0.008854166666666666 0.03981481481481482
1 0.39088541666666665 0.325 0.0078125 0.03796296296296296
2 0.4251979166666667 0.4138425925925926 0.007416666666666671 0.03955555555555558
2 0.32734895833333333 0.1182962962962963 0.007828124999999986 0.02856481481481481
1 0.322609375 0.24684259259259256 0.007416666666666671 0.035157407407407436
1 0.5764114583333334 0.16590740740740742 0.006593749999999924 0.030027777777777785
0 0.5904739583333334 0.7482407407407408 0.004890624999999934 0.0114351851851851