1 0.2559895833333333 0.37824074074074077 0.0109375 0.03888888888888889
1 0.49322916666666666 0.31296296296296294 0.008333333333333333 0.03148148148148148
1 0.30807291666666664 0.23148148148148148 0.008854166666666666 0.030555555555555555
1 0.6684895833333333 0.5481481481481482 0.011458333333333333 0.04814814814814815
1 0.5322916666666667 0.4615740740740741 0.009375 0.04351851851851852
1 0.30859375 0.34814814814814815 0.009895833333333333 0.037037037037037035
1 0.5924479166666666 0.27870370370370373 0.009375 0.03611111111111111
1 0.34713541666666664 0.2601851851851852 0.009375 0.027777777777777776
1 0.49140625 0.5412037037037037 0.011458333333333333 0.044444444444444446
1 0.46119791666666665 0.2657407407407407 0.009895833333333333 0.03611111111111111
1 0.4119791666666667 0.17222222222222222 0.008333333333333333 0.027777777777777776
1 0.6723958333333333 0.41759259259259257 0.009375 0.03888888888888889
1 0.71484375 0.24259259259259258 0.009375 0.03333333333333333
2 0.48333333333333334 0.2652777777777778 0.008854166666666666 0.03425925925925926
2 0.8916666666666667 0.7041666666666667 0.015104166666666667 0.040740740740740744
1 0.32760416666666664 0.27685185185185185 0.009375 0.030555555555555555
2 0.20494791666666667 0.14675925925925926 0.008333333333333333 0.024074074074074074
1 0.44765625 0.3425925925925926 0.009895833333333333 0.03518518518518519
1 0.4083333333333333 0.1814814814814815 0.008854166666666666 0.030555555555555555
1 0.22760416666666666 0.2337962962962963 0.009375 0.030555555555555555
1 0.38255208333333335 0.11898148148148148 0.0078125 0.023148148148148147
1 0.5986354166666668 0.2576759259259259 0.010286458333333333 0.03725000000000002
1 0.48892708333333335 0.24514814814814814 0.009520833333333319 0.03521296296296294
1 0.4613072916666667 0.13950925925925925 0.010666666666666677 0.031148148148148137
0 0.3287447916666667 0.2989907407407408 0.003807291666666638 0.01287037037037035