1 0.322265625 0.5736111111111111 0.04140625 0.14722222222222223
1 0.401171875 0.4395833333333333 0.02578125 0.1125
1 0.30859375 0.3902777777777778 0.03125 0.10833333333333334
1 0.564453125 0.2847222222222222 0.03359375 0.09166666666666666
1 0.72890625 0.3784722222222222 0.0328125 0.10138888888888889
1 0.94140625 0.425 0.040625 0.1111111111111111
1 0.501953125 0.4625 0.03203125 0.1111111111111111
1 0.13359375 0.22152777777777777 0.025 0.08194444444444444
1 0.473046875 0.4930555555555556 0.03203125 0.12222222222222222
1 0.982421875 0.7604166666666666 0.03515625 0.14027777777777778
2 0.153125 0.40555555555555556 0.034375 0.11666666666666667
1 0.662109375 0.5402777777777777 0.04296875 0.13055555555555556
1 0.856640625 0.36180555555555555 0.01796875 0.10694444444444444
1 0.668359375 0.5368055555555555 0.03203125 0.13194444444444445
1 0.8737812500000001 0.3678194444444444 0.0296875 0.10972222222222222
0 0.61953125 0.43194444444444446 0.0125 0.025