1 0.500390625 0.7215277777777778 0.03359375 0.13194444444444445
1 0.466015625 0.5986111111111111 0.03984375 0.13055555555555556
1 0.96640625 0.6263888888888889 0.034375 0.1361111111111111
1 0.790625 0.41597222222222224 0.025 0.10972222222222222
1 0.225 0.2965277777777778 0.0265625 0.09583333333333334
1 0.747265625 0.5138888888888888 0.03359375 0.11944444444444445
1 0.697265625 0.4027777777777778 0.03984375 0.09722222222222222
1 0.59140625 0.5680555555555555 0.053125 0.125
1 0.883984375 0.3013888888888889 0.01796875 0.08888888888888889
1 0.6901015625 0.6087222222222222 0.0484375 0.10972222222222222
0 0.47578125 0.7645833333333333 0.0140625 0.02638888888888889