1 0.899609375 0.38125 0.02890625 0.14583333333333334
1 0.816796875 0.2708333333333333 0.02109375 0.12222222222222222
1 0.757421875 0.2881944444444444 0.02109375 0.12916666666666668
1 0.636328125 0.29281944444444447 0.02890625 0.13379166666666664
1 0.98515625 0.49444444444444446 0.0265625 0.14722222222222223
1 0.679296875 0.29930555555555555 0.02890625 0.12638888888888888
1 0.81640625 0.41388888888888886 0.028125 0.16111111111111112
1 0.401171875 0.2972222222222222 0.02578125 0.1
1 0.8797734374999999 0.22893055555555558 0.020484374999999843 0.12268055555555553
1 0.37846875 0.38758333333333334 0.03403125000000005 0.1362638888888889
1 0.1665390625 0.43511111111111106 0.04661718750000001 0.14522222222222214