1 0.09375 0.2222222222222222 0.009895833333333333 0.03425925925925926
1 0.04348958333333333 0.4583333333333333 0.015625 0.03981481481481482
1 0.15390625 0.7819444444444444 0.019270833333333334 0.053703703703703705
1 0.3109375 0.4388888888888889 0.008854166666666666 0.04351851851851852
1 0.10885416666666667 0.27546296296296297 0.0109375 0.03981481481481482
1 0.21614583333333334 0.2652777777777778 0.009375 0.03888888888888889
1 0.5075520833333333 0.2574074074074074 0.0078125 0.03518518518518519
1 0.24722395833333335 0.19799074074074074 0.010416666666666666 0.02962962962962963
1 0.2604166666666667 0.41203703703703703 0.011979166666666667 0.046296296296296294
1 0.7278645833333334 0.32083333333333336 0.009895833333333333 0.040740740740740744
1 0.42109375 0.22592592592592592 0.008333333333333333 0.03425925925925926
1 0.5296875 0.3023148148148148 0.0078125 0.03796296296296296
1 0.20234375 0.28888888888888886 0.011979166666666667 0.03981481481481482
1 0.44635416666666666 0.10416666666666667 0.007291666666666667 0.022222222222222223
1 0.65784375 0.1975277777777778 0.007119791666666705 0.04137962962962963
1 0.4825520833333333 0.5333333333333333 0.013541666666666667 0.05
1 0.08880208333333334 0.6018518518518519 0.013020833333333334 0.044444444444444446
1 0.6576510416666667 0.5586296296296297 0.012979166666666705 0.04284259259259258
1 0.4022864583333333 0.2801388888888889 0.007416666666666671 0.03624999999999998
1 0.6224270833333333 0.16108333333333333 0.006489583333333352 0.030481481481481495
0 0.6115364583333334 0.17508333333333334 0.005098958333333315 0.012361111111111132
2 0.9663489583333333 0.5331666666666667 0.012588541666666704 0.044749999999999936