1 0.39505208333333336 0.29074074074074074 0.0067708333333333336 0.032407407407407406
1 0.61875 0.24722222222222223 0.008854166666666666 0.032407407407407406
1 0.80703125 0.22870370370370371 0.009375 0.03333333333333333
1 0.3614583333333333 0.4398148148148148 0.010416666666666666 0.04537037037037037
1 0.3640625 0.24351851851851852 0.007291666666666667 0.03148148148148148
1 0.28854166666666664 0.1597222222222222 0.007291666666666667 0.025
1 0.6278645833333333 0.524537037037037 0.0109375 0.04537037037037037
1 0.4713541666666667 0.48564814814814816 0.008854166666666666 0.044444444444444446
1 0.39427083333333335 0.14629629629629629 0.00625 0.024074074074074074
1 0.6401041666666667 0.3972222222222222 0.009895833333333333 0.032407407407407406
1 0.45546875 0.14583333333333334 0.005729166666666666 0.025
1 0.5158854166666667 0.15231481481481482 0.007291666666666667 0.025
2 0.5057291666666667 0.23055555555555557 0.00625 0.03148148148148148
2 0.8411458333333334 0.9046296296296297 0.021354166666666667 0.046296296296296294
1 0.546875 0.2523148148148148 0.008854166666666666 0.032407407407407406
1 0.3528645833333333 0.2310185185185185 0.008333333333333333 0.03148148148148148
1 0.58359375 0.15462962962962962 0.0078125 0.025
1 0.4472760416666667 0.28840740740740745 0.00792187500000002 0.033101851851851855
1 0.25038020833333335 0.19403703703703704 0.008713541666666677 0.03028703703703702
2 0.249984375 0.12677777777777777 0.009510416666666662 0.025351851851851848
1 0.558203125 0.16902777777777778 0.006338541666666705 0.02675925925925924
1 0.5538437500000001 0.14508333333333334 0.008713541666666677 0.023944444444444456
1 0.5665208333333334 0.1264259259259259 0.00792187500000002 0.02183333333333332
1 0.5764270833333334 0.1380462962962963 0.005546875000000047 0.030990740740740715