1 0.27890625 0.5756944444444444 0.03125 0.12916666666666668
1 0.482421875 0.6222222222222222 0.02578125 0.13333333333333333
1 0.533203125 0.41388888888888886 0.03203125 0.10833333333333334
1 0.5078125 0.33541666666666664 0.0171875 0.10416666666666667
1 0.708203125 0.59375 0.02734375 0.14305555555555555
2 0.411546875 0.43472222222222223 0.02985937500000002 0.12315277777777772
1 0.55859375 0.23125 0.0171875 0.07916666666666666
1 0.305859375 0.3347222222222222 0.02265625 0.10277777777777777
1 0.913671875 0.32916666666666666 0.03203125 0.09166666666666666
1 0.205078125 0.375 0.02109375 0.10833333333333334
1 0.365625 0.48125 0.025 0.12916666666666668
1 0.330859375 0.49444444444444446 0.01796875 0.12777777777777777
1 0.433203125 0.23680555555555555 0.01640625 0.0875
1 0.273046875 0.2951388888888889 0.02109375 0.09861111111111111
1 0.37109375 0.2708333333333333 0.0171875 0.1
2 0.6078125 0.12916666666666668 0.0140625 0.06666666666666667
1 0.383203125 0.28958333333333336 0.02421875 0.0875
1 0.262109375 0.26458333333333334 0.01640625 0.08472222222222223
0 0.680859375 0.6451388888888889 0.01328125 0.02361111111111111