2 0.70703125 0.42083333333333334 0.0296875 0.12777777777777777
1 0.719921875 0.2423611111111111 0.02890625 0.0875
1 0.87109375 0.42430555555555555 0.0375 0.12361111111111112
1 0.46875 0.36944444444444446 0.0390625 0.09166666666666666
1 0.52421875 0.32708333333333334 0.028125 0.09861111111111111
1 0.6118046875 0.39166666666666666 0.03142187500000002 0.10833333333333334
1 0.8390625 0.2722222222222222 0.0203125 0.1
1 0.918359375 0.47638888888888886 0.03828125 0.14166666666666666
1 0.105078125 0.4708333333333333 0.03359375 0.12777777777777777
1 0.676953125 0.3840277777777778 0.02421875 0.10694444444444444
1 0.40625 0.32708333333333334 0.0359375 0.10694444444444444
1 0.97421875 0.4111111111111111 0.0375 0.12222222222222222
0 0.41328125 0.36944444444444446 0.009375 0.019444444444444445