1 0.3453125 0.4888888888888889 0.0109375 0.04537037037037037
1 0.6291666666666667 0.4078703703703704 0.011458333333333333 0.04537037037037037
1 0.659375 0.5087962962962963 0.0109375 0.04351851851851852
1 0.6203125 0.638425925925926 0.009375 0.05185185185185185
1 0.4864583333333333 0.4398148148148148 0.009895833333333333 0.04351851851851852
1 0.5825520833333333 0.325 0.009375 0.03888888888888889
1 0.5890625 0.42268518518518516 0.008854166666666666 0.044444444444444446
1 0.42239583333333336 0.45416666666666666 0.013541666666666667 0.040740740740740744
1 0.58203125 0.7050925925925926 0.013020833333333334 0.05277777777777778
1 0.21536458333333333 0.6537037037037037 0.0125 0.053703703703703705
1 0.4786458333333333 0.34444444444444444 0.0078125 0.03796296296296296
1 0.4122395833333333 0.35509259259259257 0.0109375 0.03981481481481482
1 0.39765625 0.27314814814814814 0.009375 0.03518518518518519
1 0.41640625 0.16666666666666666 0.0067708333333333336 0.03148148148148148
1 0.5973958333333333 0.5143518518518518 0.009375 0.04259259259259259
1 0.7364583333333333 0.2439814814814815 0.0067708333333333336 0.028703703703703703
1 0.5908854166666667 0.2657407407407407 0.007291666666666667 0.03981481481481482
2 0.8739583333333333 0.7152777777777778 0.015625 0.049074074074074076
2 0.19479166666666667 0.14444444444444443 0.0078125 0.027777777777777776
2 0.4895833333333333 0.30416666666666664 0.0078125 0.03611111111111111
1 0.27598958333333334 0.33162962962962966 0.011588541666666667 0.04037037037037039
1 0.48362499999999997 0.27972222222222226 0.005098958333333315 0.032129629629629675
1 0.5751562499999999 0.2653055555555555 0.00834374999999999 0.034601851851851856
1 0.5501302083333334 0.23647222222222222 0.007416666666666553 0.034601851851851856
0 0.4252239583333333 0.4169074074074074 0.006953124999999952 0.014833333333333316