1 0.35572916666666665 0.17962962962962964 0.00625 0.03148148148148148
1 0.38385416666666666 0.22592592592592592 0.009375 0.032407407407407406
1 0.46901041666666665 0.13796296296296295 0.0067708333333333336 0.028703703703703703
1 0.6127604166666667 0.25416666666666665 0.008333333333333333 0.03981481481481482
1 0.371875 0.31203703703703706 0.009375 0.03888888888888889
1 0.34401041666666665 0.25833333333333336 0.009375 0.03518518518518519
2 0.4817708333333333 0.26157407407407407 0.007291666666666667 0.03518518518518519
1 0.50859375 0.26435185185185184 0.008854166666666666 0.03425925925925926
1 0.63046875 0.4148148148148148 0.009895833333333333 0.044444444444444446
1 0.4578125 0.29583333333333334 0.010416666666666666 0.03888888888888889
1 0.5682291666666667 0.20972222222222223 0.007291666666666667 0.03518518518518519
1 0.2604166666666667 0.22175925925925927 0.009375 0.03518518518518519
1 0.31015625 0.3736111111111111 0.008854166666666666 0.041666666666666664
1 0.5955729166666667 0.23564814814814813 0.0078125 0.040740740740740744
1 0.5041666666666667 0.21296296296296297 0.007291666666666667 0.03333333333333333
1 0.7161458333333334 0.20694444444444443 0.007291666666666667 0.032407407407407406
1 0.6466145833333333 0.3648148148148148 0.009895833333333333 0.03796296296296296
1 0.4466145833333333 0.18055555555555555 0.0078125 0.03148148148148148
1 0.6520833333333333 0.3300925925925926 0.009375 0.03611111111111111
2 0.8921666666666667 0.6440925925925925 0.01693229166666678 0.0459537037037038
1 0.6024999999999999 0.49594444444444447 0.007130208333333362 0.045953703703703754
1 0.47517708333333336 0.19710185185185186 0.008973958333333342 0.02675925925925924
1 0.402375 0.1209351851851852 0.00579166666666661 0.025731481481481487
2 0.17556770833333332 0.14075 0.006656249999999986 0.03242592592592591