1 0.388671875 0.5236111111111111 0.04765625 0.11666666666666667
1 0.5453125 0.18333333333333332 0.01875 0.08888888888888889
1 0.698828125 0.54375 0.03515625 0.13472222222222222
1 0.335546875 0.3215277777777778 0.02109375 0.10694444444444444
1 0.368359375 0.18333333333333332 0.01796875 0.08611111111111111
1 0.5328125 0.2951388888888889 0.0203125 0.09861111111111111
1 0.101953125 0.23680555555555555 0.01953125 0.09861111111111111
2 0.2625 0.32013888888888886 0.028125 0.10694444444444444
1 0.540625 0.4027777777777778 0.025 0.125
1 0.871484375 0.16875 0.02109375 0.09305555555555556
1 0.775390625 0.3819444444444444 0.02265625 0.10833333333333334
1 0.415234375 0.10138888888888889 0.01328125 0.075
1 0.29921875 0.21805555555555556 0.0140625 0.09444444444444444
1 0.760546875 0.3333333333333333 0.02265625 0.10833333333333334
1 0.2046875 0.2548611111111111 0.021875 0.10972222222222222
1 0.24453125 0.15138888888888888 0.0109375 0.04722222222222222
1 0.015625 0.7125 0.03125 0.1638888888888889
2 0.375390625 0.04652777777777778 0.01796875 0.07083333333333333
0 0.40703125 0.6701388888888888 0.0203125 0.02638888888888889