2 0.49609375 0.4979166666666667 0.03125 0.1486111111111111
1 0.8640625 0.6951388888888889 0.040625 0.1875
1 0.4390625 0.33611111111111114 0.028125 0.11944444444444445
1 0.32109375 0.6736111111111112 0.0390625 0.175
1 0.59140625 0.37222222222222223 0.0296875 0.12777777777777777
1 0.64609375 0.425 0.03125 0.12222222222222222
1 0.194921875 0.4083333333333333 0.04296875 0.1361111111111111
1 0.036328125 0.3486111111111111 0.02109375 0.125
1 0.4 0.2611111111111111 0.025 0.1
1 0.91640625 0.30972222222222223 0.0203125 0.125
1 0.2734375 0.25555555555555554 0.0296875 0.10277777777777777
1 0.55 0.30416666666666664 0.0265625 0.10277777777777777
1 0.28984375 0.3701388888888889 0.0328125 0.1125
1 0.01015625 0.3819444444444444 0.0203125 0.13055555555555556
1 0.29765625 0.2972222222222222 0.0203125 0.09722222222222222
2 0.3901015625 0.18795833333333334 0.02708593749999997 0.0879583333333333
1 0.55546875 0.2604166666666667 0.0203125 0.09305555555555556