1 0.8692708333333333 0.2851851851851852 0.009895833333333333 0.03888888888888889
1 0.6651041666666667 0.41388888888888886 0.0125 0.03796296296296296
1 0.38333333333333336 0.44675925925925924 0.009375 0.03981481481481482
1 0.54375 0.14953703703703702 0.005208333333333333 0.025
1 0.43802083333333336 0.28564814814814815 0.0067708333333333336 0.03425925925925926
1 0.49375 0.28055555555555556 0.007291666666666667 0.03611111111111111
1 0.6278645833333333 0.24675925925925926 0.009895833333333333 0.03425925925925926
2 0.8296875 0.9476851851851852 0.026041666666666668 0.049074074074074076
1 0.5921875 0.1550925925925926 0.007291666666666667 0.025925925925925925
1 0.6770833333333334 0.5453703703703704 0.0109375 0.04722222222222222
1 0.40572916666666664 0.2111111111111111 0.0067708333333333336 0.02962962962962963
1 0.6109375 0.16018518518518518 0.007291666666666667 0.027777777777777776
1 0.52109375 0.48009259259259257 0.008854166666666666 0.04351851851851852
1 0.07786458333333333 0.2967592592592593 0.009895833333333333 0.03611111111111111
1 0.4549479166666667 0.1337962962962963 0.005208333333333333 0.022222222222222223
1 0.5703125 0.25324074074074077 0.007291666666666667 0.030555555555555555
1 0.29953645833333337 0.18201851851851852 0.007416666666666671 0.032962962962962986
1 0.4006770833333333 0.24052777777777776 0.010744791666666724 0.03184259259259258
1 0.31373958333333335 0.14500925925925928 0.006838541666666724 0.0272037037037037
1 0.48794270833333336 0.13806481481481483 0.00944270833333339 0.021416666666666664
1 0.5745625000000001 0.15716666666666668 0.005536458333333391 0.024888888888888884
1 0.5833541666666666 0.14037962962962963 0.00944270833333339 0.01910185185185185
1 0.5869322916666667 0.12127777777777776 0.006187500000000057 0.016787037037037034
2 0.563328125 0.23184259259259257 0.0078125 0.03415740740740739
2 0.30576041666666665 0.11519444444444445 0.0078125 0.02778703703703703
0 0.6495729166666667 0.16563888888888886 0.0033854166666666668 0.005638888888888866