1 0.063671875 0.5013888888888889 0.03515625 0.125
1 0.698046875 0.5631944444444444 0.02578125 0.12361111111111112
1 0.801953125 0.37916666666666665 0.02109375 0.10833333333333334
1 0.44453125 0.6541666666666667 0.0359375 0.13333333333333333
1 0.923828125 0.37777777777777777 0.01953125 0.1
1 0.248046875 0.2826388888888889 0.02265625 0.09583333333333334
1 0.28515625 0.7395833333333334 0.046875 0.12916666666666668
1 0.2890625 0.36180555555555555 0.025 0.10138888888888889
1 0.56484375 0.5256944444444445 0.0390625 0.12083333333333333
1 0.671484375 0.25625 0.02265625 0.08472222222222223
1 0.203125 0.28055555555555556 0.0171875 0.08888888888888889
1 0.483203125 0.7805555555555556 0.02890625 0.13055555555555556
1 0.425390625 0.20555555555555555 0.01484375 0.07222222222222222
1 0.51328125 0.7041666666666667 0.0375 0.14444444444444443
1 0.406640625 0.3798611111111111 0.03203125 0.10416666666666667
2 0.42890625 0.3875 0.0234375 0.10833333333333334
1 0.635546875 0.15138888888888888 0.01328125 0.06111111111111111
2 0.35546875 0.11597222222222223 0.0140625 0.0625
0 0.4328125 0.8798611111111111 0.0140625 0.029166666666666667
1 0.331640625 0.20902777777777778 0.01953125 0.07361111111111111