1 0.40677083333333336 0.47314814814814815 0.009375 0.046296296296296294
1 0.31927083333333334 0.25972222222222224 0.009375 0.03611111111111111
1 0.09348958333333333 0.25555555555555554 0.008854166666666666 0.03796296296296296
1 0.69765625 0.45740740740740743 0.0125 0.041666666666666664
1 0.46197916666666666 0.2152777777777778 0.008854166666666666 0.03425925925925926
1 0.6822916666666666 0.6930555555555555 0.013020833333333334 0.05648148148148148
1 0.9078125 0.3087962962962963 0.0109375 0.03796296296296296
1 0.46328125 0.1625 0.0078125 0.02962962962962963
1 0.32005208333333335 0.1726851851851852 0.009375 0.03333333333333333
1 0.5190104166666667 0.22546296296296298 0.007291666666666667 0.032407407407407406
1 0.5096354166666667 0.4115740740740741 0.008854166666666666 0.044444444444444446
1 0.44375 0.16018518518518518 0.0067708333333333336 0.030555555555555555
1 0.5122395833333333 0.125 0.005729166666666666 0.027777777777777776
1 0.578125 0.24074074074074073 0.0078125 0.037037037037037035
1 0.3104166666666667 0.36944444444444446 0.0109375 0.04351851851851852
2 0.7916666666666666 0.9671296296296297 0.021875 0.049074074074074076
1 0.39479166666666665 0.11527777777777778 0.00625 0.025
2 0.53359375 0.2490740740740741 0.007291666666666667 0.032407407407407406
1 0.35963541666666665 0.1712962962962963 0.007291666666666667 0.03333333333333333
2 0.31420312499999997 0.09944444444444445 0.007588541666666633 0.025398148148148156
1 0.6026041666666667 0.17777777777777778 0.008333333333333333 0.03148148148148148
1 0.572703125 0.17432407407407408 0.008239583333333418 0.03369444444444443
1 0.3988333333333333 0.25343518518518515 0.009062500000000048 0.032231481481481535
1 0.42554166666666665 0.12656481481481482 0.008031250000000038 0.026648148148148136
1 0.312734375 0.11586111111111111 0.006692708333333286 0.029027777777777784
0 0.39168749999999997 0.1272777777777778 0.004552083333333338 0.010944444444444439