1 0.173828125 0.32708333333333334 0.03671875 0.12916666666666668
1 0.355078125 0.6076388888888888 0.03203125 0.18194444444444444
1 0.851953125 0.25277777777777777 0.02421875 0.11388888888888889
1 0.005859375 0.23055555555555557 0.01171875 0.09722222222222222
2 0.11796875 0.4173611111111111 0.0296875 0.15416666666666667
1 0.142578125 0.28541666666666665 0.02578125 0.10972222222222222
1 0.91015625 0.36820833333333336 0.025 0.1358055555555555
1 0.5801640625 0.21304166666666666 0.02873437499999998 0.09058333333333335
1 0.748046875 0.35833333333333334 0.03671875 0.125
1 0.526390625 0.21473611111111113 0.05677343750000006 0.08379166666666664
0 0.59140625 0.24583333333333332 0.0078125 0.019444444444444445