1 0.06328125 0.5451388888888888 0.0296875 0.09583333333333334
1 0.479296875 0.5159722222222223 0.01640625 0.07916666666666666
1 0.56484375 0.5673611111111111 0.0390625 0.08194444444444444
2 0.47265625 0.40902777777777777 0.015625 0.07083333333333333
1 0.46328125 0.6395833333333333 0.0359375 0.10138888888888889
1 0.66015625 0.40069444444444446 0.015625 0.0763888888888889
1 0.22734375 0.45902777777777776 0.0171875 0.0763888888888889
1 0.543359375 0.4527777777777778 0.01640625 0.07222222222222222
1 0.52421875 0.6256944444444444 0.0234375 0.09583333333333334
1 0.15078125 0.3784722222222222 0.0140625 0.07361111111111111
1 0.723046875 0.5722222222222222 0.01953125 0.09166666666666666
1 0.353515625 0.325 0.01328125 0.06111111111111111
1 0.43984375 0.3375 0.0109375 0.058333333333333334
1 0.673828125 0.51875 0.02578125 0.07916666666666666
1 0.690234375 0.27291666666666664 0.01328125 0.05138888888888889
1 0.76171875 0.4236111111111111 0.021875 0.07222222222222222
1 0.794921875 0.43333333333333335 0.02421875 0.075
1 0.700390625 0.5444444444444444 0.02109375 0.075
1 0.791015625 0.33819444444444446 0.01171875 0.0625
1 0.37421875 0.41597222222222224 0.0140625 0.07361111111111111
1 0.799609375 0.3861111111111111 0.01640625 0.06111111111111111
1 0.79765625 0.3909722222222222 0.015625 0.0625
0 0.55 0.6590277777777778 0.009375 0.020833333333333332
2 0.33246875 0.24073611111111112 0.00867968750000001 0.04938888888888889
2 0.758984375 0.8270833333333333 0.04140625 0.12638888888888888