1 0.085546875 0.5923611111111111 0.03984375 0.15416666666666667
1 0.86015625 0.6861111111111111 0.0328125 0.16666666666666666
1 0.6171875 0.4861111111111111 0.028125 0.15
1 0.7140625 0.5319444444444444 0.0375 0.14166666666666666
2 0.10390625 0.44722222222222224 0.0296875 0.1388888888888889
1 0.203515625 0.3458333333333333 0.02578125 0.11388888888888889
1 0.63203125 0.3590277777777778 0.021875 0.1125
1 0.41953125 0.30069444444444443 0.015625 0.07361111111111111
1 0.31953125 0.3388888888888889 0.01875 0.1
1 0.868359375 0.27847222222222223 0.02578125 0.09027777777777778
1 0.865796875 0.26705555555555555 0.018921874999999845 0.1131111111111111
1 0.326515625 0.29730555555555555 0.01796875 0.09305555555555556