1 0.643359375 0.44722222222222224 0.03203125 0.14166666666666666
1 0.648046875 0.7145833333333333 0.03203125 0.17083333333333334
1 0.307421875 0.38263888888888886 0.03671875 0.12361111111111112
1 0.132421875 0.4722222222222222 0.03984375 0.16666666666666666
2 0.345703125 0.5083333333333333 0.03359375 0.15833333333333333
1 0.326171875 0.2826388888888889 0.02265625 0.10138888888888889
1 0.672265625 0.33611111111111114 0.02421875 0.11388888888888889
1 0.008203125 0.34930555555555554 0.01640625 0.13194444444444445
1 0.065625 0.3284722222222222 0.03125 0.1125
2 0.40620312500000005 0.12808333333333333 0.021789062500000032 0.09383333333333334
1 0.0765625 0.3090277777777778 0.0234375 0.11527777777777778
1 0.9953125 0.6833333333333333 0.009375 0.20833333333333334
1 0.3697890625 0.3521666666666667 0.0359375 0.1111111111111111
1 0.3546875 0.36944444444444446 0.028125 0.1
1 0.995703125 0.6506944444444445 0.00859375 0.15694444444444444
0 0.6515625 0.36875 0.0140625 0.02361111111111111