1 0.7559895833333333 0.2513888888888889 0.013020833333333334 0.02962962962962963
1 0.9169270833333333 0.26805555555555555 0.011458333333333333 0.027777777777777776
1 0.68203125 0.19953703703703704 0.010416666666666666 0.027777777777777776
1 0.35833333333333334 0.40046296296296297 0.0125 0.041666666666666664
1 0.40546875 0.29953703703703705 0.008333333333333333 0.032407407407407406
1 0.34140625 0.274537037037037 0.011458333333333333 0.03796296296296296
1 0.31640625 0.23703703703703705 0.0125 0.03888888888888889
1 0.7265625 0.3402777777777778 0.013541666666666667 0.03611111111111111
1 0.5786458333333333 0.15462962962962962 0.009895833333333333 0.026851851851851852
1 0.32109375 0.3819444444444444 0.013541666666666667 0.037037037037037035
1 0.42604166666666665 0.3972222222222222 0.015104166666666667 0.04351851851851852
1 0.7140625 0.33796296296296297 0.011458333333333333 0.03333333333333333
1 0.6270833333333333 0.2064814814814815 0.011458333333333333 0.02962962962962963
1 0.781140625 0.39609259259259255 0.020526041666666592 0.04034259259259264
1 0.5812604166666666 0.22155555555555556 0.018734374999999897 0.0301574074074074
1 0.2859375 0.25416666666666665 0.011979166666666667 0.03425925925925926
1 0.4981770833333333 0.21666666666666667 0.011979166666666667 0.030555555555555555
1 0.2 0.387037037037037 0.0203125 0.028703703703703703
1 0.5815104166666667 0.32175925925925924 0.013020833333333334 0.03611111111111111
1 0.7015625 0.2050925925925926 0.011458333333333333 0.02962962962962963
2 0.9533854166666667 0.8458333333333333 0.021875 0.041666666666666664
1 0.31875 0.5921296296296297 0.022916666666666665 0.04722222222222222
1 0.29192708333333334 0.24814814814814815 0.010416666666666666 0.02962962962962963
2 0.2967916666666667 0.36047222222222225 0.008020833333333382 0.03961111111111108
1 0.3237552083333333 0.3596759259259259 0.008468749999999995 0.03486111111111109
0 0.6822708333333334 0.25272222222222224 0.005348958333333324 0.012675925925925976
2 0.25022395833333333 0.06061111111111111 0.012031250000000012 0.02931481481481481