1 0.501171875 0.5138888888888888 0.03203125 0.125
1 0.607421875 0.3701388888888889 0.01796875 0.10138888888888889
1 0.297265625 0.4548611111111111 0.04140625 0.1125
1 0.874609375 0.3090277777777778 0.02734375 0.0875
1 0.4546875 0.3972222222222222 0.028125 0.10833333333333334
1 0.425 0.6069444444444444 0.0453125 0.12777777777777777
1 0.955859375 0.4583333333333333 0.02734375 0.125
1 0.965625 0.3958333333333333 0.021875 0.1
1 0.79921875 0.3541666666666667 0.0265625 0.10277777777777777
1 0.56171875 0.32916666666666666 0.0265625 0.08055555555555556
1 0.834765625 0.35555555555555557 0.02578125 0.09444444444444444
1 0.730859375 0.3506944444444444 0.02265625 0.10416666666666667
1 0.773046875 0.3263888888888889 0.02265625 0.09166666666666666
1 0.7473984375 0.36033333333333334 0.01389062499999998 0.10338888888888885
1 0.7608515625 0.3564861111111111 0.018226562499999942 0.10184722222222224
0 0.74609375 0.3935138888888889 0.016492187499999922 0.030861111111111148