1 0.5627604166666667 0.37824074074074077 0.0078125 0.040740740740740744
1 0.46770833333333334 0.20046296296296295 0.00625 0.03425925925925926
1 0.38333333333333336 0.29212962962962963 0.008333333333333333 0.03611111111111111
1 0.5080729166666667 0.23194444444444445 0.0078125 0.03518518518518519
1 0.4114583333333333 0.22314814814814815 0.0067708333333333336 0.03425925925925926
1 0.2911458333333333 0.43287037037037035 0.009375 0.03333333333333333
1 0.5450520833333333 0.5541666666666667 0.011458333333333333 0.046296296296296294
1 0.3419270833333333 0.28888888888888886 0.0078125 0.037037037037037035
2 0.39479166666666665 0.37222222222222223 0.0078125 0.03518518518518519
1 0.6783854166666666 0.6537037037037037 0.015104166666666667 0.05092592592592592
1 0.1921875 0.26481481481481484 0.008854166666666666 0.03333333333333333
1 0.5291666666666667 0.3625 0.0078125 0.03888888888888889
1 0.47421875 0.8476851851851852 0.014583333333333334 0.05
2 0.4666666666666667 0.10277777777777777 0.00625 0.028703703703703703
1 0.7268229166666667 0.36157407407407405 0.010416666666666666 0.03796296296296296
1 0.36567187500000004 0.6646203703703704 0.011843750000000005 0.044111111111111205
1 0.25515104166666663 0.5247777777777778 0.008458333333333339 0.041101851851851945
1 0.2996979166666666 0.4215277777777778 0.007328124999999967 0.031074074074074025
1 0.29941666666666666 0.36137962962962966 0.009020833333333301 0.03709259259259265
1 0.45089062500000004 0.34772222222222227 0.008791666666666724 0.04298148148148145
1 0.5093125 0.13316666666666666 0.006229166666666686 0.030601851851851863
0 0.48257291666666663 0.8527037037037036 0.005494791666666643 0.011074074074074108