1 0.5078125 0.42685185185185187 0.014583333333333334 0.041666666666666664
1 0.6213541666666667 0.3912037037037037 0.0125 0.03888888888888889
1 0.8625 0.4393518518518518 0.013541666666666667 0.04351851851851852
1 0.7385416666666667 0.42083333333333334 0.015625 0.03518518518518519
1 0.75703125 0.34074074074074073 0.0125 0.037037037037037035
1 0.3848958333333333 0.24768518518518517 0.013020833333333334 0.032407407407407406
1 0.8108072916666667 0.25787037037037036 0.014838541666666554 0.03611111111111111
1 0.63984375 0.25833333333333336 0.0109375 0.02962962962962963
1 0.767296875 0.21481481481481482 0.014796874999999925 0.028703703703703703
1 0.36380208333333336 0.37546296296296294 0.014583333333333334 0.03888888888888889
1 0.6359375 0.17731481481481481 0.009375 0.030555555555555555
1 0.39895833333333336 0.3398148148148148 0.014583333333333334 0.03518518518518519
1 0.4432291666666667 0.4023148148148148 0.0203125 0.040740740740740744
1 0.46901041666666665 0.2574074074074074 0.011458333333333333 0.03518518518518519
1 0.43723958333333335 0.21898148148148147 0.0109375 0.03333333333333333
1 0.6033854166666667 0.26481481481481484 0.0078125 0.037037037037037035
1 0.46015625 0.3111111111111111 0.0109375 0.03518518518518519
1 0.18984375 0.21574074074074073 0.007291666666666667 0.030555555555555555
2 0.4505208333333333 0.3472222222222222 0.0140625 0.03888888888888889
1 0.8177083333333334 0.5949074074074074 0.016666666666666666 0.04537037037037037
1 0.2802135416666667 0.5945462962962963 0.02137499999999998 0.04912037037037033
2 0.44886458333333334 0.0417037037037037 0.005213541666666662 0.027805555555555556
0 0.7788489583333333 0.2319537037037037 0.003859374999999924 0.006407407407407422