1 0.6791666666666667 0.4708333333333333 0.010416666666666666 0.044444444444444446
1 0.48125 0.17962962962962964 0.007291666666666667 0.030555555555555555
1 0.2078125 0.2601851851851852 0.007291666666666667 0.03611111111111111
1 0.5299479166666666 0.2902777777777778 0.0078125 0.03518518518518519
1 0.4390625 0.20694444444444443 0.0067708333333333336 0.032407407407407406
1 0.49505208333333334 0.15046296296296297 0.0067708333333333336 0.032407407407407406
1 0.44166666666666665 0.6967592592592593 0.010416666666666666 0.05092592592592592
1 0.559375 0.40185185185185185 0.009375 0.03796296296296296
1 0.32083333333333336 0.3962962962962963 0.008333333333333333 0.03888888888888889
1 0.6903645833333333 0.3111111111111111 0.009375 0.037037037037037035
1 0.34270833333333334 0.3314814814814815 0.007291666666666667 0.03611111111111111
1 0.39140625 0.275 0.0078125 0.03796296296296296
1 0.46328125 0.27037037037037037 0.008333333333333333 0.03425925925925926
1 0.37213541666666666 0.4828703703703704 0.008854166666666666 0.03888888888888889
1 0.19817708333333334 0.5782407407407407 0.011979166666666667 0.04259259259259259
1 0.29765625 0.3939814814814815 0.009375 0.03888888888888889
2 0.3866614583333333 0.36060185185185184 0.006338541666666705 0.03944444444444446
1 0.39834895833333334 0.37680555555555556 0.00990624999999999 0.03662037037037033
1 0.34803645833333335 0.31306481481481485 0.00990624999999999 0.041555555555555554
1 0.3858697916666667 0.2715092592592593 0.005546875000000047 0.03874074074074077
1 0.5223489583333333 0.21481481481481482 0.006734375000000033 0.03380555555555555
1 0.5752395833333334 0.30707407407407405 0.007130208333333362 0.03662037037037033
0 0.6671510416666667 0.4687129629629629 0.00475520833333339 0.01337962962962962
2 0.47599479166666664 0.10775925925925925 0.006734375000000033 0.030990740740740753