1 0.5182291666666666 0.2652777777777778 0.013541666666666667 0.03148148148148148
1 0.76875 0.3106481481481482 0.009895833333333333 0.037037037037037035
1 0.24713541666666666 0.36064814814814816 0.013020833333333334 0.03518518518518519
1 0.3919270833333333 0.2814814814814815 0.009895833333333333 0.03425925925925926
1 0.73046875 0.2564814814814815 0.008854166666666666 0.032407407407407406
1 0.44453125 0.38333333333333336 0.0125 0.03611111111111111
1 0.3294270833333333 0.2537037037037037 0.008854166666666666 0.03611111111111111
1 0.3140625 0.29583333333333334 0.011458333333333333 0.03518518518518519
1 0.23359375 0.1925925925925926 0.008333333333333333 0.02962962962962963
1 0.3416666666666667 0.37592592592592594 0.0140625 0.037037037037037035
1 0.37838541666666664 0.1824074074074074 0.009895833333333333 0.028703703703703703
1 0.5270833333333333 0.46064814814814814 0.0171875 0.03796296296296296
1 0.71603125 0.5128611111111111 0.02418229166666658 0.04609259259259257
1 0.46464062500000003 0.3408611111111111 0.012906249999999985 0.03912037037037037
1 0.48854166666666665 0.16435185185185186 0.016666666666666666 0.032407407407407406
1 0.4796875 0.3138888888888889 0.0109375 0.026851851851851852
1 0.5494791666666666 0.4083333333333333 0.022916666666666665 0.04537037037037037
1 0.4856770833333333 0.2740740740740741 0.011979166666666667 0.02962962962962963
2 0.44192708333333336 0.33101851851851855 0.009895833333333333 0.03425925925925926
2 0.6989010416666667 0.952861111111111 0.01831770833333337 0.04798148148148153
1 0.6326250000000001 0.5741203703703703 0.018796875000000077 0.03941666666666661
0 0.478625 0.35303703703703704 0.0057864583333332815 0.01028703703703705
1 0.14291145833333332 0.5441203703703703 0.013015625000000005 0.04626851851851854
1 0.41090625000000003 0.23736111111111113 0.013979166666666624 0.03599074074074075
2 0.458140625 0.019712962962962963 0.007229166666666723 0.023990740740740736