1 0.188671875 0.5604166666666667 0.03984375 0.14305555555555555
1 0.484765625 0.4840277777777778 0.03984375 0.1125
1 0.893359375 0.3506944444444444 0.03359375 0.10694444444444444
1 0.831640625 0.33055555555555555 0.02421875 0.10555555555555556
1 0.252734375 0.26180555555555557 0.02734375 0.08194444444444444
1 0.722265625 0.5055555555555555 0.02890625 0.12222222222222222
1 0.545703125 0.3055555555555556 0.02421875 0.09166666666666666
1 0.75703125 0.31527777777777777 0.0234375 0.10555555555555556
1 0.316015625 0.34305555555555556 0.02890625 0.09444444444444444
1 0.78671875 0.49027777777777776 0.0296875 0.13055555555555556
1 0.3671875 0.35208333333333336 0.03125 0.09861111111111111
1 0.670703125 0.38263888888888886 0.02421875 0.10972222222222222
1 0.380078125 0.17222222222222222 0.01484375 0.06666666666666667
1 0.625390625 0.2604166666666667 0.02421875 0.07916666666666666
1 0.7859375 0.3888888888888889 0.03125 0.09722222222222222
1 0.44296875 0.3159722222222222 0.0265625 0.09583333333333334
1 0.66484375 0.3263888888888889 0.0203125 0.09444444444444444
2 0.44296875 0.3159722222222222 0.0265625 0.09583333333333334
0 0.208984375 0.6194444444444445 0.01171875 0.022222222222222223