1 0.028125 0.42430555555555555 0.0484375 0.13194444444444445
1 0.94140625 0.3215277777777778 0.0296875 0.11805555555555555
1 0.438671875 0.3854166666666667 0.02890625 0.12638888888888888
1 0.226953125 0.43819444444444444 0.02734375 0.12916666666666668
1 0.259375 0.21666666666666667 0.0203125 0.1
1 0.276953125 0.31180555555555556 0.02265625 0.1125
1 0.623828125 0.49930555555555556 0.03984375 0.14583333333333334
1 0.05234375 0.2361111111111111 0.028125 0.11666666666666667
1 0.46171875 0.27847222222222223 0.0234375 0.09861111111111111
1 0.30234375 0.1701388888888889 0.0234375 0.09027777777777778
1 0.763671875 0.15486111111111112 0.01953125 0.09305555555555556
1 0.641796875 0.33125 0.02421875 0.10972222222222222
1 0.563671875 0.17777777777777778 0.02890625 0.08888888888888889
1 0.605859375 0.32916666666666666 0.03203125 0.11388888888888889
1 0.312890625 0.08958333333333333 0.01796875 0.07361111111111111
2 0.210546875 0.3159722222222222 0.03046875 0.11527777777777778
2 0.9828125 0.8930555555555556 0.034375 0.19722222222222222
0 0.598046875 0.5638888888888889 0.01171875 0.025
2 0.263671875 0.03888888888888889 0.01953125 0.07777777777777778