1 0.25729166666666664 0.45092592592592595 0.010416666666666666 0.04722222222222222
1 0.7080729166666667 0.3101851851851852 0.011458333333333333 0.03796296296296296
1 0.28098958333333335 0.8833333333333333 0.014583333333333334 0.05740740740740741
1 0.8348958333333333 0.5449074074074074 0.011458333333333333 0.05092592592592592
1 0.30625 0.7833333333333333 0.011458333333333333 0.05925925925925926
1 0.5567708333333333 0.3824074074074074 0.007291666666666667 0.04259259259259259
1 0.6755208333333333 0.8199074074074074 0.016666666666666666 0.05
1 0.396875 0.6189814814814815 0.0109375 0.05
1 0.33151041666666664 0.35 0.008333333333333333 0.04259259259259259
1 0.5901041666666667 0.7759259259259259 0.011979166666666667 0.053703703703703705
1 0.36666666666666664 0.26064814814814813 0.0067708333333333336 0.03518518518518519
1 0.44192708333333336 0.26805555555555555 0.007291666666666667 0.037037037037037035
1 0.9921875 0.39537037037037037 0.011458333333333333 0.040740740740740744
1 0.5427083333333333 0.16574074074074074 0.00625 0.028703703703703703
1 0.46432291666666664 0.3875 0.0067708333333333336 0.04351851851851852
2 0.9463541666666667 0.9587962962962963 0.020833333333333332 0.04814814814814815
2 0.38958333333333334 0.4828703703703704 0.0078125 0.04537037037037037
1 0.459375 0.34074074074074073 0.008333333333333333 0.040740740740740744
1 0.290625 0.45925925925925926 0.008854166666666666 0.04722222222222222
1 0.6020833333333333 0.5773148148148148 0.010416666666666666 0.05462962962962963
1 0.378125 0.31296296296296294 0.0078125 0.03981481481481482
2 0.3182291666666667 0.12453703703703704 0.0067708333333333336 0.028703703703703703
1 0.42239583333333336 0.5518518518518518 0.008854166666666666 0.049074074074074076
1 0.38697916666666665 0.19537037037037036 0.0067708333333333336 0.03425925925925926
0 0.6909583333333333 0.4313796296296296 0.007578125000000094 0.015055555555555548