1 0.8515625 0.5368055555555555 0.040625 0.1486111111111111
1 0.148828125 0.5833333333333334 0.03359375 0.16666666666666666
1 0.6515625 0.3472222222222222 0.0265625 0.11388888888888889
1 0.273046875 0.25972222222222224 0.03203125 0.10833333333333334
1 0.122265625 0.31527777777777777 0.02421875 0.11944444444444445
1 0.015234375 0.4236111111111111 0.03046875 0.14166666666666666
1 0.04609375 0.26180555555555557 0.0234375 0.09861111111111111
1 0.4515625 0.35 0.021875 0.11666666666666667
1 0.8578125 0.43680555555555556 0.025 0.09583333333333334
1 0.0046875 0.15347222222222223 0.009375 0.07916666666666666
1 0.54140625 0.19444444444444445 0.021875 0.09166666666666666
1 0.917578125 0.3729166666666667 0.02265625 0.12916666666666668
0 0.633984375 0.39375 0.01015625 0.020833333333333332