1 0.34479166666666666 0.22037037037037038 0.0078125 0.03333333333333333
1 0.41822916666666665 0.4828703703703704 0.009375 0.044444444444444446
1 0.0421875 0.31157407407407406 0.010416666666666666 0.03611111111111111
1 0.36276041666666664 0.16342592592592592 0.0078125 0.027777777777777776
1 0.3294270833333333 0.29212962962962963 0.009375 0.03888888888888889
1 0.5627604166666667 0.7245370370370371 0.013020833333333334 0.05925925925925926
1 0.2604166666666667 0.3837962962962963 0.009375 0.03981481481481482
1 0.44583333333333336 0.20694444444444443 0.00625 0.03518518518518519
1 0.39166666666666666 0.29259259259259257 0.0078125 0.040740740740740744
1 0.20182291666666666 0.6175925925925926 0.015625 0.05277777777777778
1 0.5596354166666667 0.5736111111111111 0.008854166666666666 0.049074074074074076
1 0.434375 0.49027777777777776 0.009375 0.04722222222222222
1 0.2234375 0.5546296296296296 0.013541666666666667 0.049074074074074076
2 0.35911458333333335 0.3731481481481482 0.0078125 0.041666666666666664
1 0.24713541666666666 0.34814814814814815 0.008854166666666666 0.040740740740740744
1 0.7221354166666667 0.48935185185185187 0.009375 0.04722222222222222
1 0.4796875 0.11435185185185186 0.005208333333333333 0.025925925925925925
1 0.9903645833333333 0.4537037037037037 0.0140625 0.044444444444444446
2 0.35546875 0.10092592592592593 0.0067708333333333336 0.025925925925925925
1 0.7104166666666667 0.46944444444444444 0.010416666666666666 0.03333333333333333
1 0.5869791666666667 0.11203703703703703 0.005729166666666666 0.025925925925925925
1 0.11971354166666666 0.8378796296296296 0.018520833333333334 0.05854629629629631
1 0.2528020833333333 0.6957962962962964 0.011661458333333326 0.052444444444444537
1 0.4013333333333333 0.3372222222222222 0.006859375000000038 0.03537037037037041
1 0.5738697916666666 0.38723148148148145 0.011661458333333267 0.04025000000000002
2 0.8092760416666667 0.9737592592592593 0.017822916666666563 0.052481481481481435