1 0.2682291666666667 0.34074074074074073 0.008333333333333333 0.04259259259259259
1 0.5057291666666667 0.1712962962962963 0.005729166666666666 0.032407407407407406
1 0.5057291666666667 0.22083333333333333 0.005729166666666666 0.03518518518518519
1 0.4666666666666667 0.4842592592592593 0.009375 0.04722222222222222
1 0.4703125 0.26064814814814813 0.00625 0.03611111111111111
1 0.3328125 0.1865740740740741 0.007291666666666667 0.032407407407407406
1 0.8932291666666666 0.30833333333333335 0.009895833333333333 0.040740740740740744
1 0.05963541666666667 0.24351851851851852 0.008854166666666666 0.03425925925925926
1 0.6991458333333332 0.4422314814814815 0.009375 0.03518518518518519
2 0.31953125 0.10185185185185185 0.005729166666666666 0.027777777777777776
1 0.6330729166666667 0.26342592592592595 0.0067708333333333336 0.03425925925925926
1 0.4393229166666667 0.1550925925925926 0.005208333333333333 0.027777777777777776
1 0.5224635416666666 0.13842592592592592 0.005729166666666666 0.026851851851851852
1 0.38958333333333334 0.16944444444444445 0.005729166666666666 0.03333333333333333
1 0.58359375 0.17083333333333334 0.0067708333333333336 0.03148148148148148
1 0.47890625 0.125 0.005729166666666666 0.027777777777777776
1 0.3268229166666667 0.4875 0.0109375 0.05185185185185185
2 0.8482500000000001 0.9542499999999999 0.014640625000000067 0.05783333333333337
1 0.66309375 0.6617037037037037 0.013010416666666675 0.054944444444444365
2 0.5216458333333333 0.24718518518518517 0.008468749999999995 0.03125925925925925
1 0.2998958333333333 0.24515740740740738 0.010421874999999995 0.03762962962962962
1 0.37332812499999996 0.29667592592592595 0.008140625000000058 0.0353148148148148
1 0.42347395833333334 0.12127777777777776 0.005536458333333391 0.028361111111111108
1 0.4034479166666667 0.10767592592592594 0.007161458333333333 0.02315740740740741
1 0.3458125 0.11287962962962962 0.007161458333333333 0.024314814814814806
0 0.352484375 0.12619444444444444 0.004885416666666724 0.008101851851851851