1 0.273828125 0.7541666666666667 0.03828125 0.16666666666666666
1 0.541015625 0.5416666666666666 0.03359375 0.12777777777777777
1 0.7796875 0.3333333333333333 0.0265625 0.1111111111111111
1 0.7484375 0.4701388888888889 0.0328125 0.12083333333333333
1 0.81875 0.5527777777777778 0.0328125 0.125
1 0.618359375 0.24861111111111112 0.01953125 0.08611111111111111
1 0.38203125 0.24375 0.021875 0.08194444444444444
1 0.0296875 0.44513888888888886 0.03125 0.12638888888888888
1 0.48984375 0.4423611111111111 0.028125 0.09861111111111111
1 0.085546875 0.2222222222222222 0.01796875 0.075
1 0.31640625 0.4847222222222222 0.0359375 0.10555555555555556
1 0.04140625 0.3423611111111111 0.01875 0.10138888888888889
1 0.134375 0.4722222222222222 0.0484375 0.13055555555555556
2 0.179296875 0.43819444444444444 0.02265625 0.11527777777777778
1 0.304296875 0.5638888888888889 0.02578125 0.13333333333333333
1 0.126953125 0.4736111111111111 0.03359375 0.13333333333333333
1 0.1484375 0.47291666666666665 0.0265625 0.12083333333333333
1 0.31640625 0.50625 0.0375 0.11805555555555555
1 0.3140625 0.5652777777777778 0.0390625 0.13333333333333333
0 0.626953125 0.4215277777777778 0.01171875 0.02361111111111111
0 0.148046875 0.51875 0.01328125 0.04027777777777778