1 0.68828125 0.8270833333333333 0.0359375 0.16527777777777777
1 0.71875 0.35 0.0203125 0.07777777777777778
1 0.630078125 0.6868055555555556 0.02734375 0.12638888888888888
1 0.83984375 0.5243055555555556 0.0375 0.10972222222222222
1 0.548046875 0.33402777777777776 0.02421875 0.08194444444444444
2 0.98515625 0.47847222222222224 0.025 0.10972222222222222
1 0.5618515625 0.39776388888888886 0.015882812499999944 0.0878055555555556
1 0.84765625 0.4097222222222222 0.028125 0.08611111111111111
1 0.6078125 0.5236111111111111 0.0453125 0.10833333333333334
2 0.63203125 0.2902777777777778 0.028125 0.075
0 0.57075 0.35184722222222226 0.00954687500000002 0.024694444444444484