1 0.35520833333333335 0.2662037037037037 0.007291666666666667 0.041666666666666664
1 0.5546875 0.18796296296296297 0.009375 0.03518518518518519
1 0.2604166666666667 0.25277777777777777 0.00625 0.03888888888888889
1 0.33671875 0.20277777777777778 0.0067708333333333336 0.03518518518518519
1 0.503125 0.30648148148148147 0.007291666666666667 0.040740740740740744
1 0.3033854166666667 0.17592592592592593 0.0078125 0.040740740740740744
1 0.43307291666666664 0.16666666666666666 0.0067708333333333336 0.03518518518518519
1 0.42994791666666665 0.05740740740740741 0.0046875 0.02962962962962963
1 0.2703125 0.20324074074074075 0.00625 0.041666666666666664
1 0.29322916666666665 0.1763888888888889 0.007291666666666667 0.041666666666666664
2 0.40572916666666664 0.03888888888888889 0.005208333333333333 0.02962962962962963
1 0.23333333333333334 0.19027777777777777 0.00625 0.03425925925925926
2 0.4510416666666667 0.1935185185185185 0.0067708333333333336 0.03148148148148148
1 0.46588541666666666 0.1736111111111111 0.0067708333333333336 0.03518518518518519
1 0.3731770833333333 0.14305555555555555 0.005729166666666666 0.03148148148148148
1 0.3184895833333333 0.15925925925925927 0.003125 0.03888888888888889
1 0.32265625 0.1638888888888889 0.0026041666666666665 0.032407407407407406
1 0.3268229166666667 0.1675925925925926 0.007291666666666667 0.02962962962962963
1 0.32734375 0.2013888888888889 0.008854166666666666 0.032407407407407406
1 0.29661458333333335 0.2412037037037037 0.0067708333333333336 0.03611111111111111
2 0.68359375 0.9819444444444444 0.0171875 0.03611111111111111
1 0.24895833333333334 0.2324074074074074 0.0078125 0.03796296296296296
1 0.30078125 0.18472222222222223 0.0125 0.03518518518518519