1 0.5786458333333333 0.38287037037037036 0.015104166666666667 0.03518518518518519
1 0.6708333333333333 0.3824074074074074 0.0125 0.03333333333333333
1 0.20546875 0.38796296296296295 0.009375 0.044444444444444446
1 0.7791666666666667 0.5055555555555555 0.011979166666666667 0.04259259259259259
1 0.2557291666666667 0.3435185185185185 0.008333333333333333 0.03796296296296296
1 0.6546875 0.2337962962962963 0.009375 0.03148148148148148
1 0.7463541666666667 0.6 0.017708333333333333 0.04537037037037037
1 0.49296875 0.2777777777777778 0.008333333333333333 0.03148148148148148
1 0.6052083333333333 0.19212962962962962 0.008333333333333333 0.026851851851851852
1 0.42135416666666664 0.29907407407407405 0.009895833333333333 0.03981481481481482
1 0.37864583333333335 0.449537037037037 0.010416666666666666 0.040740740740740744
1 0.3684895833333333 0.2902777777777778 0.009375 0.03518518518518519
1 0.3580729166666667 0.5546296296296296 0.0109375 0.041666666666666664
1 0.5140625 0.3888888888888889 0.013020833333333334 0.03796296296296296
1 0.6135416666666667 0.32731481481481484 0.011979166666666667 0.03425925925925926
1 0.35260416666666666 0.524074074074074 0.015104166666666667 0.03518518518518519
2 0.9348958333333334 0.8972222222222223 0.023958333333333335 0.046296296296296294
1 0.6265625 0.4041666666666667 0.011458333333333333 0.040740740740740744
1 0.8989583333333333 0.3277777777777778 0.011458333333333333 0.032407407407407406
2 0.28125 0.1310185185185185 0.0067708333333333336 0.023148148148148147
2 0.45009374999999996 0.33155555555555555 0.011588541666666667 0.04040740740740739
1 0.35093749999999996 0.2083611111111111 0.006682291666666629 0.033277777777777774
1 0.5492447916666666 0.27213888888888893 0.01648958333333326 0.034064814814814784
1 0.5490260416666667 0.28798148148148145 0.014260416666666723 0.03564814814814815
0 0.627234375 0.4254351851851852 0.00579166666666661 0.011092592592592609