1 0.25807291666666665 0.47638888888888886 0.013020833333333334 0.04722222222222222
1 0.7075520833333333 0.32314814814814813 0.0109375 0.03981481481481482
1 0.82109375 0.5712962962962963 0.011979166666666667 0.05092592592592592
1 0.42265625 0.6180555555555556 0.011458333333333333 0.04814814814814815
1 0.28984375 0.913425925925926 0.014583333333333334 0.062037037037037036
1 0.3385416666666667 0.26666666666666666 0.0067708333333333336 0.037037037037037035
1 0.6875 0.8421296296296297 0.021354166666666667 0.049074074074074076
1 0.30494791666666665 0.36574074074074076 0.009375 0.04537037037037037
1 0.5916666666666667 0.8398148148148148 0.0140625 0.05648148148148148
1 0.31927083333333334 0.8356481481481481 0.011979166666666667 0.05740740740740741
1 0.24322916666666666 0.4361111111111111 0.009375 0.05
1 0.4544270833333333 0.40324074074074073 0.007291666666666667 0.03981481481481482
1 0.5625 0.6226851851851852 0.013020833333333334 0.05462962962962963
1 0.38645833333333335 0.31157407407407406 0.008333333333333333 0.03981481481481482
1 0.9893229166666667 0.39490740740740743 0.014583333333333334 0.041666666666666664
2 0.8955729166666667 0.9629629629629629 0.025520833333333333 0.049074074074074076
1 0.41458333333333336 0.35694444444444445 0.008854166666666666 0.04259259259259259
1 0.41458333333333336 0.287962962962963 0.007291666666666667 0.03333333333333333
1 0.41953125 0.5888888888888889 0.009895833333333333 0.03981481481481482
1 0.38723958333333336 0.1962962962962963 0.0067708333333333336 0.032407407407407406
1 0.5341145833333333 0.1699074074074074 0.0067708333333333336 0.02962962962962963
2 0.3753697916666667 0.4827962962962963 0.008317708333333347 0.038740740740740714
2 0.2989114583333333 0.12078703703703703 0.005942708333333376 0.026055555555555544
1 0.5261145833333333 0.4106111111111111 0.011885416666666633 0.046481481481481526
0 0.6960677083333333 0.8574907407407407 0.00951041666666678 0.016194444444444452