1 0.1546875 0.8138888888888889 0.016145833333333335 0.05740740740740741
1 0.5434895833333333 0.2439814814814815 0.009375 0.03425925925925926
1 0.3575520833333333 0.3861111111111111 0.009375 0.03796296296296296
1 0.08619791666666667 0.4310185185185185 0.013541666666666667 0.046296296296296294
1 0.50546875 0.49398148148148147 0.011458333333333333 0.046296296296296294
1 0.4817708333333333 0.1726851851851852 0.0067708333333333336 0.03148148148148148
2 0.16979166666666667 0.4425925925925926 0.010416666666666666 0.040740740740740744
1 0.4640625 0.24861111111111112 0.007291666666666667 0.03611111111111111
1 0.315625 0.37175925925925923 0.009895833333333333 0.04351851851851852
1 0.2713541666666667 0.2388888888888889 0.009375 0.032407407407407406
1 0.734375 0.3162037037037037 0.008333333333333333 0.037037037037037035
1 0.5604166666666667 0.2828703703703704 0.008333333333333333 0.03888888888888889
1 0.109375 0.6481481481481481 0.015625 0.05
1 0.28411458333333334 0.2361111111111111 0.008333333333333333 0.03333333333333333
1 0.7355989583333333 0.582962962962963 0.00834374999999999 0.042629629629629594
1 0.1501458333333333 0.25162962962962965 0.011468749999999991 0.03799999999999999
1 0.14857812499999998 0.19324074074074074 0.006255208333333329 0.03243518518518516
1 0.399859375 0.13809259259259257 0.007296874999999995 0.02780555555555553
1 0.4973489583333333 0.10380555555555555 0.006255208333333329 0.03336111111111111
1 0.6261197916666668 0.15431481481481482 0.00834374999999999 0.03800000000000002
1 0.7246510416666666 0.21362962962962964 0.006255208333333447 0.03800000000000002
2 0.9892291666666666 0.5565462962962964 0.01303124999999999 0.047268518518518474