1 0.9458333333333333 0.3680555555555556 0.013020833333333334 0.044444444444444446
1 0.5052083333333334 0.34953703703703703 0.007291666666666667 0.041666666666666664
1 0.8541666666666666 0.24768518518518517 0.009375 0.03611111111111111
1 0.8341145833333333 0.29074074074074074 0.010416666666666666 0.03796296296296296
1 0.8015625 0.5023148148148148 0.013541666666666667 0.04351851851851852
1 0.496875 0.5666666666666667 0.010416666666666666 0.05
1 0.8463541666666666 0.425 0.011979166666666667 0.03796296296296296
2 0.6666666666666666 0.35833333333333334 0.008854166666666666 0.03888888888888889
1 0.5966145833333333 0.27361111111111114 0.0078125 0.03425925925925926
1 0.7703125 0.3675925925925926 0.009375 0.03981481481481482
1 0.7987864583333334 0.3881759259259259 0.009718749999999924 0.030981481481481516
1 0.8111406250000001 0.41862037037037036 0.01154166666666659 0.040842592592592604
1 0.8231770833333333 0.44027777777777777 0.010416666666666666 0.03333333333333333
1 0.498828125 0.22449999999999998 0.007999999999999948 0.03724999999999999
2 0.4843541666666667 0.10835185185185185 0.007239583333333381 0.03114814814814816
1 0.6607239583333333 0.3206574074074074 0.009520833333333438 0.03588888888888888
1 0.79709375 0.4043703703703704 0.00990104166666678 0.042231481481481495
1 0.8215104166666667 0.4102314814814815 0.008578124999999897 0.03441666666666663
1 0.8356979166666666 0.41297222222222224 0.006598958333333372 0.04379629629629626
1 0.8300885416666667 0.3957685185185185 0.007260416666666695 0.035981481481481496
1 0.85065625 0.40632407407407406 0.007041666666666657 0.035981481481481496