1 0.52421875 0.5819444444444445 0.03125 0.1527777777777778
1 0.60546875 0.23680555555555555 0.0328125 0.1125
1 0.7203125 0.4888888888888889 0.0359375 0.15
1 0.3640625 0.42430555555555555 0.0375 0.13194444444444445
1 0.784765625 0.17708333333333334 0.01953125 0.09861111111111111
1 0.92265625 0.5076388888888889 0.03125 0.14027777777777778
1 0.7515625 0.3298611111111111 0.021875 0.11527777777777778
1 0.68671875 0.39652777777777776 0.028125 0.12361111111111112
1 0.403125 0.3326388888888889 0.0296875 0.12638888888888888
2 0.646484375 0.08680555555555555 0.02421875 0.08472222222222223
1 0.775 0.4548611111111111 0.025 0.1375
0 0.37734375 0.46805555555555556 0.0125 0.025