1 0.12942708333333333 0.5745370370370371 0.0171875 0.04259259259259259
1 0.4578125 0.23796296296296296 0.008333333333333333 0.026851851851851852
1 0.7315104166666667 0.37407407407407406 0.0125 0.03333333333333333
1 0.3541666666666667 0.35185185185185186 0.011979166666666667 0.03981481481481482
1 0.6989583333333333 0.7175925925925926 0.019270833333333334 0.046296296296296294
1 0.6119791666666666 0.1736111111111111 0.009375 0.026851851851851852
1 0.25364583333333335 0.36342592592592593 0.011979166666666667 0.041666666666666664
1 0.327453125 0.23548148148148149 0.009375 0.032407407407407406
1 0.51328125 0.13075925925925927 0.007291666666666667 0.028185185185185185
1 0.3221354166666667 0.20324074074074075 0.009375 0.03148148148148148
1 0.23104166666666667 0.42483333333333334 0.01875 0.040740740740740744
1 0.314265625 0.5153796296296297 0.012901041666666658 0.03867592592592591
1 0.41796875 0.8675925925925926 0.020833333333333332 0.05277777777777778
1 0.6 0.43657407407407406 0.015625 0.040740740740740744
1 0.7251718749999999 0.2713611111111111 0.010953125000000103 0.04027777777777778
2 0.40546875 0.3662037037037037 0.009375 0.041666666666666664
1 0.6549479166666666 0.6671296296296296 0.0234375 0.06111111111111111
1 0.2752604166666667 0.6916666666666667 0.021875 0.04722222222222222
1 0.9919270833333333 0.3523148148148148 0.014583333333333334 0.03796296296296296
1 0.2508125 0.3305833333333333 0.0125 0.03888888888888889
0 0.20364583333333333 0.4925925925925926 0.009375 0.016666666666666666
1 0.5760416666666667 0.2935185185185185 0.011979166666666667 0.03611111111111111
1 0.489546875 0.23667592592592593 0.011270833333333386 0.032555555555555525
2 0.337578125 0.10706481481481481 0.010916666666666686 0.02629629629629629