1 0.184375 0.6 0.028125 0.12777777777777777
1 0.61953125 0.26666666666666666 0.0171875 0.08888888888888889
1 0.341796875 0.5270833333333333 0.03828125 0.12638888888888888
1 0.419921875 0.27847222222222223 0.01953125 0.09305555555555556
1 0.719140625 0.1451388888888889 0.01484375 0.06527777777777778
1 0.484765625 0.5875 0.05546875 0.10277777777777777
1 0.396875 0.5416666666666666 0.0328125 0.13333333333333333
1 0.848046875 0.23541666666666666 0.03515625 0.07361111111111111
1 0.679296875 0.23055555555555557 0.02109375 0.07777777777777778
1 0.74609375 0.3347222222222222 0.0234375 0.09444444444444444
1 0.12734375 0.59375 0.046875 0.11527777777777778
1 0.033984375 0.19930555555555557 0.02265625 0.09027777777777778
1 0.5140625 0.2923611111111111 0.0203125 0.09861111111111111
1 0.794140625 0.4722222222222222 0.03203125 0.09722222222222222
2 0.561328125 0.3576388888888889 0.02265625 0.09861111111111111
1 0.555078125 0.18611111111111112 0.01640625 0.07222222222222222
1 0.548828125 0.3611111111111111 0.01796875 0.08611111111111111
0 0.65078125 0.5840277777777778 0.0125 0.02361111111111111
2 0.7009531250000001 0.09027777777777778 0.016492187499999922 0.06018055555555554