2 0.45416666666666666 0.19305555555555556 0.007291666666666667 0.03796296296296296
1 0.2752604166666667 0.2657407407407407 0.0067708333333333336 0.044444444444444446
1 0.40520833333333334 0.13148148148148148 0.00625 0.03518518518518519
1 0.50546875 0.3074074074074074 0.0078125 0.04259259259259259
1 0.38333333333333336 0.25833333333333336 0.00625 0.040740740740740744
1 0.34270833333333334 0.19814814814814816 0.00625 0.03888888888888889
1 0.3106770833333333 0.23796296296296296 0.0078125 0.046296296296296294
1 0.27447916666666666 0.19907407407407407 0.005208333333333333 0.03888888888888889
1 0.28125 0.18518518518518517 0.005208333333333333 0.037037037037037035
1 0.24479166666666666 0.18703703703703703 0.007291666666666667 0.04722222222222222
1 0.3203125 0.16018518518518518 0.007291666666666667 0.040740740740740744
1 0.43463541666666666 0.1648148148148148 0.005729166666666666 0.037037037037037035
1 0.25338541666666664 0.23333333333333334 0.009375 0.03796296296296296
1 0.31875 0.1625 0.0078125 0.04351851851851852
2 0.4075520833333333 0.03935185185185185 0.0046875 0.028703703703703703
1 0.2864583333333333 0.17824074074074073 0.007291666666666667 0.03425925925925926
1 0.3151041666666667 0.16898148148148148 0.005208333333333333 0.03425925925925926
1 0.33828125 0.19212962962962962 0.005208333333333333 0.03796296296296296
1 0.309375 0.21481481481481482 0.0067708333333333336 0.028703703703703703
1 0.29765625 0.21296296296296297 0.007291666666666667 0.03518518518518519
1 0.46796875 0.15648148148148147 0.009895833333333333 0.03611111111111111
1 0.5765625 0.16064814814814815 0.005729166666666666 0.03425925925925926
1 0.45703125 0.03611111111111111 0.005208333333333333 0.027777777777777776
2 0.69140625 0.9833333333333333 0.019270833333333334 0.03333333333333333