1 0.33151041666666664 0.24212962962962964 0.007291666666666667 0.03796296296296296
1 0.43671875 0.7027777777777777 0.008854166666666666 0.06018518518518518
1 0.2947916666666667 0.4166666666666667 0.008854166666666666 0.046296296296296294
1 0.43697916666666664 0.2657407407407407 0.007291666666666667 0.03518518518518519
1 0.5450520833333333 0.5504629629629629 0.0078125 0.05185185185185185
1 0.64453125 0.22870370370370371 0.0078125 0.037037037037037035
1 0.37135416666666665 0.22453703703703703 0.007291666666666667 0.037037037037037035
1 0.36614583333333334 0.3592592592592593 0.008333333333333333 0.04537037037037037
1 0.6033854166666667 0.3087962962962963 0.008333333333333333 0.041666666666666664
1 0.76796875 0.5555555555555556 0.0140625 0.04537037037037037
1 0.43020833333333336 0.14722222222222223 0.005729166666666666 0.026851851851851852
1 0.48203125 0.23055555555555557 0.0078125 0.03425925925925926
2 0.8861979166666667 0.9375 0.017708333333333333 0.049074074074074076
1 0.08958333333333333 0.32592592592592595 0.011458333333333333 0.03796296296296296
1 0.4708333333333333 0.19398148148148148 0.00625 0.03333333333333333
1 0.896875 0.3263888888888889 0.009375 0.041666666666666664
1 0.7502604166666667 0.7453703703703703 0.015625 0.05185185185185185
1 0.5158854166666667 0.22685185185185186 0.0067708333333333336 0.03518518518518519
2 0.56015625 0.24814814814814815 0.00625 0.03425925925925926
1 0.7609375 0.5634259259259259 0.0125 0.03425925925925926
1 0.5477760416666667 0.29555555555555557 0.008651041666666732 0.04028703703703703
1 0.42190625 0.26478703703703704 0.007416666666666671 0.038824074074074025
1 0.6470729166666668 0.21937962962962965 0.007828125000000104 0.032962962962962986
1 0.5286145833333333 0.14796296296296296 0.006593750000000042 0.027833333333333335
1 0.5541927083333333 0.12100925925925926 0.007979166666666752 0.025166666666666674
2 0.348703125 0.11368518518518518 0.007203124999999962 0.026990740740740732
0 0.42307291666666663 0.19100925925925924 0.004119791666666709 0.010518518518518531