1 0.133203125 0.2798611111111111 0.02734375 0.10138888888888889
1 0.218359375 0.33125 0.03359375 0.10972222222222222
1 0.0484375 0.2916666666666667 0.025 0.1111111111111111
1 0.091015625 0.2902777777777778 0.02578125 0.13055555555555556
1 0.408984375 0.40625 0.01953125 0.15138888888888888
1 0.296875 0.38333333333333336 0.034375 0.13055555555555556
1 0.7770859375 0.37022222222222223 0.030726562499999943 0.13456944444444444
1 0.71796875 0.5840277777777778 0.0390625 0.15694444444444444
1 0.511328125 0.28125 0.02109375 0.11527777777777778
1 0.569140625 0.3090277777777778 0.02890625 0.10138888888888889
0 0.70625 0.40694444444444444 0.0125 0.022222222222222223