1 0.2125 0.37569444444444444 0.0421875 0.12638888888888888
2 0.478125 0.40208333333333335 0.0375 0.11805555555555555
1 0.426953125 0.40208333333333335 0.02890625 0.12083333333333333
1 0.5375 0.3013888888888889 0.0421875 0.09444444444444444
1 0.487890625 0.29375 0.02734375 0.09861111111111111
1 0.44921875 0.2708333333333333 0.021875 0.08055555555555556
1 0.15859375 0.3506944444444444 0.0328125 0.10972222222222222
1 0.115234375 0.34097222222222223 0.02734375 0.10138888888888889
1 0.157421875 0.2951388888888889 0.02265625 0.10138888888888889
1 0.729296875 0.2361111111111111 0.02890625 0.07777777777777778
1 0.5296875 0.24027777777777778 0.0296875 0.06944444444444445
1 0.87934375 0.2623472222222222 0.0555546875000001 0.1111111111111111
2 0.170140625 0.17901388888888886 0.03125 0.08641666666666668
0 0.85503125 0.2376527777777778 0.010414062499999942 0.021611111111111116