1 0.526171875 0.5138888888888888 0.03515625 0.1388888888888889
1 0.60234375 0.48333333333333334 0.0296875 0.1388888888888889
1 0.170703125 0.30277777777777776 0.02265625 0.1
1 0.6765625 0.30486111111111114 0.03125 0.0875
1 0.230078125 0.35625 0.02734375 0.11527777777777778
1 0.626953125 0.30416666666666664 0.02265625 0.08333333333333333
1 0.49375 0.36944444444444446 0.040625 0.10555555555555556
2 0.8671875 0.44375 0.0328125 0.1375
1 0.98984375 0.39791666666666664 0.01875 0.12361111111111112
1 0.3893203125 0.2900416666666667 0.0171875 0.10416666666666667
1 0.25703125 0.3840277777777778 0.0203125 0.10694444444444444
1 0.604296875 0.3527777777777778 0.02265625 0.10833333333333334
1 0.019578124999999995 0.41790277777777773 0.0374140625 0.12901388888888887
1 0.99296875 0.8861111111111111 0.0140625 0.09444444444444444
1 0.2546875 0.34652777777777777 0.0203125 0.09027777777777778
1 0.255859375 0.3645833333333333 0.01953125 0.12361111111111112
2 0.537109375 0.19652777777777777 0.01796875 0.08194444444444444
0 0.669140625 0.3402777777777778 0.00859375 0.022222222222222223