1 0.5674479166666667 0.26666666666666666 0.0125 0.03611111111111111
1 0.6846354166666667 0.42592592592592593 0.013020833333333334 0.03888888888888889
1 0.5721354166666667 0.39444444444444443 0.015104166666666667 0.037037037037037035
1 0.7908854166666667 0.2638888888888889 0.010416666666666666 0.03425925925925926
1 0.478125 0.4217592592592593 0.014583333333333334 0.037037037037037035
1 0.42890625 0.3074074074074074 0.0109375 0.032407407407407406
1 0.3658854166666667 0.33287037037037037 0.013020833333333334 0.03425925925925926
1 0.36015625 0.25092592592592594 0.011979166666666667 0.03333333333333333
1 0.44244791666666666 0.25462962962962965 0.013020833333333334 0.037037037037037035
1 0.58984375 0.175 0.009895833333333333 0.030555555555555555
1 0.7620729166666667 0.611712962962963 0.025328125000000055 0.05092592592592592
1 0.41119791666666666 0.21805555555555556 0.0140625 0.03333333333333333
1 0.6997395833333333 0.3560185185185185 0.015625 0.03981481481481482
1 0.41328125 0.4083333333333333 0.0203125 0.04351851851851852
1 0.4549479166666667 0.3453703703703704 0.016666666666666666 0.03611111111111111
1 0.32578125 0.38425925925925924 0.016145833333333335 0.03796296296296296
1 0.18489583333333334 0.21712962962962962 0.009895833333333333 0.028703703703703703
2 0.43645833333333334 0.03981481481481482 0.007291666666666667 0.020370370370370372
1 0.7481770833333333 0.22037037037037038 0.011458333333333333 0.03611111111111111
1 0.8208333333333333 0.47314814814814815 0.0140625 0.044444444444444446
1 0.815625 0.45740740740740743 0.011979166666666667 0.03518518518518519
2 0.44166666666666665 0.34814814814814815 0.0125 0.03518518518518519
1 0.23503125 0.6014166666666666 0.015854166666666693 0.046472222222222276
1 0.601609375 0.26433333333333336 0.009427083333333286 0.0319907407407407