1 0.60078125 0.6041666666666666 0.0390625 0.1638888888888889
1 0.8375 0.38819444444444445 0.025 0.13472222222222222
1 0.614453125 0.26319444444444445 0.03515625 0.10694444444444444
1 0.46640625 0.38472222222222224 0.0328125 0.1361111111111111
1 0.537109375 0.40069444444444446 0.02734375 0.13472222222222222
1 0.0390625 0.70625 0.040625 0.19305555555555556
1 0.931640625 0.6722222222222223 0.04765625 0.18055555555555555
1 0.0815078125 0.25555555555555554 0.02396093749999999 0.10833333333333334
0 0.330078125 0.28194444444444444 0.01171875 0.019444444444444445
1 0.0967890625 0.254625 0.01822656250000001 0.1111111111111111
1 0.6654921875 0.2753888888888889 0.03602343749999992 0.10633333333333334