1 0.87421875 0.6847222222222222 0.0359375 0.15555555555555556
1 0.673046875 0.6326388888888889 0.03671875 0.15138888888888888
1 0.553125 0.46875 0.025 0.13472222222222222
1 0.0125 0.6208333333333333 0.025 0.1638888888888889
1 0.518359375 0.3993055555555556 0.02265625 0.12361111111111112
1 0.25859375 0.4097222222222222 0.025 0.13333333333333333
1 0.16953125 0.41944444444444445 0.0265625 0.11666666666666667
1 0.14296875 0.3819444444444444 0.028125 0.11666666666666667
1 0.1703125 0.2604166666666667 0.034375 0.07916666666666666
1 0.301171875 0.4409722222222222 0.02890625 0.11527777777777778
1 0.398046875 0.3659722222222222 0.03203125 0.09583333333333334
1 0.45 0.4895833333333333 0.028125 0.13194444444444445
1 0.888671875 0.3548611111111111 0.03515625 0.09583333333333334
1 0.36875 0.4625 0.0265625 0.125
1 0.665234375 0.41180555555555554 0.02890625 0.09861111111111111
1 0.673046875 0.4701388888888889 0.02578125 0.13472222222222222
1 0.360546875 0.41458333333333336 0.02265625 0.11527777777777778