1 0.44557291666666665 0.3912037037037037 0.013541666666666667 0.040740740740740744
1 0.7182291666666667 0.2791666666666667 0.010416666666666666 0.03518518518518519
1 0.6119791666666666 0.20972222222222223 0.0078125 0.03148148148148148
2 0.5200520833333333 0.2861111111111111 0.007291666666666667 0.03518518518518519
1 0.4322916666666667 0.1712962962962963 0.0078125 0.03148148148148148
1 0.6822916666666666 0.5310185185185186 0.013020833333333334 0.04351851851851852
1 0.465625 0.17222222222222222 0.008854166666666666 0.02962962962962963
1 0.4166666666666667 0.19305555555555556 0.009375 0.032407407407407406
1 0.32109375 0.16203703703703703 0.007291666666666667 0.02962962962962963
2 0.3604895833333333 0.09412962962962963 0.008822916666666696 0.025
1 0.5971354166666667 0.6148148148148148 0.011979166666666667 0.04722222222222222
1 0.3645833333333333 0.475 0.011979166666666667 0.044444444444444446
1 0.6666666666666666 0.26805555555555555 0.008854166666666666 0.03425925925925926
1 0.47213541666666664 0.27870370370370373 0.008333333333333333 0.03518518518518519
1 0.209375 0.1865740740740741 0.0078125 0.03148148148148148
1 0.34713541666666664 0.3351851851851852 0.008333333333333333 0.03611111111111111
1 0.6244427083333334 0.23517592592592593 0.013286458333333447 0.03421296296296298
1 0.5250416666666667 0.25850925925925927 0.006020833333333305 0.03104629629629627
1 0.5513854166666667 0.1859814814814815 0.006921874999999981 0.026222222222222216
1 0.6382395833333334 0.23737037037037037 0.0048177083333333336 0.034787037037037054
0 0.631765625 0.21007407407407408 0.005718750000000009 0.011240740740740728
1 0.3603645833333333 0.13380555555555554 0.0066250000000000146 0.02675925925925924
1 0.37903125 0.12015740740740742 0.005416666666666714 0.026222222222222216
1 0.398296875 0.18839814814814815 0.009031249999999958 0.029972222222222226