1 0.8421875 0.29212962962962963 0.009895833333333333 0.03981481481481482
1 0.51328125 0.34953703703703703 0.007291666666666667 0.04259259259259259
1 0.959375 0.3648148148148148 0.013020833333333334 0.044444444444444446
1 0.60546875 0.27685185185185185 0.007291666666666667 0.03611111111111111
1 0.8635416666666667 0.25092592592592594 0.009895833333333333 0.03888888888888889
1 0.8119791666666667 0.49537037037037035 0.011458333333333333 0.04722222222222222
1 0.7661458333333333 0.3587962962962963 0.008854166666666666 0.041666666666666664
1 0.8354166666666667 0.43703703703703706 0.010416666666666666 0.03888888888888889
2 0.48671875 0.1111111111111111 0.005208333333333333 0.027777777777777776
1 0.4984375 0.5634259259259259 0.011458333333333333 0.044444444444444446
1 0.8036458333333333 0.40324074074074073 0.010416666666666666 0.04537037037037037
1 0.8570729166666666 0.4155833333333333 0.0093020833333334 0.04775000000000005
1 0.8049479166666667 0.3902777777777778 0.008333333333333333 0.03796296296296296
1 0.82175 0.41480555555555554 0.010161458333333448 0.03756481481481486
1 0.49984375000000003 0.2273888888888889 0.008999999999999985 0.03732407407407408
1 0.6618125 0.32108333333333333 0.006427083333333409 0.03580555555555552
2 0.6757395833333334 0.35688888888888887 0.0077135416666666385 0.03732407407407413
1 0.8443958333333333 0.4172777777777778 0.0074947916666666 0.03901851851851851
1 0.843328125 0.39491666666666664 0.005354166666666771 0.03045370370370369
1 0.8310156249999999 0.4125185185185185 0.005354166666666771 0.03711111111111115
1 0.8367708333333332 0.4039537037037037 0.005083333333333447 0.02378703703703709