1 0.05807291666666667 0.3768518518518518 0.0125 0.026851851851851852
1 0.23201041666666666 0.2029074074074074 0.01150000000000002 0.0382314814814815
1 0.5557291666666667 0.2388888888888889 0.010416666666666666 0.03611111111111111
1 0.05944791666666667 0.31312962962962965 0.014734374999999996 0.03830555555555556
1 0.5955729166666667 0.2935185185185185 0.009895833333333333 0.037037037037037035
1 0.6682291666666667 0.43472222222222223 0.013541666666666667 0.04537037037037037
1 0.2955729166666667 0.26157407407407407 0.0109375 0.030555555555555555
1 0.329625 0.35947222222222225 0.011979166666666667 0.03518518518518519
1 0.6848958333333334 0.4305555555555556 0.013020833333333334 0.046296296296296294
1 0.28151041666666665 0.2569444444444444 0.009895833333333333 0.03148148148148148
1 0.6002604166666666 0.6074074074074074 0.019791666666666666 0.04814814814814815
1 0.3921875 0.07546296296296297 0.0078125 0.025
2 0.471875 0.28194444444444444 0.009895833333333333 0.037037037037037035
1 0.7651041666666667 0.325 0.009895833333333333 0.03796296296296296
1 0.5697916666666667 0.5694444444444444 0.020833333333333332 0.05925925925925926
1 0.20446875 0.1580185185185185 0.012062499999999983 0.0345648148148148
2 0.7861666666666667 0.9853333333333334 0.0184322916666666 0.02748148148148133
1 0.5232083333333333 0.13253703703703704 0.006505208333333338 0.026027777777777792
2 0.3985052083333333 0.022166666666666668 0.006505208333333338 0.02699074074074074
1 0.004609375000000001 0.47712037037037036 0.008130208333333335 0.044342592592592635
0 0.048526041666666665 0.44483333333333336 0.004880208333333335 0.010601851851851894
1 0.1962708333333333 0.5373611111111112 0.017348958333333366 0.043370370370370295
1 0.180546875 0.5898981481481482 0.013010416666666675 0.050120370370370475
1 0.3270104166666667 0.34467592592592594 0.019369791666666695 0.02441666666666667
1 0.7506354166666667 0.3104722222222222 0.009354166666666686 0.04435185185185183