1 0.83984375 0.6555555555555556 0.0359375 0.1
1 0.45625 0.32916666666666666 0.0125 0.05555555555555555
1 0.192578125 0.35625 0.01484375 0.06805555555555555
1 0.612890625 0.5784722222222223 0.02734375 0.10694444444444444
1 0.53671875 0.5076388888888889 0.0234375 0.0763888888888889
1 0.10859375 0.49722222222222223 0.025 0.08888888888888889
1 0.7390625 0.4409722222222222 0.015625 0.07361111111111111
1 0.016015625 0.45069444444444445 0.01953125 0.07361111111111111
1 0.3359375 0.2652777777777778 0.0109375 0.044444444444444446
1 0.833984375 0.39444444444444443 0.01796875 0.08055555555555556
2 0.90546875 0.7902777777777777 0.0328125 0.1361111111111111
1 0.035546875 0.39861111111111114 0.01640625 0.06666666666666667
1 0.4265625 0.4479166666666667 0.015625 0.06527777777777778
2 0.1234375 0.42291666666666666 0.025 0.07361111111111111
1 0.415234375 0.43819444444444444 0.01640625 0.07083333333333333
1 0.5734375 0.32916666666666666 0.0140625 0.06111111111111111
1 0.003515625 0.2722222222222222 0.00703125 0.05555555555555555
0 0.8171875 0.6597222222222222 0.009375 0.016666666666666666
2 0.009984375 0.23997222222222223 0.011281250000000001 0.03858333333333337