1 0.716015625 0.45416666666666666 0.02734375 0.13055555555555556
1 0.84921875 0.3090277777777778 0.021875 0.10694444444444444
1 0.63984375 0.3368055555555556 0.021875 0.11527777777777778
1 0.31953125 0.2652777777777778 0.0203125 0.08611111111111111
1 0.5678359375 0.23333333333333334 0.017445312499999942 0.11388888888888889
1 0.23046875 0.42986111111111114 0.025 0.12916666666666668
1 0.119921875 0.24513888888888888 0.01484375 0.08472222222222223
1 0.760546875 0.2861111111111111 0.01953125 0.09444444444444444
1 0.15625 0.24583333333333332 0.0171875 0.1
1 0.688671875 0.28888888888888886 0.02109375 0.10555555555555556
1 0.251953125 0.34375 0.01953125 0.12361111111111112
1 0.5174921875 0.3267777777777778 0.04001562500000002 0.1118888888888889
1 0.351171875 0.275 0.02109375 0.08055555555555556
2 0.5203125 0.3993055555555556 0.028125 0.12638888888888888
2 0.05234375 0.22430555555555556 0.021875 0.08472222222222223