1 0.36953125 0.25 0.009895833333333333 0.03518518518518519
1 0.5174479166666667 0.17962962962962964 0.008333333333333333 0.030555555555555555
1 0.22135416666666666 0.24953703703703703 0.010416666666666666 0.03333333333333333
1 0.4630208333333333 0.15555555555555556 0.008854166666666666 0.027777777777777776
1 0.6625 0.2708333333333333 0.008854166666666666 0.037037037037037035
1 0.23619791666666667 0.5254629629629629 0.015625 0.046296296296296294
1 0.5264375 0.4024166666666667 0.011979166666666667 0.03425925925925926
1 0.5458333333333333 0.075 0.0067708333333333336 0.020370370370370372
1 0.32421875 0.7273148148148149 0.014583333333333334 0.053703703703703705
1 0.43411458333333336 0.15185185185185185 0.008854166666666666 0.026851851851851852
1 0.35013541666666664 0.2587962962962963 0.011458333333333333 0.032407407407407406
1 0.19925 0.28147222222222223 0.009427083333333345 0.03732407407407402
2 0.14183333333333334 0.14930555555555555 0.010286458333333333 0.03199074074074075
2 0.37643229166666664 0.2955648148148148 0.009854166666666704 0.03503703703703707
1 0.3445104166666667 0.11883333333333333 0.011140625000000052 0.028944444444444436
1 0.39057291666666666 0.09826851851851852 0.006427083333333291 0.02285185185185186
1 0.531765625 0.06817592592592592 0.010286458333333333 0.01904629629629629
0 0.46363541666666663 0.09179629629629629 0.005140624999999943 0.00837962962962964
1 0.561546875 0.18625 0.006427083333333409 0.02971296296296294
1 0.5521197916666666 0.12340740740740741 0.008140625000000058 0.024379629629629616
1 0.5512604166666667 0.10626851851851851 0.006427083333333409 0.017518518518518506
1 0.6249635416666667 0.2072037037037037 0.010713541666666751 0.030472222222222244
1 0.7233020833333333 0.18549074074074076 0.005140624999999943 0.03580555555555557
1 0.7222291666666667 0.5602870370370371 0.01671354166666674 0.04951851851851854