1 0.1390625 0.8194444444444444 0.04375 0.19166666666666668
1 0.30625 0.32013888888888886 0.0265625 0.12916666666666668
1 0.884765625 0.3055555555555556 0.03671875 0.11944444444444445
1 0.37109375 0.3090277777777778 0.021875 0.11805555555555555
1 0.381640625 0.5506944444444445 0.04453125 0.1375
1 0.571484375 0.32013888888888886 0.02265625 0.11805555555555555
1 0.55390625 0.1451388888888889 0.0171875 0.09861111111111111
1 0.02890625 0.1451388888888889 0.021875 0.0875
1 0.6640625 0.4840277777777778 0.034375 0.15138888888888888
1 0.137890625 0.18611111111111112 0.01640625 0.09444444444444444
0 0.6484375 0.5340277777777778 0.0125 0.020833333333333332