1 0.61953125 0.3125 0.021875 0.1111111111111111
1 0.899609375 0.3736111111111111 0.02734375 0.11388888888888889
1 0.571875 0.37222222222222223 0.025 0.12222222222222222
1 0.72109375 0.33402777777777776 0.0265625 0.11805555555555555
1 0.87109375 0.48541666666666666 0.0296875 0.12638888888888888
1 0.2734375 0.56875 0.034375 0.15416666666666667
1 0.969140625 0.4326388888888889 0.02578125 0.11527777777777778
1 0.44453125 0.22291666666666668 0.0140625 0.09305555555555556
1 0.853515625 0.2763888888888889 0.02109375 0.10555555555555556
1 0.68984375 0.2972222222222222 0.021875 0.10277777777777777
2 0.3140625 0.17430555555555555 0.021875 0.0875
1 0.188671875 0.3375 0.03828125 0.10555555555555556
1 0.69921875 0.23125 0.0265625 0.08194444444444444
2 0.98515625 0.33541666666666664 0.0234375 0.11527777777777778
1 0.8609375 0.1909722222222222 0.0171875 0.08472222222222223
1 0.85546875 0.2326388888888889 0.01875 0.0625
1 0.99609375 0.2076388888888889 0.0078125 0.08472222222222223
1 0.99609375 0.19444444444444445 0.0078125 0.07222222222222222
0 0.212109375 0.3861111111111111 0.01015625 0.016666666666666666