1 0.69609375 0.399537037037037 0.009375 0.03981481481481482
1 0.3690104166666667 0.28935185185185186 0.0067708333333333336 0.037037037037037035
1 0.3932291666666667 0.2013888888888889 0.0067708333333333336 0.03333333333333333
1 0.86171875 0.300462962962963 0.010416666666666666 0.04259259259259259
1 0.6111979166666667 0.549537037037037 0.009895833333333333 0.044444444444444446
1 0.4666666666666667 0.4148148148148148 0.0067708333333333336 0.041666666666666664
1 0.43828125 0.17824074074074073 0.005729166666666666 0.03148148148148148
1 0.37942708333333336 0.37916666666666665 0.0078125 0.040740740740740744
1 0.54296875 0.17407407407407408 0.005208333333333333 0.03148148148148148
1 0.5119791666666667 0.17083333333333334 0.005208333333333333 0.028703703703703703
1 0.43385416666666665 0.2662037037037037 0.007291666666666667 0.03981481481481482
2 0.88515625 0.950925925925926 0.020833333333333332 0.049074074074074076
1 0.0049479166666666664 0.3282407407407407 0.009375 0.028703703703703703
1 0.40390625 0.15601851851851853 0.005729166666666666 0.026851851851851852
1 0.35577083333333337 0.1415648148148148 0.005208333333333333 0.024074074074074074
1 0.646875 0.1736111111111111 0.007291666666666667 0.03333333333333333
1 0.5671875 0.13472222222222222 0.005729166666666666 0.028703703703703703
1 0.6528645833333333 0.2439814814814815 0.0078125 0.03888888888888889
2 0.03125 0.11898148148148148 0.007291666666666667 0.022222222222222223
1 0.5640625 0.1648148148148148 0.005729166666666666 0.025
2 0.4497760416666667 0.2601111111111111 0.007223958333333277 0.03425000000000001
1 0.5114947916666667 0.23362037037037037 0.0066250000000000146 0.03264814814814814
1 0.5760729166666666 0.2456574074074074 0.008130208333333399 0.03104629629629627
1 0.5729114583333333 0.16404629629629627 0.0048177083333333336 0.026222222222222216
1 0.496140625 0.11908333333333335 0.0030104166666666526 0.02837037037037036
2 0.35539583333333336 0.11827777777777779 0.006921874999999981 0.025694444444444457