1 0.41953125 0.7965277777777777 0.0515625 0.18472222222222223
1 0.487109375 0.7625 0.05234375 0.175
1 0.7375 0.37916666666666665 0.025 0.13333333333333333
1 0.6453125 0.3951388888888889 0.021875 0.12638888888888888
1 0.875 0.4284722222222222 0.0421875 0.13472222222222222
1 0.2078125 0.4909722222222222 0.0296875 0.14305555555555555
1 0.930859375 0.3451388888888889 0.03203125 0.12916666666666668
1 0.53671875 0.5090277777777777 0.0421875 0.1375
1 0.530078125 0.4 0.02734375 0.11944444444444445
1 0.05 0.30416666666666664 0.021875 0.1
1 0.54296875 0.3 0.0203125 0.11388888888888889
1 0.207421875 0.36944444444444446 0.03203125 0.11666666666666667
1 0.353125 0.25763888888888886 0.0234375 0.09027777777777778
1 0.443359375 0.25416666666666665 0.02265625 0.08888888888888889
1 0.43828125 0.2548611111111111 0.0296875 0.08472222222222223
2 0.209375 0.4152777777777778 0.028125 0.07777777777777778