1 0.10494791666666667 0.2791666666666667 0.009895833333333333 0.037037037037037035
1 0.48385416666666664 0.3861111111111111 0.009375 0.04259259259259259
1 0.53359375 0.2337962962962963 0.0067708333333333336 0.03425925925925926
1 0.5640625 0.5041666666666667 0.0067708333333333336 0.04259259259259259
2 0.49453125 0.27546296296296297 0.007291666666666667 0.03611111111111111
1 0.6114583333333333 0.2152777777777778 0.0067708333333333336 0.03425925925925926
1 0.7221354166666667 0.48518518518518516 0.0109375 0.04351851851851852
1 0.6395833333333333 0.2162037037037037 0.007291666666666667 0.03518518518518519
1 0.38958333333333334 0.26342592592592595 0.0078125 0.03888888888888889
1 0.5213541666666667 0.1824074074074074 0.0078125 0.032407407407407406
1 0.5927083333333333 0.1685185185185185 0.005729166666666666 0.026851851851851852
1 0.43333333333333335 0.1439814814814815 0.00625 0.02962962962962963
1 0.37402083333333336 0.3638055555555556 0.0078125 0.039083333333333366
1 0.4125 0.23796296296296296 0.0078125 0.03796296296296296
2 0.42691666666666667 0.10687037037037038 0.005729166666666666 0.024074074074074088
1 0.45390625 0.13657407407407407 0.005729166666666666 0.027777777777777776
1 0.499234375 0.22710185185185186 0.00657291666666661 0.030055555555555537
1 0.5025208333333333 0.18368518518518517 0.006260416666666657 0.028944444444444436
1 0.515671875 0.14583333333333334 0.0075156250000000336 0.027833333333333335
1 0.5601354166666667 0.16281481481481483 0.007515624999999915 0.02727777777777776
1 0.5532447916666666 0.13219444444444445 0.007515624999999915 0.022824074074074052
0 0.5886250000000001 0.06874074074074074 0.003130208333333447 0.006120370370370383
1 0.5998958333333333 0.16642592592592592 0.006260416666666657 0.02337962962962963
1 0.6991510416666666 0.23795370370370372 0.007515624999999915 0.03506481481481482