1 0.7153645833333333 0.44675925925925924 0.0140625 0.04722222222222222
1 0.32005208333333335 0.9393518518518519 0.013541666666666667 0.05648148148148148
1 0.29322916666666665 0.35555555555555557 0.009375 0.03981481481481482
1 0.6041666666666666 0.20092592592592592 0.0078125 0.030555555555555555
1 0.4552083333333333 0.16018518518518518 0.0078125 0.028703703703703703
1 0.8075520833333333 0.25787037037037036 0.009375 0.03611111111111111
1 0.20677083333333332 0.3199074074074074 0.010416666666666666 0.040740740740740744
1 0.17213541666666668 0.43148148148148147 0.0125 0.04537037037037037
1 0.5080729166666667 0.4587962962962963 0.013541666666666667 0.046296296296296294
1 0.31302083333333336 0.43842592592592594 0.010416666666666666 0.04259259259259259
1 0.21848958333333332 0.21481481481481482 0.007291666666666667 0.03333333333333333
2 0.35520833333333335 0.29444444444444445 0.008333333333333333 0.032407407407407406
1 0.19036458333333334 0.36574074074074076 0.010416666666666666 0.04259259259259259
1 0.43020833333333336 0.11574074074074074 0.007291666666666667 0.025925925925925925
2 0.9575520833333333 0.7731481481481481 0.01875 0.044444444444444446
1 0.3854166666666667 0.2152777777777778 0.007291666666666667 0.032407407407407406
1 0.7200520833333334 0.7101851851851851 0.015104166666666667 0.044444444444444446
1 0.3229166666666667 0.4527777777777778 0.013541666666666667 0.04259259259259259
1 0.3338541666666667 0.21481481481481482 0.007291666666666667 0.03333333333333333
1 0.42207812499999997 0.6585740740740741 0.014036458333333357 0.051685185185185126
1 0.22627604166666665 0.22957407407407407 0.010666666666666677 0.03521296296296294
2 0.19389583333333332 0.12968518518518518 0.006859374999999978 0.030472222222222206
0 0.7051041666666666 0.7195370370370371 0.006093749999999906 0.012870370370370454