1 0.8041666666666667 0.4083333333333333 0.0109375 0.04537037037037037
2 0.4322916666666667 0.21666666666666667 0.0067708333333333336 0.03425925925925926
1 0.7932291666666667 0.6657407407407407 0.017708333333333333 0.049074074074074076
1 0.6875 0.20833333333333334 0.0078125 0.03611111111111111
1 0.3450520833333333 0.48148148148148145 0.009375 0.05
1 0.7880208333333333 0.42083333333333334 0.009375 0.04259259259259259
1 0.6078125 0.11435185185185186 0.005729166666666666 0.030555555555555555
1 0.7986979166666667 0.8217592592592593 0.019270833333333334 0.05648148148148148
1 0.29270833333333335 0.13055555555555556 0.007291666666666667 0.032407407407407406
1 0.23880208333333333 0.16574074074074074 0.0067708333333333336 0.03888888888888889
1 0.15755208333333334 0.2847222222222222 0.007291666666666667 0.040740740740740744
1 0.6705729166666666 0.17962962962962964 0.007291666666666667 0.037037037037037035
1 0.8325520833333333 0.3013888888888889 0.009375 0.03796296296296296
1 0.17630208333333333 0.5824074074074074 0.0125 0.049074074074074076
1 0.840625 0.29212962962962963 0.008333333333333333 0.037037037037037035
1 0.53359375 0.22268518518518518 0.0067708333333333336 0.03518518518518519
1 0.30234375 0.2865740740740741 0.009375 0.040740740740740744
2 0.4083333333333333 0.016666666666666666 0.005729166666666666 0.024074074074074074
1 0.42890625 0.12175925925925926 0.0067708333333333336 0.032407407407407406
1 0.5205729166666667 0.05 0.005208333333333333 0.025925925925925925
1 0.4493854166666667 0.2896296296296296 0.009385416666666656 0.04170370370370367
1 0.474671875 0.2951851851851852 0.00990624999999999 0.037999999999999964
0 0.2954322916666667 0.14639814814814817 0.0046302083333333854 0.007324074074074097