2 0.472265625 0.3902777777777778 0.02890625 0.13055555555555556
1 0.489453125 0.5847222222222223 0.03203125 0.16111111111111112
1 0.166796875 0.4409722222222222 0.04296875 0.13194444444444445
1 0.396484375 0.4236111111111111 0.03203125 0.12777777777777777
1 0.62578125 0.42916666666666664 0.0265625 0.1361111111111111
1 0.301953125 0.6333333333333333 0.03515625 0.15555555555555556
1 0.13046875 0.3368055555555556 0.025 0.12083333333333333
1 0.46489062499999995 0.2524722222222222 0.029601562500000077 0.10061111111111111
1 0.733203125 0.3798611111111111 0.03515625 0.12638888888888888
1 0.409375 0.25277777777777777 0.0265625 0.10277777777777777
1 0.662109375 0.33541666666666664 0.02421875 0.11805555555555555
1 0.9424921875000001 0.3733055555555555 0.03532812499999984 0.1311666666666667
1 0.429296875 0.4638888888888889 0.03984375 0.14444444444444443
1 0.67109375 0.26319444444444445 0.015625 0.0875
0 0.31015625 0.3 0.0140625 0.019444444444444445