1 0.4700520833333333 0.1962962962962963 0.0067708333333333336 0.032407407407407406
1 0.19427083333333334 0.26342592592592595 0.008854166666666666 0.032407407407407406
1 0.4622395833333333 0.33240740740740743 0.007291666666666667 0.03518518518518519
1 0.41796875 0.22083333333333333 0.00625 0.03333333333333333
1 0.6705729166666666 0.6240740740740741 0.016145833333333335 0.05277777777777778
1 0.30625 0.35185185185185186 0.007291666666666667 0.03518518518518519
1 0.32135416666666666 0.41898148148148145 0.010416666666666666 0.03981481481481482
1 0.3450520833333333 0.2949074074074074 0.0078125 0.040740740740740744
2 0.46953125 0.1037037037037037 0.00625 0.028703703703703703
1 0.5078125 0.13333333333333333 0.005729166666666666 0.026851851851851852
1 0.56640625 0.5319444444444444 0.0109375 0.05
1 0.5338541666666666 0.3453703703703704 0.007291666666666667 0.03518518518518519
2 0.39348958333333334 0.36898148148148147 0.0078125 0.03888888888888889
1 0.47760416666666666 0.8356481481481481 0.013020833333333334 0.05740740740740741
1 0.728125 0.3527777777777778 0.008333333333333333 0.03796296296296296
1 0.38984375 0.29305555555555557 0.007291666666666667 0.03981481481481482
1 0.3572916666666667 0.6162037037037037 0.01875 0.044444444444444446
1 0.26588541666666665 0.48148148148148145 0.009895833333333333 0.03425925925925926
1 0.15092708333333332 0.753962962962963 0.011989583333333324 0.05653703703703699
1 0.29898437499999997 0.4230925925925926 0.00990624999999999 0.037999999999999964
1 0.5646041666666667 0.3633148148148148 0.007296875000000114 0.03707407407407404
1 0.5142916666666667 0.2321666666666667 0.0057343749999999956 0.03614814814814814
0 0.529671875 0.7956666666666667 0.005213541666666662 0.010194444444444437