1 0.9190104166666667 0.2898148148148148 0.010416666666666666 0.02962962962962963
1 0.60546875 0.5351851851851852 0.0125 0.046296296296296294
1 0.6200520833333333 0.2375 0.0078125 0.03333333333333333
1 0.60703125 0.412962962962963 0.009375 0.04259259259259259
1 0.7536458333333333 0.3199074074074074 0.008854166666666666 0.037037037037037035
1 0.8518229166666667 0.38842592592592595 0.013541666666666667 0.03888888888888889
1 0.86640625 0.41203703703703703 0.015104166666666667 0.03981481481481482
1 0.88515625 0.30694444444444446 0.009895833333333333 0.03796296296296296
1 0.7768229166666667 0.41203703703703703 0.011458333333333333 0.041666666666666664
1 0.8919270833333334 0.4083333333333333 0.0140625 0.03981481481481482
1 0.9526041666666667 0.44814814814814813 0.0109375 0.037037037037037035
1 0.915625 0.43194444444444446 0.011458333333333333 0.03981481481481482
1 0.6151041666666667 0.3111111111111111 0.007291666666666667 0.037037037037037035
1 0.7026041666666667 0.26944444444444443 0.008854166666666666 0.03518518518518519
2 0.46796875 0.11527777777777778 0.00625 0.026851851851851852
2 0.7278645833333334 0.33101851851851855 0.009375 0.03796296296296296
1 0.7505208333333333 0.3787037037037037 0.013020833333333334 0.041666666666666664
1 0.9309791666666667 0.4191759259259259 0.010437499999999982 0.03901851851851851
1 0.9386041666666666 0.4296481481481481 0.011239583333333296 0.03901851851851851
1 0.9493125 0.4263148148148148 0.008031250000000038 0.03806481481481483
1 0.698265625 0.31069444444444444 0.008562500000000028 0.03901851851851851