1 0.53359375 0.5333333333333333 0.009895833333333333 0.046296296296296294
1 0.6783854166666666 0.3925925925925926 0.0109375 0.04351851851851852
1 0.4625 0.44351851851851853 0.008854166666666666 0.044444444444444446
1 0.35651041666666666 0.30185185185185187 0.0067708333333333336 0.03796296296296296
1 0.5611979166666666 0.30694444444444446 0.008333333333333333 0.03981481481481482
1 0.31744791666666666 0.4 0.008333333333333333 0.03796296296296296
1 0.38645833333333335 0.262037037037037 0.007291666666666667 0.03425925925925926
2 0.4953125 0.09212962962962963 0.00625 0.028703703703703703
1 0.34479166666666666 0.33055555555555555 0.007291666666666667 0.03888888888888889
2 0.44635416666666666 0.36574074074074076 0.0078125 0.03888888888888889
1 0.5861979166666667 0.22175925925925927 0.008333333333333333 0.03148148148148148
2 0.016145833333333335 0.425 0.011458333333333333 0.037037037037037035
1 0.446875 0.2875 0.008333333333333333 0.037037037037037035
1 0.540625 0.18287037037037038 0.008333333333333333 0.030555555555555555
1 0.549609375 0.22621296296296298 0.008333333333333333 0.03333333333333333
1 0.27713020833333335 0.3941388888888889 0.012572916666666718 0.03521296296296294
1 0.27903125 0.22618518518518516 0.006473958333333366 0.03657407407407405
1 0.3988333333333333 0.26546296296296296 0.009140624999999977 0.03521296296296294
1 0.4155989583333334 0.2316111111111111 0.0076197916666667235 0.03657407407407407
1 0.47445312500000003 0.2234814814814815 0.008760416666666633 0.033861111111111133
1 0.5741145833333333 0.2555648148148148 0.008427083333333248 0.03478703703703708
1 0.561015625 0.22372222222222224 0.00933333333333337 0.03318518518518521
0 0.5524375 0.18946296296296297 0.005416666666666714 0.008564814814814815
1 0.7276510416666666 0.2716203703703704 0.006624999999999896 0.036925925925925925
1 0.5248906249999999 0.18678703703703703 0.00752604166666669 0.01926851851851852