1 0.6322916666666667 0.3347222222222222 0.008854166666666666 0.03796296296296296
1 0.9809895833333333 0.3365740740740741 0.0140625 0.03981481481481482
1 0.7890625 0.4050925925925926 0.011979166666666667 0.046296296296296294
1 0.49505208333333334 0.25277777777777777 0.0067708333333333336 0.03796296296296296
1 0.6869791666666667 0.4185185185185185 0.010416666666666666 0.03981481481481482
1 0.4890625 0.5731481481481482 0.010416666666666666 0.046296296296296294
2 0.5447916666666667 0.3861111111111111 0.007291666666666667 0.03888888888888889
1 0.49166666666666664 0.20879629629629629 0.0067708333333333336 0.03611111111111111
1 0.7057291666666666 0.38796296296296295 0.009895833333333333 0.03981481481481482
1 0.7231770833333333 0.35648148148148145 0.004166666666666667 0.028703703703703703
1 0.71640625 0.4074074074074074 0.009375 0.03796296296296296
1 0.7890625 0.2800925925925926 0.0109375 0.03981481481481482
2 0.47336979166666665 0.11277777777777778 0.005072916666666672 0.02506481481481482
1 0.4745625 0.3408888888888889 0.00557291666666669 0.03732407407407413
1 0.7241614583333333 0.20491666666666666 0.0077135416666666385 0.03199074074074075
0 0.48891666666666667 0.35688888888888887 0.005140624999999943 0.011425925925925956
1 0.7194947916666667 0.37310185185185185 0.007234374999999934 0.03911111111111112
1 0.72846875 0.38519444444444445 0.007234374999999934 0.039629629629629584
1 0.7370104166666667 0.3736203703703704 0.007526041666666572 0.03911111111111112
1 0.7446770833333333 0.3908611111111111 0.007234374999999934 0.03756481481481486
1 0.7523489583333334 0.3980648148148148 0.00579166666666661 0.03550925925925928