1 0.44427083333333334 0.2199074074074074 0.0067708333333333336 0.03425925925925926
1 0.04609375 0.26342592592592595 0.009375 0.03518518518518519
1 0.43307291666666664 0.4685185185185185 0.009375 0.04814814814814815
1 0.6119791666666666 0.43657407407407406 0.009375 0.044444444444444446
1 0.278125 0.25833333333333336 0.009895833333333333 0.03796296296296296
1 0.25807291666666665 0.1625 0.009895833333333333 0.03148148148148148
1 0.2955729166666667 0.5138888888888888 0.0109375 0.049074074074074076
1 0.2421875 0.3625 0.009895833333333333 0.04259259259259259
1 0.40598958333333335 0.2550925925925926 0.007291666666666667 0.03518518518518519
1 0.8783854166666667 0.2967592592592593 0.0109375 0.037037037037037035
1 0.5622395833333333 0.17037037037037037 0.0067708333333333336 0.03333333333333333
1 0.4822916666666667 0.12407407407407407 0.005208333333333333 0.027777777777777776
1 0.5375 0.16805555555555557 0.0067708333333333336 0.03333333333333333
1 0.353125 0.25462962962962965 0.008333333333333333 0.03518518518518519
1 0.5190104166666667 0.21898148148148147 0.0067708333333333336 0.03333333333333333
1 0.346875 0.16018518518518518 0.007291666666666667 0.030555555555555555
1 0.43359375 0.15416666666666667 0.00625 0.028703703703703703
1 0.42067708333333337 0.12197222222222222 0.005729166666666666 0.028481481481481472
2 0.30390625 0.10185185185185185 0.00625 0.028703703703703703
2 0.721875 0.9375 0.019270833333333334 0.04814814814814815
1 0.4328125 0.14305555555555555 0.005729166666666666 0.026851851851851852
1 0.6291666666666667 0.6995370370370371 0.017708333333333333 0.05462962962962963
2 0.5210677083333334 0.24637962962962962 0.006692708333333286 0.03568518518518518
1 0.34779166666666667 0.11175925925925928 0.004578124999999981 0.030675925925925936
0 0.352546875 0.12585185185185185 0.0035208333333333285 0.006259259259259251