1 0.644921875 0.5111111111111111 0.02890625 0.11944444444444445
1 0.444140625 0.5 0.02890625 0.12222222222222222
1 0.47109375 0.49583333333333335 0.028125 0.125
1 0.605859375 0.4444444444444444 0.02421875 0.11388888888888889
1 0.547265625 0.5548611111111111 0.03359375 0.13472222222222222
1 0.559765625 0.5284722222222222 0.02890625 0.1375
1 0.1953125 0.3625 0.0234375 0.11388888888888889
1 0.422265625 0.40625 0.02734375 0.13472222222222222
1 0.504296875 0.44513888888888886 0.03515625 0.10694444444444444
2 0.54453125 0.3486111111111111 0.025 0.09166666666666666
1 0.043703124999999995 0.3482222222222222 0.029773437500000006 0.11744444444444445
1 0.17890625 0.3680555555555556 0.021875 0.11666666666666667
1 0.00703125 0.5638888888888889 0.0140625 0.14444444444444443
1 0.607421875 0.4131944444444444 0.02265625 0.09305555555555556
1 0.510546875 0.4444444444444444 0.03359375 0.1111111111111111
2 0.008203125 0.49375 0.01640625 0.10138888888888889
1 0.4223125 0.41820833333333335 0.01996874999999996 0.12037499999999994
0 0.5694453125 0.4266944444444445 0.010414062499999942 0.020055555555555632