1 0.50703125 0.4736111111111111 0.013020833333333334 0.044444444444444446
1 0.30833333333333335 0.5032407407407408 0.009895833333333333 0.04722222222222222
1 0.5893229166666667 0.6962962962962963 0.016145833333333335 0.04814814814814815
1 0.6770833333333334 0.5300925925925926 0.014583333333333334 0.046296296296296294
1 0.4440104166666667 0.49027777777777776 0.0109375 0.04351851851851852
1 0.62109375 0.6222222222222222 0.010416666666666666 0.049074074074074076
1 0.6369791666666667 0.5393518518518519 0.008854166666666666 0.04351851851851852
1 0.48854166666666665 0.2875 0.009895833333333333 0.037037037037037035
1 0.5796875 0.25092592592592594 0.007291666666666667 0.03425925925925926
1 0.7197916666666667 0.23333333333333334 0.0078125 0.02962962962962963
1 0.37864583333333335 0.18518518518518517 0.0078125 0.03148148148148148
2 0.8809895833333333 0.6800925925925926 0.011458333333333333 0.046296296296296294
1 0.5018229166666667 0.34814814814814815 0.0109375 0.037037037037037035
1 0.553125 0.25925925925925924 0.008333333333333333 0.037037037037037035
2 0.4671875 0.3013888888888889 0.0078125 0.03796296296296296
1 0.5640625 0.2518518518518518 0.0078125 0.03888888888888889
1 0.39817708333333335 0.3416666666666667 0.010416666666666666 0.041666666666666664
1 0.22473958333333333 0.6476851851851851 0.014583333333333334 0.05092592592592592
2 0.17282291666666666 0.1436574074074074 0.010947916666666658 0.029657407407407434
1 0.27447916666666666 0.33179629629629626 0.00781770833333333 0.0444907407407407
1 0.42592708333333335 0.2613611111111111 0.013552083333333324 0.033361111111111084
1 0.5978333333333333 0.32851851851851854 0.010713541666666751 0.032962962962962986
1 0.6509843750000001 0.4167777777777778 0.009062500000000048 0.052740740740740776
1 0.62296875 0.4383888888888889 0.011536458333333381 0.04175000000000003
0 0.4371510416666667 0.5002777777777777 0.004942708333333338 0.0073240740740741495