1 0.44765625 0.5972222222222222 0.034375 0.12222222222222222
1 0.42109375 0.4361111111111111 0.028125 0.10833333333333334
1 0.60703125 0.4791666666666667 0.01875 0.10833333333333334
1 0.861328125 0.33055555555555555 0.03515625 0.08333333333333333
1 0.6984375 0.35347222222222224 0.03125 0.09305555555555556
1 0.328125 0.4284722222222222 0.021875 0.10416666666666667
1 0.525 0.36944444444444446 0.0234375 0.09722222222222222
1 0.796484375 0.3138888888888889 0.02734375 0.08333333333333333
1 0.8859375 0.32916666666666666 0.01875 0.09444444444444444
1 0.626953125 0.34444444444444444 0.02109375 0.09444444444444444
1 0.731640625 0.3597222222222222 0.03046875 0.1
1 0.755859375 0.3333333333333333 0.02265625 0.09722222222222222
1 0.575390625 0.36180555555555555 0.02109375 0.09583333333333334
1 0.589453125 0.36875 0.02421875 0.09583333333333334
1 0.648046875 0.34930555555555554 0.02265625 0.09305555555555556
1 0.601953125 0.3020833333333333 0.02109375 0.07916666666666666
1 0.6621953125 0.3477638888888889 0.02890625 0.09305555555555556
1 0.60234375 0.30416666666666664 0.0203125 0.08055555555555556