1 0.675 0.4395833333333333 0.034375 0.12083333333333333
1 0.7609375 0.4409722222222222 0.0359375 0.11805555555555555
1 0.267578125 0.4986111111111111 0.03828125 0.11944444444444445
1 0.805078125 0.35833333333333334 0.03359375 0.09444444444444444
1 0.52421875 0.4583333333333333 0.0296875 0.12777777777777777
1 0.719921875 0.5701388888888889 0.03671875 0.1486111111111111
1 0.95390625 0.4791666666666667 0.025 0.1388888888888889
1 0.74375 0.3090277777777778 0.025 0.09583333333333334
1 0.8609375 0.4305555555555556 0.025 0.11388888888888889
1 0.83515625 0.31875 0.021875 0.11527777777777778
1 0.459375 0.3645833333333333 0.0421875 0.10694444444444444
1 0.551953125 0.4111111111111111 0.02265625 0.12777777777777777
2 0.55234375 0.41041666666666665 0.021875 0.12638888888888888
1 0.99609375 0.42916666666666664 0.0078125 0.09722222222222222
0 0.39375 0.39166666666666666 0.0125 0.019444444444444445