1 0.54609375 0.5393518518518519 0.011458333333333333 0.040740740740740744
1 0.34427083333333336 0.29259259259259257 0.011458333333333333 0.03333333333333333
1 0.6325520833333333 0.4101851851851852 0.0125 0.03333333333333333
1 0.22083333333333333 0.4148148148148148 0.009375 0.03981481481481482
1 0.6041666666666666 0.21944444444444444 0.007291666666666667 0.032407407407407406
1 0.55625 0.2796296296296296 0.0078125 0.03518518518518519
1 0.6463541666666667 0.3037037037037037 0.008854166666666666 0.030555555555555555
1 0.28802083333333334 0.2587962962962963 0.008333333333333333 0.03518518518518519
1 0.5192708333333333 0.30462962962962964 0.008854166666666666 0.03611111111111111
1 0.38229166666666664 0.33101851851851855 0.008333333333333333 0.03888888888888889
1 0.75390625 0.5064814814814815 0.011979166666666667 0.041666666666666664
1 0.3221354166666667 0.4949074074074074 0.010416666666666666 0.04259259259259259
1 0.5197916666666667 0.5972222222222222 0.016666666666666666 0.03425925925925926
1 0.7533854166666667 0.5745370370370371 0.015104166666666667 0.04259259259259259
1 0.47682291666666665 0.31527777777777777 0.0109375 0.03518518518518519
1 0.5348958333333333 0.4300925925925926 0.008854166666666666 0.03981481481481482
1 0.7130208333333333 0.37083333333333335 0.008854166666666666 0.03888888888888889
2 0.9393229166666667 0.6916666666666667 0.015104166666666667 0.03981481481481482
1 0.5778645833333333 0.2152777777777778 0.008333333333333333 0.03148148148148148
1 0.7473958333333334 0.24814814814814815 0.008333333333333333 0.028703703703703703
1 0.42678125 0.3279444444444444 0.010286458333333333 0.03885185185185189
1 0.2748802083333333 0.34355555555555556 0.009854166666666704 0.04113888888888884
1 0.70359375 0.3648888888888889 0.0077135416666666385 0.028944444444444436
0 0.74815625 0.5861851851851853 0.006854166666666591 0.012953703703703712
2 0.18746875 0.15273148148148147 0.009854166666666645 0.0312314814814815