1 0.7377604166666667 0.25046296296296294 0.0067708333333333336 0.03611111111111111
1 0.58359375 0.6138888888888889 0.009895833333333333 0.05
1 0.5627604166666667 0.3523148148148148 0.008333333333333333 0.044444444444444446
1 0.5466145833333333 0.6606481481481481 0.009895833333333333 0.05092592592592592
1 0.5559895833333334 0.4666666666666667 0.0078125 0.04814814814814815
1 0.3645833333333333 0.24768518518518517 0.007291666666666667 0.03518518518518519
1 0.44244791666666666 0.27824074074074073 0.009375 0.03611111111111111
1 0.44375 0.37037037037037035 0.0078125 0.03981481481481482
1 0.38958333333333334 0.3814814814814815 0.0078125 0.040740740740740744
1 0.52109375 0.37037037037037035 0.0078125 0.041666666666666664
1 0.6036458333333333 0.46296296296296297 0.0078125 0.04351851851851852
1 0.5049479166666667 0.18333333333333332 0.00625 0.03148148148148148
2 0.8466145833333333 0.7388888888888889 0.0140625 0.04814814814814815
1 0.48359375 0.33194444444444443 0.007291666666666667 0.041666666666666664
1 0.49140625 0.2902777777777778 0.007291666666666667 0.02962962962962963
1 0.24713541666666666 0.27314814814814814 0.008854166666666666 0.03611111111111111
1 0.5666666666666667 0.27870370370370373 0.0067708333333333336 0.03796296296296296
1 0.221875 0.5745370370370371 0.009895833333333333 0.044444444444444446
1 0.55859375 0.2800925925925926 0.0067708333333333336 0.03888888888888889
1 0.3494479166666667 0.44615740740740745 0.011124999999999947 0.04531481481481486
1 0.42360416666666667 0.34193518518518523 0.00927083333333331 0.04119444444444445
2 0.50934375 0.3027962962962963 0.01019791666666663 0.03872222222222227
0 0.43495833333333334 0.2925 0.006953124999999952 0.009888888888888843
1 0.4379739583333333 0.1371851851851852 0.00834374999999999 0.028833333333333322
2 0.20345833333333332 0.14048148148148148 0.00834374999999999 0.028833333333333322