1 0.080859375 0.5166666666666667 0.02578125 0.10833333333333334
1 0.76640625 0.6541666666666667 0.025 0.13333333333333333
2 0.64765625 0.4076388888888889 0.0203125 0.09583333333333334
1 0.60859375 0.28194444444444444 0.0234375 0.07222222222222222
1 0.7875 0.4423611111111111 0.028125 0.09583333333333334
1 0.84296875 0.4444444444444444 0.01875 0.09722222222222222
1 0.3625 0.5090277777777777 0.0265625 0.10416666666666667
1 0.69453125 0.4375 0.0234375 0.1
1 0.06953125 0.2625 0.01875 0.08055555555555556
1 0.523046875 0.27569444444444446 0.01796875 0.06805555555555555
1 0.03828125 0.6333333333333333 0.01875 0.12222222222222222
1 0.469140625 0.3486111111111111 0.03046875 0.08611111111111111
1 0.327734375 0.3590277777777778 0.01953125 0.0875
1 0.496875 0.24791666666666667 0.0171875 0.07083333333333333
1 0.403125 0.29097222222222224 0.01875 0.07361111111111111
1 0.43671875 0.375 0.025 0.08611111111111111
1 0.63671875 0.18888888888888888 0.0140625 0.05
1 0.341015625 0.4076388888888889 0.01484375 0.0763888888888889
1 0.342578125 0.4847222222222222 0.02109375 0.10555555555555556
1 0.433203125 0.33194444444444443 0.01953125 0.06666666666666667
1 0.43203125 0.34930555555555554 0.0234375 0.09027777777777778
0 0.678125 0.6875 0.0109375 0.022222222222222223
2 0.63628125 0.15740277777777778 0.01389062499999998 0.043208333333333314