1 0.7075520833333333 0.3902777777777778 0.008333333333333333 0.041666666666666664
1 0.58203125 0.25092592592592594 0.007291666666666667 0.03518518518518519
1 0.5466145833333333 0.5263888888888889 0.008854166666666666 0.03796296296296296
1 0.74140625 0.2675925925925926 0.0078125 0.032407407407407406
1 0.31875 0.4013888888888889 0.008333333333333333 0.03611111111111111
1 0.2796875 0.23194444444444445 0.0078125 0.03611111111111111
1 0.48203125 0.21388888888888888 0.0078125 0.03425925925925926
1 0.5627604166666667 0.30185185185185187 0.008854166666666666 0.03796296296296296
1 0.5369791666666667 0.18009259259259258 0.0078125 0.032407407407407406
1 0.4127604166666667 0.2574074074074074 0.0078125 0.032407407407407406
1 0.56171875 0.20787037037037037 0.0078125 0.03148148148148148
1 0.42135416666666664 0.22453703703703703 0.008854166666666666 0.03333333333333333
1 0.5684895833333333 0.22268518518518518 0.0078125 0.03148148148148148
1 0.37838541666666664 0.3013888888888889 0.0078125 0.03611111111111111
1 0.5145833333333333 0.19537037037037036 0.008333333333333333 0.03425925925925926
1 0.359375 0.325 0.0078125 0.03518518518518519
1 0.3216875 0.3690555555555555 0.006338541666666705 0.03380555555555555
2 0.450640625 0.35497222222222224 0.00752604166666669 0.03380555555555555
1 0.47381770833333337 0.4222314814814815 0.007130208333333362 0.03874074074074077
1 0.46074479166666665 0.28277777777777774 0.00792187500000002 0.03028703703703707
1 0.40052604166666667 0.26235185185185184 0.005546875000000047 0.03169444444444446
1 0.5247239583333333 0.18347222222222223 0.005942708333333376 0.027472222222222238
2 0.512046875 0.09895370370370371 0.005151041666666719 0.027472222222222238
0 0.6992395833333334 0.25354629629629627 0.007130208333333362 0.014083333333333368