1 0.86796875 0.24861111111111112 0.0203125 0.11388888888888889
1 0.205078125 0.28402777777777777 0.02109375 0.1125
1 0.383203125 0.3451388888888889 0.02109375 0.12361111111111112
1 0.51640625 0.3902777777777778 0.0296875 0.1388888888888889
1 0.518359375 0.5270833333333333 0.03984375 0.1375
1 0.466796875 0.21319444444444444 0.02265625 0.10694444444444444
1 0.309375 0.2673611111111111 0.025 0.10138888888888889
1 0.61015625 0.26944444444444443 0.028125 0.10833333333333334
1 0.375 0.26805555555555555 0.0171875 0.09444444444444444
2 0.51484375 0.13819444444444445 0.0234375 0.09027777777777778
1 0.665234375 0.3402777777777778 0.02734375 0.11666666666666667
1 0.65546875 0.2708333333333333 0.03125 0.06944444444444445
2 0.641015625 0.3548611111111111 0.02890625 0.12916666666666668
1 0.38758593750000003 0.22352777777777777 0.022218750000000044 0.11929166666666664
0 0.6731796875 0.317125 0.013023437500000058 0.0231527777777778