1 0.39479166666666665 0.26944444444444443 0.009375 0.03333333333333333
1 0.37057291666666664 0.32916666666666666 0.008333333333333333 0.03611111111111111
1 0.69296875 0.28703703703703703 0.008854166666666666 0.03425925925925926
1 0.2716145833333333 0.2050925925925926 0.010416666666666666 0.032407407407407406
1 0.66328125 0.25555555555555554 0.0078125 0.03148148148148148
1 0.19140625 0.2875 0.0109375 0.03981481481481482
1 0.46484375 0.48518518518518516 0.013020833333333334 0.046296296296296294
1 0.32135416666666666 0.18287037037037038 0.010416666666666666 0.030555555555555555
1 0.2828125 0.44814814814814813 0.0140625 0.04259259259259259
1 0.27890625 0.3638888888888889 0.011979166666666667 0.044444444444444446
1 0.2390625 0.30092592592592593 0.0109375 0.03611111111111111
1 0.5338541666666666 0.13148148148148148 0.0067708333333333336 0.028703703703703703
2 0.26865625000000004 0.3898888888888889 0.013541666666666667 0.04259259259259259
1 0.3504375 0.20519444444444446 0.007473958333333286 0.03572222222222221
2 0.07802083333333334 0.12502777777777777 0.011666666666666655 0.028648148148148145
1 0.42682291666666666 0.31666666666666665 0.0109375 0.037037037037037035
1 0.4242135416666667 0.18739814814814815 0.010286458333333333 0.03809259259259258
1 0.5780416666666667 0.14016666666666666 0.005140624999999943 0.03961111111111108
1 0.6256041666666667 0.22548148148148148 0.0077135416666666385 0.03503703703703701
1 0.7483697916666666 0.2433888888888889 0.011567708333333352 0.04341666666666665