1 0.61796875 0.4550925925925926 0.011458333333333333 0.04814814814814815
1 0.4708333333333333 0.5847222222222223 0.013020833333333334 0.04722222222222222
1 0.48125 0.24722222222222223 0.009895833333333333 0.030555555555555555
1 0.6611979166666667 0.3300925925925926 0.008333333333333333 0.041666666666666664
1 0.27838541666666666 0.5046296296296297 0.010416666666666666 0.046296296296296294
1 0.7174479166666666 0.34444444444444444 0.008333333333333333 0.040740740740740744
1 0.6408854166666667 0.3060185185185185 0.008333333333333333 0.037037037037037035
1 0.30833333333333335 0.30648148148148147 0.008854166666666666 0.03425925925925926
1 0.06536458333333334 0.4393518518518518 0.011979166666666667 0.03518518518518519
1 0.4578125 0.2111111111111111 0.0078125 0.030555555555555555
1 0.453125 0.6138888888888889 0.010416666666666666 0.05092592592592592
1 0.3359375 0.2490740740740741 0.0067708333333333336 0.032407407407407406
1 0.61015625 0.21296296296296297 0.0078125 0.032407407407407406
1 0.13359375 0.34305555555555556 0.0078125 0.03333333333333333
1 0.25494791666666666 0.2722222222222222 0.00625 0.03611111111111111
1 0.26394270833333333 0.2810185185185185 0.00625 0.03333333333333333
2 0.45390625 0.3851851851851852 0.008333333333333333 0.03796296296296296
0 0.34961458333333334 0.25493518518518515 0.007692708333333324 0.0371203703703704
0 0.2617083333333333 0.22693518518518518 0.007692708333333324 0.03190740740740739
1 0.2582291666666667 0.25525925925925924 0.006593749999999983 0.02213888888888886
1 0.4735989583333333 0.38190740740740736 0.008791666666666724 0.046231481481481436
1 0.447046875 0.07650925925925925 0.005494791666666643 0.02669444444444443
0 0.45693750000000005 0.14260185185185184 0.005494791666666643 0.007814814814814813