1 0.27890625 0.32314814814814813 0.009895833333333333 0.03333333333333333
1 0.6122395833333333 0.3509259259259259 0.0067708333333333336 0.03888888888888889
1 0.41848958333333336 0.20555555555555555 0.007291666666666667 0.02962962962962963
1 0.31145833333333334 0.4425925925925926 0.009895833333333333 0.044444444444444446
1 0.5447916666666667 0.2518518518518518 0.007291666666666667 0.03796296296296296
1 0.50390625 0.4930555555555556 0.008854166666666666 0.03888888888888889
1 0.3921875 0.25092592592592594 0.008854166666666666 0.037037037037037035
1 0.66328125 0.26851851851851855 0.0067708333333333336 0.030555555555555555
1 0.23984375 0.33796296296296297 0.010416666666666666 0.03888888888888889
2 0.43802083333333336 0.3101851851851852 0.008333333333333333 0.03981481481481482
1 0.24791666666666667 0.4648148148148148 0.011979166666666667 0.046296296296296294
1 0.7411458333333333 0.3013888888888889 0.007291666666666667 0.032407407407407406
1 0.7106770833333333 0.24537037037037038 0.007291666666666667 0.028703703703703703
1 0.503125 0.5120370370370371 0.009375 0.044444444444444446
1 0.43623958333333335 0.3571666666666667 0.006593750000000042 0.03581481481481477
1 0.44521354166666666 0.34576851851851853 0.011354166666666643 0.037768518518518486
1 0.3758020833333333 0.22855555555555557 0.008791666666666724 0.033861111111111106
1 0.5534479166666666 0.20739814814814816 0.008057291666666562 0.030601851851851863
1 0.633484375 0.26469444444444445 0.006229166666666686 0.03190740740740744
1 0.647765625 0.28521296296296295 0.007692708333333324 0.033861111111111154
1 0.67340625 0.21162962962962964 0.006229166666666686 0.033861111111111106
1 0.7356770833333334 0.27479629629629626 0.009890624999999886 0.03125925925925925
2 0.12471875 0.17450925925925925 0.009890625000000005 0.03125925925925925
2 0.9904218749999999 0.5424166666666667 0.013916666666666562 0.04558333333333335