1 0.453515625 0.5534722222222223 0.05390625 0.14305555555555555
1 0.159765625 0.3402777777777778 0.03671875 0.12777777777777777
1 0.366796875 0.2326388888888889 0.02109375 0.10972222222222222
1 0.620703125 0.22152777777777777 0.03046875 0.09583333333333334
1 0.968359375 0.3506944444444444 0.03046875 0.12916666666666668
1 0.847265625 0.53125 0.02890625 0.15416666666666667
1 0.856640625 0.3159722222222222 0.02578125 0.11805555555555555
1 0.885546875 0.16041666666666668 0.01953125 0.09305555555555556
1 0.586328125 0.41458333333333336 0.02421875 0.12638888888888888
1 0.721875 0.42430555555555555 0.03125 0.12083333333333333
1 0.75 0.34305555555555556 0.021875 0.12777777777777777
1 0.442578125 0.40625 0.03046875 0.1125
1 0.41953125 0.41458333333333336 0.025 0.12916666666666668
2 0.862109375 0.2722222222222222 0.02109375 0.08055555555555556
0 0.421484375 0.49166666666666664 0.01015625 0.022222222222222223