1 0.6127604166666667 0.4671296296296296 0.009895833333333333 0.04722222222222222
1 0.3455729166666667 0.2865740740740741 0.0078125 0.03611111111111111
1 0.71875 0.26805555555555555 0.008333333333333333 0.03518518518518519
1 0.32083333333333336 0.5972222222222222 0.015104166666666667 0.04537037037037037
1 0.6322916666666667 0.29305555555555557 0.008854166666666666 0.03611111111111111
1 0.3932291666666667 0.2671296296296296 0.008333333333333333 0.03425925925925926
1 0.5361979166666667 0.16620370370370371 0.0078125 0.03333333333333333
1 0.30520833333333336 0.337037037037037 0.008854166666666666 0.03611111111111111
2 0.4674479166666667 0.3060185185185185 0.008333333333333333 0.03518518518518519
1 0.4666666666666667 0.1310185185185185 0.007291666666666667 0.025925925925925925
1 0.39140625 0.22037037037037038 0.008333333333333333 0.03425925925925926
1 0.4356770833333333 0.21574074074074073 0.007291666666666667 0.03518518518518519
1 0.2716145833333333 0.38472222222222224 0.009895833333333333 0.03796296296296296
2 0.44479166666666664 0.08611111111111111 0.00625 0.026851851851851852
1 0.33880208333333334 0.42777777777777776 0.009895833333333333 0.040740740740740744
1 0.5091145833333334 0.1736111111111111 0.0078125 0.03148148148148148
1 0.51875 0.10046296296296296 0.00625 0.025
1 0.20677083333333332 0.22962962962962963 0.0067708333333333336 0.030555555555555555
1 0.5088541666666667 0.1597222222222222 0.0078125 0.032407407407407406
1 0.3776041666666667 0.24583333333333332 0.0109375 0.032407407407407406
1 0.40093229166666666 0.20180555555555554 0.009520833333333319 0.033861111111111106
1 0.5856822916666666 0.14864814814814814 0.008000000000000066 0.02912037037037036
1 0.6022552083333333 0.13442592592592592 0.009140625000000095 0.02640740740740739
0 0.59215625 0.1391666666666667 0.0026666666666666098 0.008805555555555547