1 0.7057291666666666 0.7222222222222222 0.015104166666666667 0.05
1 0.7875 0.45046296296296295 0.011979166666666667 0.04814814814814815
1 0.18203125 0.3958333333333333 0.010416666666666666 0.04537037037037037
1 0.46927083333333336 0.25324074074074077 0.007291666666666667 0.03425925925925926
1 0.35442708333333334 0.19907407407407407 0.0078125 0.032407407407407406
1 0.2674479166666667 0.9254629629629629 0.014583333333333334 0.062037037037037036
1 0.3609375 0.3939814814814815 0.008854166666666666 0.041666666666666664
1 0.2955729166666667 0.3023148148148148 0.007291666666666667 0.03796296296296296
1 0.5091145833333334 0.4013888888888889 0.011458333333333333 0.03981481481481482
1 0.20625 0.30185185185185187 0.008333333333333333 0.041666666666666664
1 0.2140625 0.3351851851851852 0.009375 0.03611111111111111
1 0.4708333333333333 0.11203703703703703 0.00625 0.024074074074074074
1 0.3223958333333333 0.41574074074074074 0.009895833333333333 0.044444444444444446
2 0.9856770833333334 0.763425925925926 0.022395833333333334 0.046296296296296294
1 0.41015625 0.19907407407407407 0.007291666666666667 0.030555555555555555
1 0.22265625 0.6185185185185185 0.011458333333333333 0.058333333333333334
2 0.37161458333333336 0.2726851851851852 0.008333333333333333 0.03333333333333333
1 0.42239583333333336 0.6027777777777777 0.0125 0.05648148148148148
1 0.251125 0.2010648148148148 0.007828124999999986 0.027101851851851835
1 0.222078125 0.2083888888888889 0.011536458333333322 0.03442592592592593
2 0.20188541666666668 0.12562037037037035 0.009062499999999989 0.03149999999999999
1 0.4521875 0.16150925925925927 0.006182291666666609 0.027101851851851835
1 0.6013385416666667 0.17469444444444443 0.007828125000000104 0.030027777777777785
1 0.7997239583333333 0.23549074074074078 0.007416666666666553 0.03588888888888891
0 0.7791197916666667 0.49441666666666667 0.007416666666666553 0.016111111111111194