1 0.8630208333333333 0.29583333333333334 0.008333333333333333 0.04259259259259259
1 0.6627604166666666 0.5703703703703704 0.009375 0.05
1 0.51875 0.17222222222222222 0.00625 0.03148148148148148
1 0.3880208333333333 0.20416666666666666 0.007291666666666667 0.032407407407407406
1 0.38958333333333334 0.41759259259259257 0.008854166666666666 0.04537037037037037
1 0.7028645833333333 0.3888888888888889 0.0109375 0.040740740740740744
1 0.3463541666666667 0.2884259259259259 0.008333333333333333 0.037037037037037035
1 0.6049479166666667 0.23055555555555557 0.008333333333333333 0.03888888888888889
2 0.8872395833333333 0.9421296296296297 0.019791666666666666 0.05
1 0.61328125 0.16898148148148148 0.0067708333333333336 0.03333333333333333
1 0.49609375 0.2125 0.007291666666666667 0.03333333333333333
1 0.022395833333333334 0.3226851851851852 0.009375 0.03888888888888889
1 0.5455729166666666 0.23194444444444445 0.007291666666666667 0.03796296296296296
1 0.4947916666666667 0.18009259259259258 0.007291666666666667 0.030555555555555555
1 0.3572916666666667 0.14629629629629629 0.00625 0.028703703703703703
1 0.42161458333333335 0.24675925925925926 0.007291666666666667 0.037037037037037035
1 0.45390625 0.15925925925925927 0.00625 0.02962962962962963
1 0.4825520833333333 0.15231481481481482 0.005729166666666666 0.025925925925925925
1 0.49375 0.14166666666666666 0.00625 0.025925925925925925
1 0.50121875 0.40872222222222226 0.01030208333333332 0.041018518518518475
2 0.450953125 0.25050925925925926 0.005354166666666652 0.03223148148148151
1 0.5011510416666667 0.13750925925925925 0.007760416666666714 0.021888888888888878
1 0.4741197916666666 0.1272777777777778 0.005619791666666648 0.024268518518518512
1 0.577828125 0.1601111111111111 0.0069583333333334 0.03283333333333331
2 0.34083854166666666 0.11728703703703702 0.0061562499999999664 0.029972222222222213