1 0.21979166666666666 0.1986111111111111 0.009375 0.02962962962962963
1 0.7072916666666667 0.524074074074074 0.013020833333333334 0.05185185185185185
1 0.5216145833333333 0.17916666666666667 0.009375 0.026851851851851852
1 0.1953125 0.3648148148148148 0.011458333333333333 0.037037037037037035
1 0.51875 0.2611111111111111 0.011458333333333333 0.032407407407407406
1 0.39479166666666665 0.12916666666666668 0.008333333333333333 0.027777777777777776
1 0.4075520833333333 0.5574074074074075 0.013541666666666667 0.05555555555555555
1 0.528125 0.33194444444444443 0.0125 0.03888888888888889
1 0.30572916666666666 0.3925925925925926 0.0125 0.03796296296296296
1 0.26614583333333336 0.23472222222222222 0.009375 0.037037037037037035
1 0.04401041666666667 0.5324074074074074 0.015104166666666667 0.046296296296296294
1 0.7640625 0.35509259259259257 0.010416666666666666 0.04537037037037037
2 0.4669270833333333 0.28564814814814815 0.008333333333333333 0.03611111111111111
1 0.22421875 0.4 0.015104166666666667 0.041666666666666664
1 0.20598958333333334 0.3439814814814815 0.010416666666666666 0.03611111111111111
1 0.6630208333333333 0.5143518518518518 0.0125 0.05277777777777778
1 0.7088541666666667 0.4930555555555556 0.010416666666666666 0.03333333333333333
1 0.271875 0.3763888888888889 0.014583333333333334 0.03425925925925926
1 0.28880208333333335 0.2722222222222222 0.011979166666666667 0.03518518518518519
1 0.4236979166666667 0.5365740740740741 0.015625 0.04722222222222222
2 0.45546875 0.012962962962962963 0.0067708333333333336 0.021296296296296296
2 0.71690625 0.9458148148148149 0.012348958333333352 0.05
1 0.34258333333333335 0.4494444444444444 0.014140625000000047 0.03503703703703707
0 0.3661510416666667 0.33175000000000004 0.00557291666666669 0.011425925925925956
1 0.281734375 0.28528703703703706 0.01328125 0.03580555555555552
1 0.27359374999999997 0.20149074074074075 0.007286458333333338 0.03275925925925925
1 0.7269427083333333 0.3184166666666667 0.008140625000000058 0.04113888888888884