1 0.38177083333333334 0.31342592592592594 0.0067708333333333336 0.037037037037037035
1 0.5875 0.6060185185185185 0.010416666666666666 0.05092592592592592
1 0.6861979166666666 0.8189814814814815 0.015104166666666667 0.046296296296296294
1 0.5440104166666667 0.4060185185185185 0.007291666666666667 0.04537037037037037
1 0.31588541666666664 0.8180555555555555 0.0140625 0.05925925925925926
1 0.4127604166666667 0.624537037037037 0.013541666666666667 0.04814814814814815
1 0.3875 0.19722222222222222 0.00625 0.032407407407407406
1 0.32109375 0.3625 0.008333333333333333 0.04259259259259259
1 0.834375 0.5601851851851852 0.009895833333333333 0.05
1 0.43020833333333336 0.2777777777777778 0.0067708333333333336 0.03611111111111111
1 0.7158854166666667 0.31805555555555554 0.009895833333333333 0.03611111111111111
2 0.38255208333333335 0.4861111111111111 0.0078125 0.044444444444444446
1 0.2875 0.9027777777777778 0.014583333333333334 0.05740740740740741
1 0.3536458333333333 0.26481481481481484 0.008333333333333333 0.03425925925925926
1 0.43984375 0.3527777777777778 0.0067708333333333336 0.044444444444444446
2 0.9229166666666667 0.961574074074074 0.021875 0.04537037037037037
1 0.5388020833333333 0.16805555555555557 0.00625 0.030555555555555555
1 0.5989583333333334 0.8106481481481481 0.0140625 0.06018518518518518
1 0.9911458333333333 0.3962962962962963 0.011458333333333333 0.040740740740740744
2 0.3072916666666667 0.12361111111111112 0.00625 0.026851851851851852
1 0.24895833333333334 0.4444444444444444 0.0125 0.044444444444444446
1 0.459375 0.39814814814814814 0.0078125 0.041666666666666664
1 0.42682291666666666 0.5773148148148148 0.010416666666666666 0.05
1 0.2747395833333333 0.4703611111111111 0.00834374999999999 0.045416666666666626
0 0.702234375 0.5713796296296296 0.00521354166666678 0.01389814814814814