1 0.41380208333333335 0.20555555555555555 0.0067708333333333336 0.03333333333333333
1 0.2565104166666667 0.36712962962962964 0.009375 0.04259259259259259
1 0.24296875 0.1587962962962963 0.0078125 0.03333333333333333
1 0.4546875 0.2 0.005729166666666666 0.03333333333333333
1 0.2833333333333333 0.2550925925925926 0.008333333333333333 0.040740740740740744
1 0.5877604166666667 0.16944444444444445 0.0067708333333333336 0.03518518518518519
1 0.4588541666666667 0.4166666666666667 0.008333333333333333 0.04722222222222222
1 0.6408854166666667 0.6226851851851852 0.011458333333333333 0.04722222222222222
1 0.8643229166666667 0.2847222222222222 0.009375 0.03981481481481482
1 0.33489583333333334 0.4842592592592593 0.009895833333333333 0.049074074074074076
1 0.040625 0.2712962962962963 0.008854166666666666 0.03518518518518519
1 0.5611979166666666 0.2273148148148148 0.007291666666666667 0.037037037037037035
2 0.7604166666666666 0.9375 0.0203125 0.04814814814814815
2 0.48946875 0.24051851851851852 0.005942708333333376 0.033101851851851855
1 0.5516666666666666 0.16902777777777778 0.008317708333333229 0.03521296296296294
1 0.4472760416666667 0.1552962962962963 0.005546875000000047 0.028879629629629627
1 0.42172395833333337 0.15072222222222223 0.005942708333333376 0.030990740740740715
1 0.42072916666666665 0.11656481481481482 0.006338541666666705 0.03450925925925927
1 0.49125 0.12078703703703703 0.00792187500000002 0.030287037037037032
1 0.313171875 0.11092592592592594 0.00990624999999999 0.02887962962962964
1 0.3228802083333333 0.16480555555555557 0.008713541666666677 0.02817592592592593
1 0.3504114583333333 0.22889814814814816 0.009109375000000005 0.03521296296296299
2 0.27593229166666666 0.10106481481481482 0.008317708333333347 0.030287037037037043
0 0.352390625 0.12360185185185187 0.006734375000000033 0.011972222222222228
1 0.6505104166666666 0.4278611111111111 0.01267708333333341 0.041555555555555554