1 0.45234375 0.84375 0.04375 0.1625
1 0.453515625 0.5534722222222223 0.03515625 0.12083333333333333
1 0.692578125 0.49722222222222223 0.02421875 0.13055555555555556
1 0.0640625 0.5069444444444444 0.0359375 0.12777777777777777
1 0.288671875 0.3958333333333333 0.03046875 0.1111111111111111
1 0.94453125 0.2652777777777778 0.021875 0.08333333333333333
1 0.186328125 0.27569444444444446 0.02265625 0.08472222222222223
1 0.7203125 0.6805555555555556 0.025 0.14166666666666666
1 0.8734375 0.21041666666666667 0.0171875 0.06527777777777778
1 0.751953125 0.5236111111111111 0.02421875 0.12222222222222222
1 0.35546875 0.5888888888888889 0.040625 0.1361111111111111
1 0.874609375 0.3798611111111111 0.02109375 0.10138888888888889
1 0.5984375 0.36319444444444443 0.01875 0.10138888888888889
1 0.611328125 0.32708333333333334 0.01640625 0.0875
2 0.275390625 0.15416666666666667 0.01796875 0.06944444444444445
1 0.858203125 0.3194444444444444 0.01953125 0.09444444444444444
0 0.253515625 0.6111111111111112 0.01484375 0.022222222222222223
2 0.8647109374999999 0.34876388888888893 0.02265625 0.08858333333333329