1 0.1203125 0.2439814814814815 0.009375 0.03611111111111111
1 0.9533854166666667 0.3314814814814815 0.013020833333333334 0.037037037037037035
1 0.7408854166666666 0.46064814814814814 0.011979166666666667 0.040740740740740744
1 0.48333333333333334 0.4708333333333333 0.009895833333333333 0.04351851851851852
1 0.32057291666666665 0.3013888888888889 0.009375 0.03981481481481482
1 0.33567708333333335 0.44166666666666665 0.014583333333333334 0.04537037037037037
1 0.56796875 0.19583333333333333 0.007291666666666667 0.032407407407407406
1 0.45338541666666665 0.2972222222222222 0.009895833333333333 0.03888888888888889
1 0.3419270833333333 0.2337962962962963 0.009895833333333333 0.037037037037037035
2 0.5559895833333334 0.26342592592592595 0.008333333333333333 0.03148148148148148
1 0.46770833333333334 0.11018518518518519 0.005208333333333333 0.023148148148148147
1 0.62890625 0.18101851851851852 0.0078125 0.032407407407407406
1 0.6721354166666667 0.6046296296296296 0.015104166666666667 0.05555555555555555
1 0.5291666666666667 0.14814814814814814 0.00625 0.028703703703703703
1 0.428125 0.16712962962962963 0.007291666666666667 0.032407407407407406
1 0.7213541666666666 0.26944444444444443 0.009375 0.032407407407407406
2 0.3703125 0.09490740740740741 0.00625 0.025925925925925925
1 0.5263385416666667 0.2797962962962963 0.007250000000000038 0.03730555555555552
1 0.4977239583333333 0.16957407407407407 0.008010416666666723 0.031203703703703692
1 0.5522812500000001 0.14277777777777775 0.008010416666666723 0.029166666666666667
1 0.4996302083333333 0.12175000000000001 0.008010416666666723 0.026453703703703698
1 0.52309375 0.12107407407407407 0.00763020833333338 0.02781481481481482
1 0.40977604166666665 0.10547222222222222 0.005343749999999995 0.022379629629629645