1 0.4627604166666667 0.4787037037037037 0.013020833333333334 0.04814814814814815
1 0.44609375 0.2898148148148148 0.009895833333333333 0.037037037037037035
1 0.23098958333333333 0.3013888888888889 0.0109375 0.041666666666666664
1 0.41015625 0.25787037037037036 0.008333333333333333 0.03888888888888889
1 0.44635416666666666 0.17453703703703705 0.008854166666666666 0.030555555555555555
1 0.5547604166666668 0.1472037037037037 0.006630208333333343 0.032453703703703714
1 0.35911458333333335 0.3347222222222222 0.010416666666666666 0.03796296296296296
1 0.2872395833333333 0.1962962962962963 0.0078125 0.03333333333333333
1 0.18984375 0.26481481481481484 0.011458333333333333 0.041666666666666664
1 0.7177083333333333 0.22916666666666666 0.009895833333333333 0.032407407407407406
1 0.6359375 0.17824074074074073 0.007291666666666667 0.030555555555555555
1 0.30963541666666666 0.43472222222222223 0.0171875 0.046296296296296294
1 0.340625 0.20185185185185187 0.008854166666666666 0.03425925925925926
1 0.6888020833333334 0.25 0.008854166666666666 0.026851851851851852
1 0.7143229166666667 0.2689814814814815 0.009895833333333333 0.03148148148148148
1 0.26796875 0.36574074074074076 0.0140625 0.04351851851851852
2 0.28229166666666666 0.37453703703703706 0.010416666666666666 0.03796296296296296
1 0.29928645833333334 0.3339814814814815 0.00976041666666667 0.04530555555555551
1 0.3760052083333333 0.16000925925925927 0.0070468749999999854 0.028916666666666684
1 0.5511250000000001 0.13767592592592592 0.004578124999999981 0.023185185185185204
1 0.7716666666666666 0.19197222222222224 0.007776041666666581 0.03578703703703701
2 0.102671875 0.10764814814814816 0.01111458333333332 0.02391666666666668