1 0.5549479166666667 0.42268518518518516 0.008854166666666666 0.040740740740740744
1 0.5692708333333333 0.3365740740740741 0.008854166666666666 0.03611111111111111
1 0.3453125 0.425 0.008854166666666666 0.044444444444444446
1 0.4921875 0.5069444444444444 0.009375 0.044444444444444446
1 0.66875 0.26851851851851855 0.007291666666666667 0.032407407407407406
1 0.5377604166666666 0.2712962962962963 0.008333333333333333 0.037037037037037035
1 0.3104166666666667 0.3111111111111111 0.009375 0.032407407407407406
1 0.4393229166666667 0.24166666666666667 0.0078125 0.03425925925925926
1 0.66328125 0.21898148148148147 0.0067708333333333336 0.032407407407407406
1 0.6861979166666666 0.3574074074074074 0.0078125 0.03425925925925926
1 0.4203125 0.2462962962962963 0.008854166666666666 0.030555555555555555
1 0.36692708333333335 0.39814814814814814 0.0078125 0.03888888888888889
1 0.6161458333333333 0.24583333333333332 0.007291666666666667 0.03611111111111111
1 0.6791666666666667 0.26851851851851855 0.007291666666666667 0.032407407407407406
1 0.7578125 0.2462962962962963 0.008854166666666666 0.03425925925925926
1 0.7171875 0.32685185185185184 0.008333333333333333 0.037037037037037035
1 0.365625 0.2351851851851852 0.008333333333333333 0.03425925925925926
1 0.63515625 0.2898148148148148 0.007291666666666667 0.03518518518518519
2 0.9778645833333334 0.6069444444444444 0.016145833333333335 0.032407407407407406
1 0.3484375 0.3287037037037037 0.011458333333333333 0.03888888888888889
2 0.15833333333333333 0.16018518518518518 0.0078125 0.027777777777777776
2 0.45203645833333334 0.2970462962962963 0.004515625000000038 0.03425000000000001
1 0.48560416666666667 0.3232685185185185 0.007828124999999986 0.022481481481481456