1 0.9177083333333333 0.31203703703703706 0.0125 0.041666666666666664
1 0.9580729166666667 0.29212962962962963 0.011979166666666667 0.03611111111111111
1 0.578125 0.5439814814814815 0.011979166666666667 0.04722222222222222
1 0.6700520833333333 0.32592592592592595 0.007291666666666667 0.03796296296296296
1 0.6072916666666667 0.39305555555555555 0.009375 0.04259259259259259
1 0.8848958333333333 0.4444444444444444 0.011458333333333333 0.04259259259259259
1 0.6041666666666666 0.23564814814814813 0.007291666666666667 0.032407407407407406
1 0.6893229166666667 0.29768518518518516 0.008854166666666666 0.03981481481481482
1 0.9427083333333334 0.4587962962962963 0.014583333333333334 0.040740740740740744
1 0.8495416666666666 0.40005555555555555 0.00859375 0.037842592592592594
1 0.7341145833333333 0.30462962962962964 0.008854166666666666 0.03981481481481482
1 0.9104166666666667 0.4310185185185185 0.015625 0.04259259259259259
1 0.8620104166666667 0.40567592592592594 0.007223958333333277 0.04652777777777778
2 0.510078125 0.11097222222222222 0.006593750000000042 0.02710185185185185
0 0.5926302083333332 0.232712962962963 0.004557291666666667 0.009259259259259285
2 0.7505572916666666 0.35485185185185186 0.009770833333333447 0.034731481481481474
1 0.825125 0.3788796296296296 0.006510416666666667 0.0353148148148148
1 0.8526406249999999 0.4121666666666667 0.010744791666666724 0.04399074074074073
1 0.929328125 0.44052777777777774 0.009770833333333447 0.0382037037037037
1 0.9516302083333333 0.44313888888888886 0.005536458333333391 0.04341666666666665
1 0.9446302083333333 0.42374074074074075 0.009770833333333447 0.032416666666666656
1 0.9405572916666666 0.43705555555555553 0.008791666666666724 0.03125925925925925