1 0.496875 0.4638888888888889 0.028125 0.12222222222222222
1 0.830859375 0.7027777777777777 0.03515625 0.1527777777777778
1 0.08828125 0.6486111111111111 0.0390625 0.15833333333333333
1 0.76015625 0.51875 0.0265625 0.12916666666666668
1 0.893359375 0.29444444444444445 0.01796875 0.09166666666666666
1 0.56171875 0.3416666666666667 0.0234375 0.09444444444444444
1 0.729296875 0.2423611111111111 0.01640625 0.0875
1 0.81015625 0.45416666666666666 0.021875 0.11666666666666667
1 0.21171875 0.3090277777777778 0.01875 0.09305555555555556
1 0.9640625 0.43125 0.025 0.10972222222222222
1 0.29140625 0.4305555555555556 0.021875 0.1111111111111111
1 0.7859375 0.5479166666666667 0.025 0.13472222222222222
1 0.170703125 0.21875 0.01953125 0.08194444444444444
1 0.712109375 0.3861111111111111 0.02109375 0.10833333333333334
1 0.725 0.9708333333333333 0.0265625 0.058333333333333334
1 0.582421875 0.22291666666666668 0.01328125 0.07083333333333333
1 0.699609375 0.3611111111111111 0.02421875 0.10277777777777777
2 0.84375 0.55 0.0296875 0.13333333333333333
1 0.589453125 0.22083333333333333 0.01953125 0.06944444444444445
1 0.844140625 0.5451388888888888 0.02890625 0.12361111111111112
1 0.705859375 0.3763888888888889 0.02890625 0.12222222222222222
0 0.313671875 0.4652777777777778 0.01015625 0.019444444444444445