1 0.583984375 0.6694444444444444 0.02890625 0.15555555555555556
1 0.752734375 0.5465277777777777 0.02265625 0.14305555555555555
1 0.945703125 0.44375 0.04609375 0.10972222222222222
1 0.830859375 0.4166666666666667 0.03984375 0.11944444444444445
1 0.5015625 0.6916666666666667 0.040625 0.16666666666666666
1 0.937109375 0.8381944444444445 0.03671875 0.18194444444444444
1 0.4515625 0.40208333333333335 0.0328125 0.08472222222222223
1 0.396875 0.5083333333333333 0.028125 0.08055555555555556
1 0.9046875 0.3861111111111111 0.01875 0.11388888888888889
1 0.37421875 0.5031666666666667 0.0203125 0.1368888888888888
1 0.9046875 0.3875 0.01875 0.1111111111111111