1 0.60703125 0.31851851851851853 0.009895833333333333 0.03425925925925926
1 0.6817708333333333 0.37222222222222223 0.016666666666666666 0.03425925925925926
1 0.3421875 0.5458333333333333 0.0171875 0.044444444444444446
1 0.7791666666666667 0.5078703703703704 0.014583333333333334 0.040740740740740744
1 0.66796875 0.2351851851851852 0.010416666666666666 0.030555555555555555
1 0.38333333333333336 0.4324074074074074 0.0125 0.041666666666666664
1 0.5661458333333333 0.3800925925925926 0.011979166666666667 0.03333333333333333
1 0.20807291666666666 0.3726851851851852 0.014583333333333334 0.03981481481481482
1 0.921875 0.3384259259259259 0.0109375 0.03148148148148148
1 0.7286458333333333 0.6037037037037037 0.021354166666666667 0.044444444444444446
1 0.51171875 0.3773148148148148 0.014583333333333334 0.03611111111111111
1 0.25234375 0.3388888888888889 0.0109375 0.037037037037037035
2 0.9278645833333333 0.9361111111111111 0.021354166666666667 0.04814814814814815
1 0.37265625 0.2833333333333333 0.009375 0.03425925925925926
1 0.4356770833333333 0.28703703703703703 0.008854166666666666 0.032407407407407406
1 0.6096354166666667 0.19537037037037036 0.011979166666666667 0.028703703703703703
2 0.4588541666666667 0.3333333333333333 0.0078125 0.032407407407407406
1 0.36432291666666666 0.1986111111111111 0.0067708333333333336 0.028703703703703703
1 0.33880208333333334 0.5060185185185185 0.015104166666666667 0.03796296296296296
1 0.5466145833333333 0.26990740740740743 0.008854166666666666 0.03148148148148148
2 0.29634895833333336 0.12596296296296294 0.0098020833333333 0.025351851851851848
1 0.6265625 0.39255555555555555 0.009802083333333418 0.043574074074074126
1 0.500671875 0.26619444444444446 0.010250000000000033 0.03486111111111109
0 0.629015625 0.40800925925925924 0.006682291666666629 0.014259259259259239
1 0.5514739583333333 0.27965740740740735 0.007578125000000094 0.03168518518518521