1 0.4578125 0.8756944444444444 0.03125 0.18472222222222223
1 0.341015625 0.4986111111111111 0.04140625 0.1361111111111111
1 0.08515625 0.29305555555555557 0.021875 0.09166666666666666
1 0.827734375 0.5979166666666667 0.02265625 0.1486111111111111
1 0.655859375 0.33541666666666664 0.01953125 0.1125
1 0.4125 0.3784722222222222 0.0265625 0.10972222222222222
1 0.01484375 0.3819444444444444 0.0265625 0.10833333333333334
2 0.469140625 0.23541666666666666 0.01796875 0.08472222222222223
1 0.469140625 0.23472222222222222 0.01796875 0.08611111111111111
1 0.9875 0.30277777777777776 0.0171875 0.09722222222222222
0 0.410546875 0.42569444444444443 0.00859375 0.020833333333333332