1 0.10963541666666667 0.4027777777777778 0.011458333333333333 0.04351851851851852
1 0.16302083333333334 0.21574074074074073 0.008854166666666666 0.03518518518518519
1 0.21197916666666666 0.15648148148148147 0.0067708333333333336 0.025925925925925925
1 0.3416666666666667 0.2162037037037037 0.008333333333333333 0.03148148148148148
1 0.07395833333333333 0.42592592592592593 0.014583333333333334 0.04537037037037037
1 0.46328125 0.11990740740740741 0.00625 0.026851851851851852
1 0.7111979166666667 0.31296296296296294 0.009895833333333333 0.03611111111111111
2 0.23151041666666666 0.38842592592592595 0.008854166666666666 0.03888888888888889
1 0.18489583333333334 0.8282407407407407 0.020833333333333332 0.05185185185185185
1 0.48880208333333336 0.2222222222222222 0.007291666666666667 0.03148148148148148
1 0.13463541666666667 0.6180555555555556 0.014583333333333334 0.05277777777777778
1 0.33697916666666666 0.3476851851851852 0.010416666666666666 0.03796296296296296
1 0.7393229166666667 0.5851851851851851 0.013541666666666667 0.046296296296296294
1 0.5328125 0.1425925925925926 0.0067708333333333336 0.027777777777777776
1 0.609375 0.2689814814814815 0.008333333333333333 0.032407407407407406
1 0.53359375 0.23425925925925925 0.007291666666666667 0.032407407407407406
1 0.33229166666666665 0.2199074074074074 0.008333333333333333 0.02962962962962963
1 0.50078125 0.45787037037037037 0.0125 0.041666666666666664
1 0.3507239583333333 0.34394444444444444 0.007286458333333338 0.04189814814814815
1 0.49984375000000003 0.10207407407407407 0.006427083333333291 0.02742592592592593
1 0.6251770833333333 0.13825925925925925 0.0077135416666666385 0.029712962962962993
1 0.7254427083333332 0.20300925925925925 0.005140624999999943 0.03732407407407408
1 0.5962552083333333 0.1424537037037037 0.006427083333333409 0.010666666666666649
2 0.012213541666666668 0.18053703703703702 0.009000000000000003 0.030472222222222244