1 0.580859375 0.5791666666666667 0.04140625 0.13055555555555556
1 0.68125 0.59375 0.0265625 0.14305555555555555
1 0.973046875 0.51875 0.03984375 0.12083333333333333
1 0.92265625 0.7270833333333333 0.0390625 0.15138888888888888
1 0.573046875 0.20625 0.01640625 0.07083333333333333
1 0.307421875 0.41944444444444445 0.02265625 0.10555555555555556
1 0.6375 0.2638888888888889 0.0140625 0.08055555555555556
1 0.39296875 0.7083333333333334 0.04375 0.15
1 0.253515625 0.3159722222222222 0.02109375 0.09027777777777778
1 0.125390625 0.30694444444444446 0.01484375 0.08611111111111111
1 0.691796875 0.34444444444444444 0.01640625 0.09166666666666666
1 0.91171875 0.6243055555555556 0.03125 0.11805555555555555
1 0.415625 0.5534722222222223 0.021875 0.12638888888888888
1 0.500390625 0.33541666666666664 0.02265625 0.0875
1 0.387109375 0.7118055555555556 0.03203125 0.1486111111111111
1 0.429296875 0.4888888888888889 0.01796875 0.11666666666666667
1 0.283203125 0.2833333333333333 0.01640625 0.08888888888888889
1 0.18125 0.1527777777777778 0.0140625 0.05555555555555555
2 0.283203125 0.2833333333333333 0.01640625 0.08888888888888889
1 0.4015625 0.7048611111111112 0.028125 0.1486111111111111
1 0.959765625 0.12986111111111112 0.01484375 0.059722222222222225
0 0.40390625 0.7548611111111111 0.009375 0.02361111111111111