1 0.94375 0.6381944444444444 0.05 0.16805555555555557
1 0.628125 0.5868055555555556 0.0296875 0.1486111111111111
1 0.849609375 0.6680555555555555 0.03359375 0.15
1 0.20859375 0.3638888888888889 0.0265625 0.11666666666666667
1 0.73984375 0.30069444444444443 0.025 0.10416666666666667
1 0.06640625 0.6347222222222222 0.0421875 0.14722222222222223
1 0.337109375 0.2152777777777778 0.01953125 0.09166666666666666
1 0.634765625 0.15069444444444444 0.02265625 0.08472222222222223
1 0.873046875 0.18333333333333332 0.01640625 0.08333333333333333
1 0.458203125 0.6805555555555556 0.03359375 0.15833333333333333
1 0.516015625 0.5125 0.05234375 0.12222222222222222
1 0.952734375 0.26180555555555557 0.02109375 0.10138888888888889
1 0.98125 0.23680555555555555 0.021875 0.10138888888888889
2 0.5515625 0.3145833333333333 0.0234375 0.10972222222222222
1 0.058203125 0.1736111111111111 0.01640625 0.08055555555555556
1 0.99609375 0.4041666666666667 0.0078125 0.1111111111111111
0 0.553515625 0.4013888888888889 0.01171875 0.025