1 0.6200520833333333 0.5648148148148148 0.013541666666666667 0.046296296296296294
1 0.38333333333333336 0.42453703703703705 0.016145833333333335 0.040740740740740744
1 0.4627604166666667 0.2652777777777778 0.008333333333333333 0.03611111111111111
1 0.41354166666666664 0.28888888888888886 0.0078125 0.03518518518518519
1 0.28541666666666665 0.375 0.015104166666666667 0.04259259259259259
1 0.61796875 0.7148148148148148 0.015104166666666667 0.05648148148148148
1 0.53203125 0.19027777777777777 0.007291666666666667 0.028703703703703703
2 0.5684895833333333 0.2851851851851852 0.0078125 0.032407407407407406
1 0.6611979166666667 0.20416666666666666 0.007291666666666667 0.030555555555555555
1 0.45598958333333334 0.13657407407407407 0.0067708333333333336 0.02962962962962963
1 0.3455729166666667 0.5745370370370371 0.015625 0.04722222222222222
1 0.23854166666666668 0.16620370370370371 0.008333333333333333 0.02962962962962963
1 0.63828125 0.2916666666666667 0.008854166666666666 0.03518518518518519
1 0.6283854166666667 0.2902777777777778 0.008333333333333333 0.03518518518518519
2 0.37890625 0.08935185185185185 0.0067708333333333336 0.02962962962962963
1 0.5011822916666666 0.17510185185185187 0.007807291666666672 0.030546296296296304
1 0.6848958333333334 0.21342592592592594 0.0078125 0.03425925925925926
1 0.3651041666666667 0.19444444444444445 0.009895833333333333 0.03148148148148148
1 0.2515625 0.19537037037037036 0.010416666666666666 0.03148148148148148
1 0.34713541666666664 0.14351851851851852 0.0078125 0.028703703703703703
2 0.6370677083333334 0.9810185185185185 0.01772395833333344 0.03612037037037057
1 0.4995052083333333 0.1400925925925926 0.0078125 0.025472222222222212
1 0.360140625 0.19218518518518518 0.005208333333333333 0.03125925925925925
1 0.3487395833333334 0.10303703703703704 0.006510416666666667 0.02778703703703703
0 0.253984375 0.17135185185185187 0.005859375 0.006944444444444444