1 0.6825520833333333 0.26944444444444443 0.009375 0.030555555555555555
1 0.8005208333333333 0.5504629629629629 0.018229166666666668 0.03888888888888889
1 0.18333333333333332 0.2662037037037037 0.008854166666666666 0.03148148148148148
1 0.35859375 0.41712962962962963 0.009895833333333333 0.03611111111111111
1 0.3140625 0.49212962962962964 0.016145833333333335 0.03981481481481482
1 0.5328125 0.24861111111111112 0.008854166666666666 0.03148148148148148
1 0.5799479166666667 0.20555555555555555 0.008854166666666666 0.028703703703703703
1 0.51484375 0.3912037037037037 0.0125 0.03518518518518519
1 0.5567708333333333 0.21574074074074073 0.008333333333333333 0.030555555555555555
1 0.78828125 0.30833333333333335 0.011458333333333333 0.037037037037037035
1 0.3268229166666667 0.3050925925925926 0.013020833333333334 0.03333333333333333
1 0.6177083333333333 0.21203703703703702 0.008854166666666666 0.030555555555555555
1 0.646875 0.39351851851851855 0.011458333333333333 0.037037037037037035
1 0.44296875 0.3458333333333333 0.008854166666666666 0.03611111111111111
1 0.7755208333333333 0.3787037037037037 0.015625 0.03888888888888889
1 0.7388020833333333 0.30277777777777776 0.011458333333333333 0.03796296296296296
1 0.4591145833333333 0.1476851851851852 0.007291666666666667 0.025
2 0.5197916666666667 0.3449074074074074 0.011458333333333333 0.040740740740740744
1 0.42630208333333336 0.24259259259259258 0.011979166666666667 0.03425925925925926
1 0.6966145833333334 0.5981481481481481 0.015625 0.04351851851851852
1 0.2981770833333333 0.2962962962962963 0.0109375 0.03425925925925926
1 0.5228645833333333 0.37050925925925926 0.006229166666666686 0.03125925925925925
2 0.423421875 0.09995370370370371 0.010989583333333285 0.026694444444444455
0 0.6224947916666667 0.22921296296296298 0.0054947916666667615 0.011722222222222245