1 0.6125 0.6680555555555555 0.0375 0.1527777777777778
1 0.931640625 0.50625 0.03828125 0.14027777777777778
1 0.576953125 0.45555555555555555 0.02890625 0.125
1 0.47265625 0.46597222222222223 0.0296875 0.13194444444444445
1 0.463671875 0.33611111111111114 0.03203125 0.09444444444444444
2 0.51171875 0.18958333333333333 0.01875 0.08194444444444444
1 0.3953125 0.33819444444444446 0.028125 0.10138888888888889
1 0.371484375 0.9763888888888889 0.02578125 0.04722222222222222
1 0.731640625 0.41458333333333336 0.01953125 0.09861111111111111
1 0.72734375 0.37916666666666665 0.0203125 0.08888888888888889
0 0.40546875 0.37916666666666665 0.009375 0.019444444444444445