1 0.6877604166666667 0.29305555555555557 0.008854166666666666 0.03333333333333333
1 0.42083333333333334 0.32407407407407407 0.008333333333333333 0.03796296296296296
1 0.75703125 0.2439814814814815 0.009895833333333333 0.03425925925925926
1 0.41796875 0.1935185185185185 0.007291666666666667 0.03611111111111111
2 0.25807291666666665 0.39537037037037037 0.0125 0.03981481481481482
1 0.46536458333333336 0.48703703703703705 0.013541666666666667 0.049074074074074076
1 0.27109375 0.37037037037037035 0.013541666666666667 0.049074074074074076
1 0.18802083333333333 0.29768518518518516 0.0109375 0.03796296296296296
1 0.30807291666666664 0.18796296296296297 0.0109375 0.03333333333333333
1 0.3875 0.27175925925925926 0.008333333333333333 0.03796296296296296
1 0.58359375 0.13564814814814816 0.007291666666666667 0.030555555555555555
1 0.6546875 0.25555555555555554 0.008333333333333333 0.02962962962962963
1 0.2734375 0.4537037037037037 0.0125 0.041666666666666664
1 0.23776041666666667 0.3013888888888889 0.0109375 0.03796296296296296
1 0.3528645833333333 0.20601851851851852 0.008854166666666666 0.03333333333333333
1 0.2640625 0.20833333333333334 0.009375 0.032407407407407406
1 0.621875 0.2351851851851852 0.008333333333333333 0.03333333333333333
1 0.5278645833333333 0.13287037037037036 0.0078125 0.03148148148148148
1 0.3765625 0.3263888888888889 0.010416666666666666 0.03796296296296296
2 0.07219270833333334 0.12596296296296294 0.01069270833333332 0.02851851851851853
1 0.7488906249999999 0.1917222222222222 0.00579166666666661 0.04119444444444445