1 0.66953125 0.4111111111111111 0.0515625 0.11944444444444445
1 0.069140625 0.4409722222222222 0.04609375 0.12083333333333333
1 0.517578125 0.3486111111111111 0.02109375 0.1111111111111111
1 0.739453125 0.5534722222222223 0.04921875 0.13194444444444445
1 0.565625 0.47430555555555554 0.0328125 0.1375
1 0.47109375 0.34791666666666665 0.0296875 0.10972222222222222
1 0.01640625 0.42777777777777776 0.0328125 0.11944444444444445
1 0.32734375 0.38680555555555557 0.0453125 0.1125
1 0.21015625 0.2881944444444444 0.040625 0.09583333333333334
0 0.223046875 0.325 0.00703125 0.022222222222222223
0 0.7278671875 0.5864166666666667 0.013023437500000058 0.03394444444444452