1 0.913671875 0.6423611111111112 0.04140625 0.1486111111111111
1 0.73046875 0.4979166666666667 0.0375 0.12916666666666668
1 0.585546875 0.5034722222222222 0.02890625 0.12361111111111112
1 0.183984375 0.40694444444444444 0.04140625 0.1111111111111111
1 0.8828125 0.4777777777777778 0.0453125 0.11666666666666667
1 0.478515625 0.9229166666666667 0.03203125 0.15416666666666667
1 0.028515625 0.6909722222222222 0.04140625 0.1486111111111111
1 0.328125 0.3840277777777778 0.01875 0.10416666666666667
1 0.748828125 0.2833333333333333 0.01953125 0.08888888888888889
1 0.9484375 0.8263888888888888 0.065625 0.15833333333333333
1 0.665234375 0.21597222222222223 0.02109375 0.0763888888888889
1 0.01328125 0.38333333333333336 0.025 0.1111111111111111
2 0.526171875 0.4395833333333333 0.02421875 0.11527777777777778
1 0.733984375 0.3715277777777778 0.02265625 0.10972222222222222
1 0.490234375 0.4 0.03359375 0.09722222222222222
1 0.544921875 0.3909722222222222 0.02578125 0.09305555555555556
1 0.505859375 0.38125 0.01953125 0.09305555555555556
1 0.495703125 0.39652777777777776 0.03671875 0.09583333333333334
1 0.52421875 0.4375 0.0265625 0.11388888888888889
0 0.65703125 0.24444444444444444 0.0078125 0.022222222222222223