1 0.7091145833333333 0.4824074074074074 0.011458333333333333 0.041666666666666664
1 0.51953125 0.24861111111111112 0.0078125 0.03425925925925926
1 0.3703125 0.23148148148148148 0.0067708333333333336 0.037037037037037035
1 0.8651041666666667 0.30324074074074076 0.010416666666666666 0.03796296296296296
1 0.3841145833333333 0.5342592592592592 0.009375 0.04814814814814815
1 0.6833333333333333 0.5962962962962963 0.010416666666666666 0.053703703703703705
1 0.05651041666666667 0.3037037037037037 0.010416666666666666 0.046296296296296294
1 0.5083333333333333 0.5083333333333333 0.009375 0.04537037037037037
2 0.8111979166666666 0.9467592592592593 0.0203125 0.049074074074074076
1 0.4546041666666667 0.17564814814814814 0.005583333333333347 0.02443518518518517
1 0.4166666666666667 0.30648148148148147 0.0067708333333333336 0.037037037037037035
1 0.5924479166666666 0.20601851851851852 0.007291666666666667 0.03333333333333333
1 0.4166666666666667 0.18009259259259258 0.0067708333333333336 0.028703703703703703
1 0.2794270833333333 0.19722222222222222 0.0078125 0.03333333333333333
1 0.259375 0.18009259259259258 0.008854166666666666 0.03148148148148148
1 0.5554375 0.25677777777777777 0.009895833333333333 0.037037037037037035
1 0.5302083333333333 0.13796296296296295 0.0067708333333333336 0.025925925925925925
1 0.4114583333333333 0.16064814814814815 0.0067708333333333336 0.026851851851851852
1 0.3385416666666667 0.28194444444444444 0.008333333333333333 0.03888888888888889
1 0.53125 0.10462962962962963 0.005729166666666666 0.021296296296296296
2 0.29583333333333334 0.11527777777777778 0.00625 0.026851851851851852
1 0.5998125000000001 0.2074814814814815 0.005562499999999915 0.03359259259259262
1 0.4516354166666667 0.28982407407407407 0.00792187500000002 0.033101851851851855
1 0.458765625 0.18487962962962962 0.006338541666666705 0.03028703703703702
1 0.5029375 0.11867592592592592 0.005942708333333376 0.027472222222222238
2 0.5621666666666666 0.2510833333333333 0.007130208333333362 0.03450925925925924