1 0.5872395833333334 0.625462962962963 0.008854166666666666 0.05
1 0.5671875 0.37592592592592594 0.009895833333333333 0.044444444444444446
1 0.4197916666666667 0.3486111111111111 0.009375 0.03981481481481482
1 0.25807291666666665 0.28703703703703703 0.008854166666666666 0.03796296296296296
1 0.51171875 0.2013888888888889 0.0067708333333333336 0.03333333333333333
1 0.3640625 0.26805555555555555 0.007291666666666667 0.037037037037037035
1 0.5171875 0.29768518518518516 0.0078125 0.03333333333333333
1 0.5463541666666667 0.6800925925925926 0.009895833333333333 0.05185185185185185
1 0.3411458333333333 0.4648148148148148 0.009375 0.04537037037037037
1 0.609375 0.475462962962963 0.008854166666666666 0.04351851851851852
1 0.43828125 0.4050925925925926 0.008854166666666666 0.03981481481481482
1 0.5669270833333333 0.2773148148148148 0.008333333333333333 0.03796296296296296
1 0.5213541666666667 0.3925925925925926 0.007291666666666667 0.04259259259259259
2 0.8484375 0.7194444444444444 0.015104166666666667 0.04537037037037037
2 0.49140625 0.3037037037037037 0.007291666666666667 0.03796296296296296
1 0.3770833333333333 0.4050925925925926 0.009895833333333333 0.040740740740740744
1 0.20104166666666667 0.6074074074074074 0.011979166666666667 0.05092592592592592
1 0.553125 0.2759259259259259 0.008333333333333333 0.03796296296296296
1 0.45286458333333335 0.27685185185185185 0.008854166666666666 0.037037037037037035
1 0.4513020833333333 0.3625 0.011458333333333333 0.041666666666666664
1 0.5479010416666666 0.48349999999999993 0.008713541666666677 0.044370370370370386
1 0.724 0.24403703703703705 0.006734374999999915 0.03591666666666666
1 0.423703125 0.14755555555555558 0.008317708333333347 0.026055555555555544
2 0.18818229166666667 0.14437962962962964 0.008713541666666677 0.02817592592592593
0 0.38166666666666665 0.4141388888888889 0.004395833333333362 0.011722222222222193