1 0.4192708333333333 0.19490740740740742 0.007291666666666667 0.030555555555555555
1 0.39505208333333336 0.3537037037037037 0.009895833333333333 0.03425925925925926
1 0.6684895833333333 0.2337962962962963 0.010416666666666666 0.03518518518518519
1 0.2520833333333333 0.6060185185185185 0.017708333333333333 0.05092592592592592
1 0.25859375 0.33194444444444443 0.011458333333333333 0.040740740740740744
1 0.52109375 0.3453703703703704 0.010416666666666666 0.03888888888888889
1 0.6294270833333333 0.2513888888888889 0.009895833333333333 0.03333333333333333
1 0.63671875 0.38842592592592595 0.013541666666666667 0.041666666666666664
1 0.8950520833333333 0.28425925925925927 0.011979166666666667 0.037037037037037035
1 0.39557291666666666 0.287962962962963 0.009895833333333333 0.03518518518518519
1 0.5307291666666667 0.28564814814814815 0.008333333333333333 0.03333333333333333
1 0.19661458333333334 0.43657407407407406 0.0140625 0.046296296296296294
1 0.47161458333333334 0.20092592592592592 0.008333333333333333 0.03148148148148148
1 0.2791666666666667 0.25277777777777777 0.0125 0.037037037037037035
1 0.4895833333333333 0.47638888888888886 0.016145833333333335 0.04722222222222222
1 0.58359375 0.15694444444444444 0.0078125 0.025925925925925925
1 0.4791666666666667 0.29814814814814816 0.008333333333333333 0.03518518518518519
1 0.3953125 0.330037037037037 0.010416666666666666 0.02581481481481481
1 0.4153645833333333 0.6782407407407407 0.015104166666666667 0.040740740740740744
1 0.39036458333333335 0.19027777777777777 0.008854166666666666 0.028703703703703703
2 0.92734375 0.9268518518518518 0.0234375 0.049074074074074076
1 0.004427083333333333 0.35 0.008854166666666666 0.025
1 0.5010104166666667 0.2713796296296296 0.009062500000000048 0.032962962962962986
2 0.552515625 0.2695462962962963 0.007416666666666553 0.03955555555555558
0 0.4472447916666667 0.3358425925925926 0.007828124999999986 0.009518518518518494
2 0.309421875 0.10803703703703704 0.011536458333333381 0.025638888888888888