1 0.475390625 0.3951388888888889 0.03828125 0.12638888888888888
1 0.899609375 0.2701388888888889 0.02890625 0.1125
1 0.597265625 0.32430555555555557 0.02890625 0.12361111111111112
2 0.741015625 0.46944444444444444 0.03828125 0.13333333333333333
1 0.709765625 0.6527777777777778 0.03984375 0.1527777777777778
1 0.326171875 0.30069444444444443 0.03515625 0.10416666666666667
1 0.6875 0.26319444444444445 0.0359375 0.09027777777777778
1 0.640625 0.23541666666666666 0.0296875 0.09027777777777778
1 0.249609375 0.28125 0.02109375 0.09583333333333334
1 0.763671875 0.39305555555555555 0.02109375 0.11388888888888889
2 0.4078125 0.20416666666666666 0.0265625 0.08888888888888889
1 0.2536484375 0.3580972222222222 0.04271093749999997 0.12176388888888887
1 0.0313359375 0.4262361111111111 0.031421875 0.15247222222222218
1 0.0046875 0.41875 0.009375 0.1125
0 0.653515625 0.26913888888888887 0.01015625 0.022222222222222223