1 0.7427083333333333 0.26481481481481484 0.009895833333333333 0.03981481481481482
1 0.6078125 0.6185185185185185 0.0109375 0.04722222222222222
1 0.6625 0.33240740740740743 0.008333333333333333 0.041666666666666664
1 0.7700520833333333 0.38981481481481484 0.009375 0.04814814814814815
1 0.6177083333333333 0.31157407407407406 0.008333333333333333 0.04537037037037037
1 0.48880208333333336 0.5583333333333333 0.009895833333333333 0.05185185185185185
1 0.6565104166666667 0.3902777777777778 0.010416666666666666 0.03981481481481482
1 0.6174479166666667 0.35509259259259257 0.007291666666666667 0.041666666666666664
1 0.6359375 0.34120370370370373 0.008333333333333333 0.03981481481481482
1 0.6091145833333333 0.40324074074074073 0.007291666666666667 0.03796296296296296
1 0.4908854166666667 0.24074074074074073 0.0067708333333333336 0.04259259259259259
1 0.6528645833333333 0.1712962962962963 0.008333333333333333 0.032407407407407406
2 0.4549479166666667 0.10416666666666667 0.005208333333333333 0.026851851851851852
1 0.6307291666666667 0.4 0.010416666666666666 0.041666666666666664
1 0.6455729166666667 0.36203703703703705 0.007291666666666667 0.04259259259259259
2 0.47541666666666665 0.3888888888888889 0.007286458333333338 0.03732407407407402
1 0.47241666666666665 0.3279444444444444 0.009854166666666704 0.04341666666666665
0 0.4876302083333333 0.34317592592592594 0.005140624999999943 0.00990740740740745
1 0.4897708333333333 0.19844444444444445 0.009427083333333286 0.03580555555555557
1 0.6216510416666666 0.32755555555555554 0.0060781250000000375 0.03550925925925928