1 0.74375 0.3236111111111111 0.0234375 0.1361111111111111
1 0.16328125 0.6118055555555556 0.034375 0.1625
1 0.166796875 0.3402777777777778 0.03515625 0.13333333333333333
1 0.27734375 0.2923611111111111 0.028125 0.11805555555555555
1 0.44765625 0.38055555555555554 0.03125 0.125
1 0.827734375 0.5680555555555555 0.02265625 0.15555555555555556
1 0.80390625 0.3326388888888889 0.0234375 0.12361111111111112
1 0.835546875 0.23055555555555557 0.02109375 0.08611111111111111
1 0.329296875 0.17222222222222222 0.01796875 0.1
1 0.991796875 0.28125 0.01640625 0.12638888888888888
1 0.26484375 0.23055555555555557 0.025 0.08611111111111111
1 0.196484375 0.47638888888888886 0.03828125 0.14722222222222223
1 0.525 0.43472222222222223 0.0234375 0.1388888888888889
1 0.51484375 0.38263888888888886 0.028125 0.09583333333333334
2 0.32725781249999997 0.10733333333333334 0.02170312499999998 0.10293055555555558
2 0.840234375 0.32083333333333336 0.03359375 0.11944444444444445
0 0.51328125 0.2923611111111111 0.0109375 0.02638888888888889
1 0.48359375 0.4534722222222222 0.0453125 0.1375