1 0.8921875 0.31157407407407406 0.009895833333333333 0.040740740740740744
1 0.07942708333333333 0.325 0.009895833333333333 0.03796296296296296
1 0.5463541666666667 0.5453703703703704 0.011458333333333333 0.049074074074074076
1 0.45546875 0.2518518518518518 0.008333333333333333 0.03333333333333333
1 0.31145833333333334 0.37777777777777777 0.008333333333333333 0.041666666666666664
1 0.33880208333333334 0.2162037037037037 0.007291666666666667 0.03611111111111111
2 0.871875 0.9430555555555555 0.0234375 0.05
1 0.5963541666666666 0.2875 0.009375 0.03888888888888889
1 0.7330729166666666 0.5324074074074074 0.010416666666666666 0.05
1 0.4388020833333333 0.2050925925925926 0.0078125 0.03148148148148148
1 0.48932291666666666 0.20185185185185187 0.0067708333333333336 0.030555555555555555
1 0.5377604166666666 0.26990740740740743 0.0078125 0.037037037037037035
1 0.61328125 0.2013888888888889 0.0078125 0.03148148148148148
1 0.43307291666666664 0.6398148148148148 0.008333333333333333 0.05462962962962963
1 0.33880208333333334 0.36157407407407405 0.009375 0.04351851851851852
2 0.5619791666666667 0.2537037037037037 0.007291666666666667 0.03611111111111111
1 0.72578125 0.6898148148148148 0.013541666666666667 0.053703703703703705
1 0.45807291666666666 0.15694444444444444 0.005729166666666666 0.026851851851851852
1 0.278125 0.21666666666666667 0.0078125 0.03518518518518519
1 0.40260416666666665 0.2689814814814815 0.008854166666666666 0.03425925925925926
2 0.32736979166666663 0.12009259259259258 0.00841145833333338 0.02639814814814814
1 0.440453125 0.14780555555555555 0.009895833333333333 0.02199074074074074
0 0.43859895833333334 0.1574814814814815 0.004208333333333296 0.0052777777777777675
1 0.5656614583333333 0.1447314814814815 0.0049479166666666664 0.02815740740740743
1 0.6230677083333334 0.20367592592592593 0.006432291666666619 0.03431481481481482