1 0.48072916666666665 0.32685185185185184 0.007291666666666667 0.03333333333333333
1 0.5190104166666667 0.47962962962962963 0.008854166666666666 0.04814814814814815
1 0.7203125 0.24814814814814815 0.007291666666666667 0.03425925925925926
1 0.6690104166666667 0.5731481481481482 0.009895833333333333 0.053703703703703705
1 0.3328125 0.2986111111111111 0.0078125 0.040740740740740744
1 0.4166666666666667 0.18009259259259258 0.007291666666666667 0.032407407407407406
1 0.246875 0.38425925925925924 0.009375 0.03796296296296296
1 0.4578125 0.14166666666666666 0.005729166666666666 0.026851851851851852
1 0.5885416666666666 0.2513888888888889 0.0067708333333333336 0.03425925925925926
1 0.21328125 0.24074074074074073 0.008854166666666666 0.03333333333333333
1 0.49114583333333334 0.2537037037037037 0.007291666666666667 0.03518518518518519
1 0.5838541666666667 0.28564814814814815 0.0067708333333333336 0.037037037037037035
1 0.3796875 0.12407407407407407 0.005729166666666666 0.023148148148148147
1 0.43515625 0.3587962962962963 0.007291666666666667 0.04259259259259259
1 0.47942708333333334 0.26944444444444443 0.007291666666666667 0.03333333333333333
2 0.8731770833333333 0.7217592592592592 0.015104166666666667 0.03981481481481482
1 0.46640625 0.27361111111111114 0.007291666666666667 0.03611111111111111
2 0.20390625 0.14629629629629629 0.0078125 0.026851851851851852
1 0.47578125 0.5671296296296297 0.013020833333333334 0.04722222222222222
1 0.6769427083333334 0.45010185185185186 0.009062500000000048 0.049074074074074076
1 0.29871354166666664 0.3614722222222222 0.010713541666666633 0.046148148148148174
1 0.34980208333333335 0.2831018518518518 0.005765624999999967 0.031499999999999986
1 0.29994791666666665 0.24537962962962961 0.011536458333333381 0.03223148148148146
0 0.33434895833333333 0.3211851851851852 0.0037083333333332766 0.010990740740740745
1 0.4105729166666666 0.1860462962962963 0.007005208333333357 0.03662037037037038