1 0.45703125 0.2657407407407407 0.008854166666666666 0.03888888888888889
1 0.3411458333333333 0.34120370370370373 0.011979166666666667 0.040740740740740744
1 0.27838541666666666 0.20416666666666666 0.010416666666666666 0.03425925925925926
1 0.3067708333333333 0.39675925925925926 0.015625 0.04351851851851852
1 0.3302083333333333 0.18981481481481483 0.008333333333333333 0.037037037037037035
1 0.21916145833333334 0.3010648148148148 0.011156249999999979 0.04694444444444449
1 0.26171875 0.3527777777777778 0.011458333333333333 0.04351851851851852
1 0.4640625 0.15648148148148147 0.007291666666666667 0.03333333333333333
1 0.28984375 0.33101851851851855 0.010416666666666666 0.044444444444444446
1 0.4361979166666667 0.4837962962962963 0.014583333333333334 0.046296296296296294
1 0.54609375 0.1527777777777778 0.008854166666666666 0.03148148148148148
1 0.1734375 0.2587962962962963 0.0125 0.03981481481481482
1 0.40208333333333335 0.25092592592592594 0.010416666666666666 0.03796296296296296
2 0.24348958333333334 0.36574074074074076 0.010416666666666666 0.03888888888888889
1 0.7122395833333334 0.22407407407407406 0.007291666666666667 0.02962962962962963
1 0.7254947916666666 0.2471759259259259 0.0089114583333334 0.0380277777777778
1 0.77696875 0.1980648148148148 0.00579166666666661 0.03644444444444446
1 0.62634375 0.13428703703703704 0.011140624999999934 0.030898148148148154
1 0.5378854166666667 0.1449814814814815 0.005348958333333324 0.03802777777777777
1 0.42446875 0.1358703703703704 0.01381249999999999 0.03564814814814815
2 0.09893229166666666 0.09269444444444444 0.007130208333333332 0.02851851851851853
1 0.6849427083333333 0.19687037037037036 0.007130208333333362 0.03882407407407408