1 0.72734375 0.5444444444444444 0.0453125 0.14722222222222223
1 0.887890625 0.5743055555555555 0.03984375 0.1486111111111111
1 0.09765625 0.4013888888888889 0.0328125 0.125
1 0.3203125 0.7694444444444445 0.03125 0.1638888888888889
1 0.663671875 0.5402777777777777 0.02734375 0.12777777777777777
2 0.418359375 0.35347222222222224 0.01953125 0.10972222222222222
1 0.654296875 0.8208333333333333 0.03984375 0.16944444444444445
1 0.84609375 0.3 0.0265625 0.10277777777777777
1 0.754296875 0.21180555555555555 0.01640625 0.08194444444444444
1 0.303515625 0.18680555555555556 0.01796875 0.10416666666666667
1 0.418359375 0.35347222222222224 0.01953125 0.10972222222222222
1 0.99375 0.22013888888888888 0.0125 0.09305555555555556
1 0.98359375 0.33819444444444446 0.0265625 0.1125
1 0.650390625 0.1284722222222222 0.01328125 0.0625
2 0.43125 0.08611111111111111 0.01875 0.06388888888888888
2 0.984375 0.3388888888888889 0.028125 0.1111111111111111
0 0.475390625 0.8444444444444444 0.01796875 0.027777777777777776