1 0.7796875 0.6032407407407407 0.0125 0.049074074074074076
1 0.4388020833333333 0.24259259259259258 0.00625 0.03796296296296296
1 0.5833333333333334 0.43148148148148147 0.008333333333333333 0.044444444444444446
1 0.7786458333333334 0.42592592592592593 0.008854166666666666 0.040740740740740744
1 0.07864583333333333 0.31157407407407406 0.009895833333333333 0.037037037037037035
1 0.4583333333333333 0.4773148148148148 0.009895833333333333 0.04722222222222222
1 0.46848958333333335 0.15416666666666667 0.005729166666666666 0.027777777777777776
1 0.5421875 0.1300925925925926 0.005208333333333333 0.022222222222222223
2 0.9606770833333333 0.9092592592592592 0.019791666666666666 0.05185185185185185
1 0.48880208333333336 0.15648148148148147 0.005729166666666666 0.027777777777777776
1 0.6361979166666667 0.17083333333333334 0.0078125 0.03148148148148148
1 0.8981770833333333 0.3087962962962963 0.010416666666666666 0.041666666666666664
1 0.5908854166666667 0.23333333333333334 0.0078125 0.03518518518518519
2 0.5182291666666666 0.22407407407407406 0.0067708333333333336 0.03518518518518519
1 0.50390625 0.1537037037037037 0.005729166666666666 0.030555555555555555
1 0.664640625 0.18576851851851853 0.008854166666666666 0.030555555555555555
1 0.35990625 0.3242314814814815 0.007828124999999986 0.04175000000000003
1 0.4766927083333333 0.26884259259259263 0.007203124999999962 0.03562037037037039
1 0.52459375 0.24630555555555556 0.005947916666666705 0.03729629629629627
1 0.5498020833333332 0.17923148148148146 0.007515624999999915 0.030055555555555537
1 0.42440625 0.1586388888888889 0.010958333333333315 0.027833333333333335
1 0.49406770833333336 0.11522222222222223 0.00501041666666661 0.021148148148148138
1 0.5029947916666667 0.13860185185185184 0.004067708333333305 0.015583333333333319
1 0.6600104166666667 0.2365648148148148 0.008140625000000058 0.04007407407407405
2 0.37665624999999997 0.11076851851851852 0.005635416666666633 0.026722222222222234