1 0.6947916666666667 0.4388888888888889 0.008854166666666666 0.03796296296296296
1 0.46796875 0.26064814814814813 0.008333333333333333 0.03518518518518519
1 0.46067708333333335 0.4791666666666667 0.009895833333333333 0.046296296296296294
1 0.3296875 0.49166666666666664 0.010416666666666666 0.05185185185185185
1 0.5083333333333333 0.22314814814814815 0.0078125 0.03796296296296296
1 0.3890625 0.16620370370370371 0.005729166666666666 0.03148148148148148
1 0.8942708333333333 0.3074074074074074 0.009375 0.03888888888888889
1 0.4322916666666667 0.15416666666666667 0.005208333333333333 0.02962962962962963
1 0.06536458333333334 0.24027777777777778 0.009375 0.03425925925925926
1 0.26614583333333336 0.3425925925925926 0.008333333333333333 0.04537037037037037
1 0.62109375 0.25462962962962965 0.007291666666666667 0.03888888888888889
1 0.3028645833333333 0.24583333333333332 0.008333333333333333 0.037037037037037035
1 0.49505208333333334 0.16944444444444445 0.0067708333333333336 0.03148148148148148
1 0.5833333333333334 0.16620370370370371 0.0067708333333333336 0.032407407407407406
1 0.47994791666666664 0.12453703703703704 0.005208333333333333 0.030555555555555555
1 0.3223958333333333 0.1787037037037037 0.008333333333333333 0.03518518518518519
1 0.6669270833333333 0.6712962962962963 0.014583333333333334 0.04814814814814815
1 0.37320312499999997 0.2936388888888889 0.012531249999999971 0.03832407407407406
2 0.5270989583333333 0.24507407407407408 0.010526041666666685 0.03564814814814815
1 0.5270989583333333 0.1403611111111111 0.007520833333333362 0.025842592592592615
1 0.3461354166666667 0.1105 0.006515624999999995 0.032083333333333325
2 0.32207291666666665 0.10070370370370371 0.009526041666666648 0.030296296296296297
1 0.410296875 0.10738888888888888 0.007520833333333362 0.022277777777777768
1 0.42458333333333337 0.12122222222222222 0.007005208333333357 0.025638888888888888
0 0.35227604166666665 0.12451851851851851 0.004119791666666709 0.010249999999999993
2 0.8365989583333333 0.944527777777778 0.02513541666666678 0.05933333333333337