1 0.265625 0.6064814814814815 0.019270833333333334 0.05185185185185185
1 0.6372395833333333 0.3819444444444444 0.011979166666666667 0.04259259259259259
1 0.8919270833333334 0.27870370370370373 0.011458333333333333 0.03888888888888889
1 0.39505208333333336 0.28564814814814815 0.008854166666666666 0.03333333333333333
1 0.38619791666666664 0.350462962962963 0.013020833333333334 0.03425925925925926
1 0.27838541666666666 0.25046296296296294 0.0125 0.037037037037037035
1 0.26223958333333336 0.33101851851851855 0.0109375 0.03981481481481482
1 0.5315104166666667 0.3439814814814815 0.009895833333333333 0.037037037037037035
1 0.4942708333333333 0.2675925925925926 0.008333333333333333 0.03333333333333333
1 0.203125 0.425 0.0140625 0.046296296296296294
1 0.6661458333333333 0.2324074074074074 0.0109375 0.03425925925925926
1 0.57890625 0.1574074074074074 0.007291666666666667 0.027777777777777776
2 0.020052083333333335 0.13657407407407407 0.010416666666666666 0.025925925925925925
1 0.5138020833333333 0.4722222222222222 0.015104166666666667 0.04814814814814815
2 0.9354166666666667 0.9194444444444444 0.022916666666666665 0.04814814814814815
1 0.5208333333333334 0.28379629629629627 0.007291666666666667 0.03333333333333333
1 0.6401041666666667 0.2490740740740741 0.010416666666666666 0.030555555555555555
1 0.4153645833333333 0.1925925925925926 0.0078125 0.030555555555555555
1 0.44921875 0.6583333333333333 0.0140625 0.04259259259259259
1 0.47734375 0.20416666666666666 0.009375 0.03148148148148148
1 0.3995208333333334 0.34042592592592597 0.01303124999999999 0.039212962962962984
1 0.47796875 0.29007407407407404 0.008520833333333281 0.03832407407407406
1 0.39801562500000004 0.18670370370370368 0.009020833333333301 0.0294074074074074
2 0.3102916666666667 0.10872222222222223 0.011026041666666705 0.024953703703703707
2 0.5472083333333334 0.2702037037037037 0.010286458333333333 0.03250925925925927
0 0.3922291666666667 0.3577685185185185 0.0038489583333333856 0.008555555555555565