1 0.499609375 0.38819444444444445 0.01953125 0.12638888888888888
1 0.4015625 0.40208333333333335 0.0296875 0.11527777777777778
1 0.571875 0.5479166666666667 0.034375 0.1486111111111111
1 0.12578125 0.525 0.04375 0.1388888888888889
1 0.062890625 0.36041666666666666 0.02578125 0.1125
1 0.844140625 0.3076388888888889 0.02265625 0.10416666666666667
2 0.911328125 0.17777777777777778 0.02578125 0.08888888888888889
1 0.8203125 0.2763888888888889 0.0296875 0.10555555555555556
1 0.97421875 0.3670555555555555 0.034375 0.11311111111111115
0 0.118359375 0.4013888888888889 0.01171875 0.022222222222222223
1 0.6319453125 0.9544722222222223 0.041664062499999946 0.09105555555555547