1 0.595703125 0.4083333333333333 0.02109375 0.11388888888888889
1 0.143359375 0.7173611111111111 0.04140625 0.14027777777777778
1 0.63203125 0.5430555555555555 0.0265625 0.11666666666666667
1 0.84375 0.5569444444444445 0.025 0.13333333333333333
1 0.631640625 0.36736111111111114 0.02109375 0.09861111111111111
1 0.587109375 0.17430555555555555 0.01171875 0.06805555555555555
1 0.93984375 0.36736111111111114 0.01875 0.10972222222222222
1 0.344921875 0.14097222222222222 0.01484375 0.06527777777777778
1 0.138671875 0.3840277777777778 0.02109375 0.10972222222222222
1 0.4515625 0.4583333333333333 0.0234375 0.11666666666666667
1 0.209765625 0.2263888888888889 0.01640625 0.07777777777777778
2 0.310546875 0.33194444444444443 0.02265625 0.09722222222222222
1 0.73828125 0.17916666666666667 0.015625 0.075
1 0.628515625 0.2659722222222222 0.01796875 0.0875
1 0.22890625 0.2513888888888889 0.01875 0.09166666666666666
2 0.5625 0.19652777777777777 0.0171875 0.07916666666666666
1 0.5625 0.19722222222222222 0.0171875 0.07777777777777778
1 0.0703125 0.17708333333333334 0.01875 0.07361111111111111
1 0.0703125 0.17708333333333334 0.01875 0.07361111111111111
0 0.6375 0.8055555555555556 0.0140625 0.027777777777777776