1 0.8421875 0.25972222222222224 0.0234375 0.10555555555555556
1 0.935546875 0.4979166666666667 0.03359375 0.15138888888888888
1 0.632421875 0.3375 0.02890625 0.11666666666666667
1 0.56640625 0.4756944444444444 0.028125 0.11527777777777778
1 0.890234375 0.29444444444444445 0.02109375 0.1
1 0.9859375 0.41944444444444445 0.028125 0.14722222222222223
1 0.965625 0.28194444444444444 0.028125 0.10555555555555556
1 0.777734375 0.2611111111111111 0.02265625 0.10277777777777777
1 0.30625 0.5479166666666667 0.040625 0.1125
1 0.5140625 0.23472222222222222 0.025 0.10833333333333334
1 0.300390625 0.5076388888888889 0.03515625 0.08472222222222223
1 0.780859375 0.25416666666666665 0.02734375 0.10277777777777777
1 0.9796875 0.21319444444444444 0.01875 0.10138888888888889
1 0.781640625 0.23819444444444443 0.02734375 0.07083333333333333
0 0.323828125 0.6069444444444444 0.01328125 0.025