1 0.47630208333333335 0.18055555555555555 0.0109375 0.03333333333333333
1 0.3411458333333333 0.2324074074074074 0.00625 0.03518518518518519
1 0.39609375 0.2625 0.008854166666666666 0.03796296296296296
1 0.4828125 0.07962962962962963 0.00625 0.02962962962962963
1 0.4197916666666667 0.04027777777777778 0.005208333333333333 0.028703703703703703
1 0.32916666666666666 0.21805555555555556 0.0067708333333333336 0.04537037037037037
1 0.34348958333333335 0.16296296296296298 0.005729166666666666 0.04259259259259259
1 0.5375 0.3101851851851852 0.009375 0.037037037037037035
1 0.34401041666666665 0.17222222222222222 0.005729166666666666 0.046296296296296294
1 0.4466145833333333 0.15046296296296297 0.0078125 0.03425925925925926
2 0.38776041666666666 0.17824074074074073 0.005729166666666666 0.03611111111111111
1 0.5075520833333333 0.1962962962962963 0.0067708333333333336 0.03518518518518519
1 0.51171875 0.19444444444444445 0.0078125 0.03518518518518519
1 0.33645833333333336 0.21388888888888888 0.007291666666666667 0.04259259259259259
1 0.40546875 0.20972222222222223 0.005729166666666666 0.03981481481481482
1 0.23411458333333332 0.19166666666666668 0.008854166666666666 0.03425925925925926
1 0.2828125 0.24583333333333332 0.010416666666666666 0.040740740740740744
1 0.30182291666666666 0.2462962962962963 0.0109375 0.040740740740740744
1 0.321875 0.18611111111111112 0.0067708333333333336 0.03611111111111111
1 0.3609375 0.15231481481481482 0.011458333333333333 0.03148148148148148
2 0.4518229166666667 0.19490740740740742 0.008333333333333333 0.03333333333333333
0 0.49635416666666665 0.12685185185185185 0.005208333333333333 0.007407407407407408
1 0.34739583333333335 0.19675925925925927 0.0078125 0.037037037037037035
1 0.34817708333333336 0.27037037037037037 0.013020833333333334 0.03518518518518519