1 0.464453125 0.65625 0.03984375 0.12916666666666668
1 0.548828125 0.61875 0.02890625 0.13472222222222222
1 0.916015625 0.4361111111111111 0.02734375 0.10833333333333334
1 0.1171875 0.48125 0.0234375 0.11805555555555555
1 0.278515625 0.6506944444444445 0.02734375 0.12638888888888888
1 0.404296875 0.31180555555555556 0.02109375 0.0875
1 0.31875 0.30833333333333335 0.01875 0.08333333333333333
1 0.7359375 0.6118055555555556 0.0203125 0.12083333333333333
2 0.5421875 0.4111111111111111 0.015625 0.1
1 0.393359375 0.6458333333333334 0.03515625 0.1361111111111111
1 0.783203125 0.2951388888888889 0.01953125 0.08194444444444444
1 0.36796875 0.3875 0.01875 0.09166666666666666
1 0.57578125 0.24861111111111112 0.0125 0.06944444444444445
1 0.802734375 0.19791666666666666 0.01171875 0.0625
1 0.38515625 0.4076388888888889 0.025 0.10138888888888889
2 0.476171875 0.14305555555555555 0.01484375 0.06111111111111111
1 0.4765625 0.24513888888888888 0.021875 0.0763888888888889