1 0.1375 0.5243055555555556 0.03125 0.14305555555555555
1 0.3515625 0.7020833333333333 0.0328125 0.17916666666666667
2 0.80625 0.46458333333333335 0.034375 0.1375
1 0.748828125 0.4861111111111111 0.04296875 0.1361111111111111
1 0.466015625 0.41041666666666665 0.03359375 0.11805555555555555
1 0.432421875 0.43194444444444446 0.03671875 0.11944444444444445
1 0.625390625 0.26805555555555555 0.02265625 0.09444444444444444
1 0.564453125 0.31805555555555554 0.02265625 0.10277777777777777
1 0.6015625 0.3784722222222222 0.01875 0.12083333333333333
1 0.696875 0.48541666666666666 0.0265625 0.14583333333333334
1 0.26875 0.9409722222222222 0.034375 0.11805555555555555
1 0.206640625 0.3298611111111111 0.02421875 0.1125
2 0.14609375 0.22152777777777777 0.0203125 0.09027777777777778
0 0.21875 0.3763888888888889 0.0109375 0.019444444444444445