1 0.173046875 0.4166666666666667 0.02890625 0.11666666666666667
1 0.049609375 0.28541666666666665 0.02734375 0.09305555555555556
1 0.424609375 0.35694444444444445 0.02421875 0.1
1 0.259765625 0.36666666666666664 0.02109375 0.09722222222222222
1 0.406640625 0.5263888888888889 0.02890625 0.13333333333333333
1 0.44609375 0.4527777777777778 0.0203125 0.10833333333333334
1 0.112890625 0.27569444444444446 0.02421875 0.09583333333333334
1 0.159765625 0.32569444444444445 0.01796875 0.0875
1 0.166015625 0.2569444444444444 0.01796875 0.075
1 0.973046875 0.5173611111111112 0.02890625 0.11527777777777778
2 0.904859375 0.4780138888888889 0.024656249999999956 0.13009722222222217
1 0.16640625 0.2548611111111111 0.0171875 0.07083333333333333
1 0.1796875 0.2652777777777778 0.01875 0.07222222222222222
0 0.8780390625000001 0.5231527777777778 0.011281250000000043 0.021611111111111036
1 0.17890625 0.3020833333333333 0.01875 0.0875