1 0.37083333333333335 0.3523148148148148 0.009375 0.03888888888888889
1 0.27005208333333336 0.3347222222222222 0.010416666666666666 0.040740740740740744
1 0.2708333333333333 0.6097222222222223 0.0140625 0.049074074074074076
1 0.40520833333333334 0.18333333333333332 0.007291666666666667 0.028703703703703703
1 0.5455729166666666 0.3347222222222222 0.010416666666666666 0.03981481481481482
1 0.5479166666666667 0.45601851851851855 0.016666666666666666 0.041666666666666664
1 0.49375 0.2833333333333333 0.00625 0.03333333333333333
1 0.62890625 0.36064814814814816 0.008854166666666666 0.041666666666666664
1 0.3828125 0.2810185185185185 0.008333333333333333 0.03611111111111111
1 0.5609375 0.1550925925925926 0.00625 0.027777777777777776
1 0.39609375 0.1865740740740741 0.007291666666666667 0.02962962962962963
1 0.5098958333333333 0.6041666666666666 0.0125 0.03888888888888889
2 0.53203125 0.2689814814814815 0.008333333333333333 0.032407407407407406
2 0.93828125 0.8870370370370371 0.021354166666666667 0.04722222222222222
1 0.21692708333333333 0.4078703703703704 0.01875 0.04537037037037037
1 0.4661458333333333 0.27824074074074073 0.008333333333333333 0.03518518518518519
1 0.6463541666666667 0.2449074074074074 0.009895833333333333 0.03425925925925926
1 0.471875 0.2050925925925926 0.0078125 0.03425925925925926
1 0.4786458333333333 0.25972222222222224 0.008333333333333333 0.03611111111111111
1 0.5028645833333333 0.5875 0.013020833333333334 0.04722222222222222
1 0.27384375 0.24361111111111114 0.006682291666666629 0.03882407407407405
2 0.2992447916666666 0.1117037037037037 0.012031249999999953 0.028518518518518516
0 0.35695312500000004 0.3648240740740741 0.006239583333333343 0.011879629629629667
1 0.40173958333333337 0.3295740740740741 0.010250000000000033 0.03961111111111108
1 0.6508541666666667 0.22776851851851854 0.011140624999999934 0.03248148148148149
1 0.8716666666666666 0.26975925925925925 0.013369791666666705 0.04040740740740739