1 0.6622395833333333 0.22268518518518518 0.007291666666666667 0.037037037037037035
1 0.4309895833333333 0.41944444444444445 0.007291666666666667 0.04259259259259259
1 0.5807291666666666 0.22546296296296298 0.00625 0.032407407407407406
1 0.7291666666666666 0.5523148148148148 0.0109375 0.05
1 0.8908854166666667 0.29305555555555557 0.009375 0.04259259259259259
1 0.061197916666666664 0.30462962962962964 0.008333333333333333 0.03518518518518519
1 0.4140625 0.21435185185185185 0.00625 0.03425925925925926
2 0.93828125 0.9037037037037037 0.020833333333333332 0.05092592592592592
1 0.35859375 0.27824074074074073 0.0067708333333333336 0.03611111111111111
1 0.6080729166666666 0.14907407407407408 0.0067708333333333336 0.030555555555555555
2 0.4856770833333333 0.21944444444444444 0.0067708333333333336 0.03333333333333333
1 0.45338541666666665 0.23657407407407408 0.008333333333333333 0.037037037037037035
1 0.5473958333333333 0.3907407407407407 0.009895833333333333 0.04351851851851852
1 0.7509374999999999 0.3859537037037037 0.009109374999999887 0.03802777777777783
1 0.5249791666666667 0.20541666666666666 0.006692708333333286 0.030194444444444458
1 0.5402916666666666 0.15372222222222223 0.005406250000000057 0.02653703703703706
1 0.5285833333333333 0.12466666666666665 0.00514583333333339 0.027907407407407395
1 0.5002760416666666 0.13816666666666666 0.0046302083333333854 0.03111111111111113
1 0.485734375 0.13976851851851851 0.005916666666666614 0.025166666666666674
1 0.478015625 0.12032407407407407 0.004375000000000047 0.02470370370370371
1 0.4836770833333333 0.12535185185185185 0.0028333333333333617 0.02012962962962964
1 0.4876666666666667 0.13062037037037036 0.002572916666666695 0.02058333333333335
1 0.4270625 0.14250925925925925 0.007463541666666629 0.027907407407407395
2 0.3539791666666667 0.10705555555555556 0.006947916666666624 0.023787037037037034
0 0.46991145833333337 0.15624074074074074 0.00514583333333339 0.007777777777777757