1 0.7200520833333334 0.2833333333333333 0.0078125 0.03611111111111111
1 0.66796875 0.39814814814814814 0.009895833333333333 0.044444444444444446
1 0.5221354166666666 0.5402777777777777 0.009375 0.04351851851851852
1 0.5572916666666666 0.2388888888888889 0.0067708333333333336 0.03425925925925926
1 0.5322916666666667 0.18425925925925926 0.007291666666666667 0.030555555555555555
1 0.60546875 0.23148148148148148 0.0078125 0.03333333333333333
1 0.31796875 0.4064814814814815 0.0078125 0.040740740740740744
1 0.5705729166666667 0.2587962962962963 0.0067708333333333336 0.03518518518518519
1 0.44479166666666664 0.29212962962962963 0.008333333333333333 0.03518518518518519
2 0.4432291666666667 0.37037037037037035 0.007291666666666667 0.03888888888888889
1 0.4588541666666667 0.45925925925925926 0.0078125 0.04351851851851852
1 0.5606770833333333 0.3143518518518518 0.0078125 0.03981481481481482
1 0.328125 0.33796296296296297 0.008333333333333333 0.03981481481481482
1 0.3893229166666667 0.26666666666666666 0.007291666666666667 0.03518518518518519
2 0.48359375 0.08935185185185185 0.005729166666666666 0.027777777777777776
1 0.3411458333333333 0.2967592592592593 0.007291666666666667 0.03981481481481482
1 0.249390625 0.4042685185185185 0.00752604166666669 0.040851851851851854
1 0.27692187500000004 0.2271388888888889 0.008713541666666677 0.03591666666666666
1 0.3781458333333333 0.26799074074074075 0.005942708333333376 0.03450925925925924
1 0.4112239583333333 0.23629629629629628 0.008713541666666677 0.03450925925925924
1 0.47282812500000004 0.23875925925925928 0.011489583333333305 0.03521296296296294
1 0.5857343749999999 0.23840740740740743 0.00990624999999999 0.02747222222222221
1 0.5102656250000001 0.18628703703703703 0.007130208333333362 0.026055555555555544
0 0.5540416666666667 0.19368518518518518 0.005942708333333257 0.0084537037037037