1 0.45729166666666665 0.1712962962962963 0.007291666666666667 0.030555555555555555
1 0.6877604166666667 0.26157407407407407 0.008854166666666666 0.03611111111111111
1 0.7171875 0.4513888888888889 0.011979166666666667 0.03888888888888889
1 0.08307291666666666 0.25092592592592594 0.009895833333333333 0.03333333333333333
1 0.9171875 0.31851851851851853 0.013020833333333334 0.037037037037037035
1 0.42135416666666664 0.29907407407407405 0.010416666666666666 0.03981481481481482
1 0.6036458333333333 0.1837962962962963 0.008854166666666666 0.030555555555555555
1 0.5380208333333333 0.19953703703703704 0.0078125 0.028703703703703703
1 0.3140625 0.45231481481481484 0.016145833333333335 0.05092592592592592
1 0.4739583333333333 0.475462962962963 0.015104166666666667 0.04259259259259259
1 0.49609375 0.15231481481481482 0.0067708333333333336 0.027777777777777776
1 0.6541666666666667 0.6166666666666667 0.018229166666666668 0.05740740740740741
1 0.28958333333333336 0.31296296296296294 0.010416666666666666 0.03611111111111111
1 0.38984375 0.16898148148148148 0.0078125 0.030555555555555555
1 0.49713541666666666 0.27546296296296297 0.008854166666666666 0.03333333333333333
1 0.5861979166666667 0.17592592592592593 0.007291666666666667 0.027777777777777776
2 0.5294270833333333 0.25972222222222224 0.007291666666666667 0.028703703703703703
1 0.49270833333333336 0.1259259259259259 0.005729166666666666 0.023148148148148147
1 0.31614583333333335 0.24027777777777778 0.008854166666666666 0.03333333333333333
1 0.46458333333333335 0.12361111111111112 0.00625 0.024074074074074074
2 0.8557291666666667 0.9800925925925926 0.025 0.03981481481481482
1 0.524328125 0.13980555555555557 0.00752604166666669 0.028879629629629627
1 0.4280625 0.11022222222222222 0.005942708333333376 0.020425925925925913
1 0.37774479166666663 0.10705555555555556 0.005151041666666719 0.029583333333333323
2 0.33832812500000004 0.10071296296296296 0.007130208333333362 0.025351851851851848
0 0.3813125 0.11726851851851852 0.004359374999999943 0.0063425925925926