2 0.927734375 0.4791666666666667 0.04296875 0.15833333333333333
1 0.74375 0.5277777777777778 0.03125 0.15833333333333333
1 0.496875 0.4597222222222222 0.040625 0.125
1 0.556640625 0.4597222222222222 0.04453125 0.11666666666666667
1 0.633984375 0.28125 0.03984375 0.10694444444444444
1 0.540234375 0.3416666666666667 0.03203125 0.11944444444444445
1 0.80625 0.29930555555555555 0.0296875 0.10972222222222222
1 0.334375 0.3597222222222222 0.0375 0.12222222222222222
1 0.33515625 0.4486111111111111 0.03125 0.14722222222222223
1 0.578125 0.4270833333333333 0.0359375 0.10972222222222222
1 0.562890625 0.3347222222222222 0.02578125 0.1111111111111111
1 0.116796875 0.26180555555555557 0.02890625 0.10138888888888889
2 0.966796875 0.08819444444444445 0.02578125 0.0875
0 0.616015625 0.49027777777777776 0.01484375 0.025