1 0.3541666666666667 0.4236111111111111 0.0125 0.044444444444444446
1 0.7205729166666667 0.4462962962962963 0.0109375 0.04814814814814815
1 0.28151041666666665 0.462037037037037 0.013020833333333334 0.04259259259259259
1 0.7080729166666667 0.21481481481481482 0.0078125 0.03518518518518519
1 0.6958333333333333 0.6449074074074074 0.0140625 0.05185185185185185
1 0.7622395833333333 0.35185185185185186 0.009895833333333333 0.04351851851851852
1 0.4671875 0.13518518518518519 0.009895833333333333 0.03148148148148148
1 0.18307291666666667 0.4125 0.0125 0.04722222222222222
1 0.57109375 0.5634259259259259 0.0125 0.05185185185185185
1 0.5950520833333334 0.2875 0.008854166666666666 0.040740740740740744
1 0.6869791666666667 0.4597222222222222 0.0109375 0.04814814814814815
1 0.47161458333333334 0.37453703703703706 0.009895833333333333 0.044444444444444446
1 0.7890625 0.350462962962963 0.010416666666666666 0.04537037037037037
1 0.4 0.5583333333333333 0.01875 0.05
1 0.28359375 0.31851851851851853 0.0109375 0.032407407407407406
1 0.4088541666666667 0.28055555555555556 0.009375 0.04351851851851852
1 0.5033854166666667 0.37592592592592594 0.009375 0.04259259259259259
1 0.29713541666666665 0.19768518518518519 0.009375 0.03611111111111111
1 0.425515625 0.17314814814814813 0.008333333333333333 0.036120370370370365
1 0.6020833333333333 0.3925925925925926 0.010416666666666666 0.04351851851851852
2 0.49765625 0.2773148148148148 0.009375 0.03888888888888889
2 0.7979166666666667 0.986574074074074 0.014583333333333334 0.026851851851851852
1 0.10166145833333333 0.33179629629629626 0.012510416666666658 0.0444907407407407
0 0.119125 0.3424537037037037 0.004692708333333328 0.012046296296296288
2 0.45746875000000004 0.03150925925925926 0.006776041666666662 0.02965740740740741