1 0.65625 0.4041666666666667 0.0109375 0.044444444444444446
1 0.2203125 0.4166666666666667 0.0140625 0.03611111111111111
1 0.5174479166666667 0.17916666666666667 0.008854166666666666 0.030555555555555555
1 0.4552083333333333 0.4773148148148148 0.008333333333333333 0.04351851851851852
1 0.36796875 0.2689814814814815 0.00625 0.03518518518518519
1 0.43359375 0.2967592592592593 0.007291666666666667 0.03796296296296296
1 0.7153645833333333 0.2865740740740741 0.008333333333333333 0.03796296296296296
1 0.3171875 0.4148148148148148 0.008854166666666666 0.03981481481481482
1 0.39427083333333335 0.24537037037037038 0.007291666666666667 0.03611111111111111
1 0.30494791666666665 0.33935185185185185 0.0078125 0.037037037037037035
1 0.46119791666666665 0.24722222222222223 0.008333333333333333 0.03333333333333333
1 0.5130208333333334 0.5467592592592593 0.010416666666666666 0.04351851851851852
2 0.44192708333333336 0.37222222222222223 0.007291666666666667 0.03981481481481482
1 0.5700520833333333 0.24814814814814815 0.007291666666666667 0.03518518518518519
1 0.571875 0.2702222222222222 0.008333333333333333 0.03425925925925926
1 0.60546875 0.25144444444444447 0.012270833333333305 0.037564814814814836
1 0.37838541666666664 0.2671296296296296 0.007291666666666667 0.03611111111111111
1 0.6091145833333333 0.2310185185185185 0.008333333333333333 0.02962962962962963
1 0.5526041666666667 0.3189814814814815 0.009375 0.041666666666666664
1 0.32442187499999997 0.29511111111111116 0.008911458333333282 0.03723148148148152
1 0.27361979166666667 0.23173148148148145 0.008911458333333282 0.03564814814814812
1 0.48552083333333335 0.1881574074074074 0.006682291666666629 0.02773148148148147
2 0.4730416666666667 0.08635185185185186 0.007578124999999976 0.026935185185185187