1 0.9213541666666667 0.3125 0.011979166666666667 0.03888888888888889
1 0.6955729166666667 0.2986111111111111 0.009895833333333333 0.03611111111111111
1 0.6666666666666666 0.32314814814814813 0.009375 0.03518518518518519
1 0.6213541666666667 0.2361111111111111 0.010416666666666666 0.03148148148148148
1 0.61328125 0.39444444444444443 0.011458333333333333 0.040740740740740744
1 0.96171875 0.2949074074074074 0.014583333333333334 0.03425925925925926
1 0.72890625 0.2967592592592593 0.011979166666666667 0.03796296296296296
1 0.9510416666666667 0.46064814814814814 0.016145833333333335 0.03981481481481482
1 0.8182291666666667 0.36944444444444446 0.011979166666666667 0.03796296296296296
1 0.8888020833333333 0.43657407407407406 0.014583333333333334 0.040740740740740744
1 0.9197916666666667 0.4310185185185185 0.015625 0.040740740740740744
1 0.83828125 0.4009259259259259 0.0140625 0.044444444444444446
2 0.7541666666666667 0.3537037037037037 0.010416666666666666 0.03888888888888889
1 0.861109375 0.40802777777777777 0.010239583333333257 0.041259259259259315
1 0.5875 0.5430555555555555 0.013541666666666667 0.046296296296296294
1 0.85075 0.41085185185185186 0.010875000000000056 0.04537037037037037
2 0.5072916666666667 0.1111111111111111 0.00625 0.025925925925925925
1 0.9385104166666667 0.4271574074074074 0.014005208333333267 0.03950925925925922
1 0.9379062499999999 0.4418055555555555 0.010999999999999944 0.039629629629629584
1 0.9568645833333334 0.4407777777777778 0.0060781250000000375 0.04374074074074075
1 0.9487604166666667 0.43202777777777773 0.0037656250000000094 0.03036111111111108
0 0.610796875 0.25911111111111107 0.005208333333333333 0.008750000000000042