1 0.81328125 0.4756944444444444 0.0296875 0.14583333333333334
1 0.497265625 0.3368055555555556 0.02890625 0.10972222222222222
1 0.2765625 0.4027777777777778 0.03125 0.11944444444444445
1 0.444140625 0.2847222222222222 0.02890625 0.09444444444444444
1 0.5609375 0.30277777777777776 0.0265625 0.08888888888888889
1 0.54921875 0.4083333333333333 0.025 0.1361111111111111
1 0.40078125 0.33194444444444443 0.0265625 0.10833333333333334
1 0.15703125 0.3375 0.01875 0.11666666666666667
1 0.56875 0.3854166666666667 0.0265625 0.11805555555555555
1 0.51484375 0.3034722222222222 0.021875 0.09861111111111111
1 0.71875 0.2923611111111111 0.0203125 0.09861111111111111
1 0.3921875 0.3333333333333333 0.0328125 0.10555555555555556
1 0.702734375 0.2986111111111111 0.02265625 0.09444444444444444
2 0.7393671875 0.17940277777777777 0.02248437499999998 0.0995416666666667
1 0.15703125 0.33819444444444446 0.0203125 0.11805555555555555
1 0.50390625 0.32430555555555557 0.0375 0.13194444444444445
0 0.669140625 0.3347222222222222 0.01640625 0.022222222222222223
1 0.124609375 0.5048611111111111 0.03203125 0.13472222222222222