1 0.565625 0.3034722222222222 0.028125 0.09583333333333334
1 0.491015625 0.5722222222222222 0.02421875 0.15833333333333333
1 0.13671875 0.3798611111111111 0.0328125 0.10694444444444444
1 0.077734375 0.38125 0.03515625 0.12083333333333333
1 0.618359375 0.45416666666666666 0.03984375 0.11944444444444445
1 0.636109375 0.26775 0.028125 0.09505555555555555
1 0.821875 0.4618055555555556 0.046875 0.11805555555555555
1 0.089453125 0.26805555555555555 0.02890625 0.07777777777777778
1 0.2546875 0.30277777777777776 0.0203125 0.09722222222222222
1 0.265625 0.3013888888888889 0.015625 0.09722222222222222
0 0.626953125 0.3076388888888889 0.01171875 0.018055555555555554