1 0.5927083333333333 0.30324074074074076 0.009375 0.03611111111111111
1 0.8669270833333333 0.30092592592592593 0.009895833333333333 0.032407407407407406
1 0.6158854166666666 0.5310185185185186 0.011458333333333333 0.046296296296296294
1 0.5953125 0.4101851851851852 0.008333333333333333 0.04351851851851852
1 0.8471354166666667 0.37175925925925923 0.0125 0.03611111111111111
1 0.72890625 0.2967592592592593 0.008854166666666666 0.03148148148148148
1 0.61640625 0.2324074074074074 0.008333333333333333 0.03333333333333333
1 0.88984375 0.425462962962963 0.011458333333333333 0.03796296296296296
1 0.86328125 0.3907407407407407 0.011979166666666667 0.03518518518518519
1 0.9510416666666667 0.43796296296296294 0.0125 0.03796296296296296
1 0.6916666666666667 0.2569444444444444 0.007291666666666667 0.03425925925925926
1 0.7390625 0.40046296296296297 0.0109375 0.040740740740740744
1 0.8762239583333333 0.41074074074074074 0.015265624999999972 0.04000000000000004
1 0.7140625 0.3648148148148148 0.011979166666666667 0.04259259259259259
1 0.9420000000000001 0.4151944444444445 0.007979166666666752 0.04330555555555554
1 0.9285677083333332 0.4074907407407407 0.010255208333333361 0.04277777777777782
1 0.69765625 0.31527777777777777 0.008854166666666666 0.03425925925925926
2 0.7151979166666667 0.3165925925925926 0.008000000000000066 0.03183333333333333
2 0.45102083333333337 0.11512962962962964 0.0076197916666667235 0.028444444444444432
1 0.899953125 0.28274074074074074 0.011046875000000018 0.027768518518518526
1 0.933515625 0.4143148148148148 0.007374999999999924 0.04102777777777783