1 0.49375 0.17453703703703705 0.00625 0.028703703703703703
1 0.6614583333333334 0.20092592592592592 0.0078125 0.03148148148148148
1 0.46979166666666666 0.2671296296296296 0.007291666666666667 0.03518518518518519
1 0.58984375 0.4550925925925926 0.011979166666666667 0.040740740740740744
1 0.6434895833333333 0.18564814814814815 0.008333333333333333 0.03148148148148148
1 0.7783854166666667 0.45416666666666666 0.010416666666666666 0.04259259259259259
2 0.9559895833333333 0.9152777777777777 0.0171875 0.05
1 0.58203125 0.25 0.0067708333333333336 0.03333333333333333
1 0.4583333333333333 0.5337962962962963 0.008854166666666666 0.04259259259259259
1 0.3411458333333333 0.3541666666666667 0.0078125 0.040740740740740744
1 0.42890625 0.2587962962962963 0.0067708333333333336 0.03518518518518519
1 0.7986979166666667 0.6375 0.013020833333333334 0.05092592592592592
1 0.6403645833333333 0.24861111111111112 0.008854166666666666 0.03425925925925926
2 0.5375 0.2212962962962963 0.00625 0.03148148148148148
1 0.38385416666666666 0.18564814814814815 0.00625 0.03518518518518519
1 0.50859375 0.16805555555555557 0.00625 0.028703703703703703
2 0.3677708333333333 0.11371296296296296 0.006744791666666691 0.024537037037037038
1 0.5276041666666667 0.2569444444444444 0.008333333333333333 0.03518518518518519
1 0.07317708333333334 0.3148148148148148 0.0109375 0.03518518518518519
1 0.50546875 0.11296296296296296 0.0046875 0.025
1 0.00546875 0.12916666666666668 0.008854166666666666 0.024074074074074074
1 0.4627604166666667 0.15081481481481482 0.006432291666666619 0.030703703703703674
1 0.474953125 0.1613425925925926 0.013208333333333282 0.02528703703703704
1 0.5491145833333333 0.13395370370370369 0.006432291666666619 0.02588888888888887
1 0.5470833333333334 0.19144444444444444 0.006432291666666619 0.027694444444444466