1 0.284375 0.46805555555555556 0.011458333333333333 0.037037037037037035
1 0.40703125 0.22870370370370371 0.008333333333333333 0.030555555555555555
1 0.22083333333333333 0.24351851851851852 0.0078125 0.03425925925925926
1 0.34427083333333336 0.3819444444444444 0.008854166666666666 0.03333333333333333
1 0.7190104166666667 0.3162037037037037 0.011458333333333333 0.03425925925925926
1 0.59296875 0.18009259259259258 0.009895833333333333 0.028703703703703703
1 0.7716145833333333 0.3138888888888889 0.014583333333333334 0.03425925925925926
1 0.46380208333333334 0.37916666666666665 0.010416666666666666 0.03333333333333333
1 0.7671875 0.5532407407407407 0.0171875 0.03888888888888889
1 0.5552083333333333 0.17592592592592593 0.009895833333333333 0.026851851851851852
1 0.4578125 0.12731481481481483 0.007291666666666667 0.025925925925925925
1 0.6140625 0.3907407407407407 0.011458333333333333 0.03888888888888889
1 0.6533854166666667 0.5555555555555556 0.015104166666666667 0.04259259259259259
1 0.30911458333333336 0.2773148148148148 0.008854166666666666 0.03518518518518519
1 0.33541666666666664 0.300462962962963 0.008333333333333333 0.03425925925925926
1 0.53359375 0.18888888888888888 0.009895833333333333 0.028703703703703703
1 0.7510416666666667 0.3907407407407407 0.013020833333333334 0.03796296296296296
1 0.47760416666666666 0.36342592592592593 0.0109375 0.03425925925925926
2 0.4354166666666667 0.09125925925925926 0.0067708333333333336 0.027777777777777776
2 0.4984375 0.3486111111111111 0.011458333333333333 0.03518518518518519
1 0.42624999999999996 0.31689814814814815 0.01381249999999999 0.04277777777777782
1 0.5238437499999999 0.2424259259259259 0.007578124999999976 0.03644444444444446
1 0.6744687500000001 0.27768518518518515 0.009359374999999896 0.03564814814814815
0 0.6000520833333333 0.1980648148148148 0.004901041666666591 0.012675925925925924