1 0.887890625 0.6826388888888889 0.03828125 0.1736111111111111
1 0.53203125 0.2625 0.021875 0.10555555555555556
1 0.625 0.29583333333333334 0.028125 0.10555555555555556
1 0.443359375 0.44583333333333336 0.03671875 0.11944444444444445
1 0.63515625 0.1527777777777778 0.0171875 0.09722222222222222
1 0.42109375 0.20416666666666666 0.025 0.1
1 0.366015625 0.18819444444444444 0.01953125 0.09027777777777778
1 0.038671875 0.3298611111111111 0.02109375 0.11527777777777778
1 0.428515625 0.37777777777777777 0.02734375 0.08055555555555556
1 0.4703125 0.3159722222222222 0.03125 0.11527777777777778
0 0.61796875 0.3423611111111111 0.009375 0.018055555555555554
1 0.1703125 0.22083333333333333 0.0203125 0.09722222222222222
2 0.070703125 0.33055555555555555 0.02578125 0.12222222222222222