1 0.08359375 0.3277777777777778 0.0109375 0.03796296296296296
1 0.5072916666666667 0.21898148148148147 0.00625 0.03333333333333333
1 0.5390625 0.2949074074074074 0.00625 0.03611111111111111
1 0.3611979166666667 0.2222222222222222 0.007291666666666667 0.03611111111111111
1 0.5458333333333333 0.5532407407407407 0.008854166666666666 0.05185185185185185
1 0.7328125 0.725462962962963 0.015625 0.05092592592592592
2 0.8778645833333333 0.9375 0.018229166666666668 0.05277777777777778
1 0.296875 0.4027777777777778 0.008854166666666666 0.041666666666666664
1 0.8966145833333333 0.3236111111111111 0.0109375 0.03981481481481482
1 0.43307291666666664 0.6861111111111111 0.009375 0.05925925925925926
1 0.4434895833333333 0.2601851851851852 0.0067708333333333336 0.03888888888888889
1 0.4583333333333333 0.22361111111111112 0.00625 0.03796296296296296
1 0.30859375 0.24074074074074073 0.007291666666666667 0.03611111111111111
1 0.5299479166666666 0.14629629629629629 0.00625 0.025925925925925925
1 0.6377604166666667 0.22083333333333333 0.007291666666666667 0.03888888888888889
1 0.35260416666666666 0.3675925925925926 0.009895833333333333 0.04537037037037037
1 0.46119791666666665 0.1763888888888889 0.00625 0.030555555555555555
1 0.75078125 0.5518518518518518 0.0125 0.04722222222222222
1 0.41510416666666666 0.2574074074074074 0.0067708333333333336 0.03888888888888889
2 0.5588541666666667 0.2513888888888889 0.0067708333333333336 0.03518518518518519
1 0.42864583333333334 0.14722222222222223 0.00625 0.02962962962962963
1 0.5988958333333334 0.3064351851851852 0.009822916666666733 0.04334259259259265
2 0.3416927083333333 0.11619444444444442 0.00880729166666671 0.025287037037037025
1 0.5740052083333332 0.12372222222222222 0.008124999999999953 0.024685185185185195