1 0.6294270833333333 0.42685185185185187 0.011979166666666667 0.040740740740740744
1 0.51875 0.21805555555555556 0.008854166666666666 0.03425925925925926
1 0.43203125 0.4439814814814815 0.008333333333333333 0.04537037037037037
1 0.2643229166666667 0.26435185185185184 0.007291666666666667 0.040740740740740744
1 0.3958333333333333 0.1935185185185185 0.0067708333333333336 0.03333333333333333
1 0.24635416666666668 0.15555555555555556 0.0078125 0.03425925925925926
1 0.040625 0.26666666666666666 0.008854166666666666 0.03611111111111111
1 0.4627604166666667 0.15462962962962962 0.00625 0.02962962962962963
1 0.22916666666666666 0.36342592592592593 0.007291666666666667 0.044444444444444446
1 0.6283854166666667 0.6222222222222222 0.017708333333333333 0.046296296296296294
1 0.8645833333333334 0.28194444444444444 0.0109375 0.03796296296296296
1 0.41354166666666664 0.18055555555555555 0.005729166666666666 0.03148148148148148
1 0.5716145833333334 0.1675925925925926 0.0078125 0.03425925925925926
1 0.340625 0.23472222222222222 0.007291666666666667 0.03611111111111111
1 0.4203125 0.11388888888888889 0.005208333333333333 0.02962962962962963
2 0.28020833333333334 0.09583333333333334 0.005208333333333333 0.028703703703703703
1 0.44557291666666665 0.1375 0.005729166666666666 0.02962962962962963
2 0.48932291666666666 0.23981481481481481 0.00625 0.03611111111111111
2 0.71921875 0.9337685185185185 0.018609375000000008 0.06114814814814811
1 0.30054166666666665 0.5022222222222222 0.01353125000000001 0.054129629629629666
1 0.5420260416666667 0.16341666666666668 0.006338541666666705 0.032555555555555525
1 0.49095833333333333 0.11708333333333332 0.005635416666666633 0.027546296296296284
1 0.32630729166666667 0.10675 0.006692708333333286 0.02441666666666666
1 0.32278645833333336 0.1574722222222222 0.009510416666666662 0.0294259259259259
0 0.35236979166666665 0.12021296296296298 0.005281250000000052 0.012518518518518516