1 0.78203125 0.2023148148148148 0.008854166666666666 0.03148148148148148
1 0.23020833333333332 0.19583333333333333 0.008854166666666666 0.032407407407407406
1 0.3697916666666667 0.15648148148148147 0.0067708333333333336 0.025925925925925925
1 0.34375 0.25046296296296294 0.008333333333333333 0.03333333333333333
1 0.6184895833333334 0.2513888888888889 0.009895833333333333 0.03333333333333333
1 0.44427083333333334 0.49583333333333335 0.009375 0.046296296296296294
1 0.3411458333333333 0.4393518518518518 0.008333333333333333 0.04351851851851852
1 0.2786458333333333 0.17083333333333334 0.007291666666666667 0.026851851851851852
2 0.23671875 0.12824074074074074 0.0078125 0.026851851851851852
2 0.8518229166666667 0.8824074074074074 0.0203125 0.049074074074074076
1 0.49583333333333335 0.15787037037037038 0.0067708333333333336 0.027777777777777776
2 0.47890625 0.2300925925925926 0.0067708333333333336 0.03148148148148148
1 0.6015625 0.5166666666666667 0.0109375 0.04351851851851852
1 0.42213541666666665 0.29305555555555557 0.008333333333333333 0.03518518518518519
1 0.5390625 0.2574074074074074 0.008333333333333333 0.03333333333333333
1 0.5380208333333333 0.16666666666666666 0.007291666666666667 0.026851851851851852
1 0.5708333333333333 0.15601851851851853 0.0067708333333333336 0.024074074074074074
1 0.3765833333333333 0.29436111111111113 0.008140625000000058 0.03762962962962962
1 0.32692708333333337 0.24515740740740738 0.0078125 0.028361111111111108
1 0.43763541666666667 0.15166666666666667 0.009119791666666661 0.030101851851851845
1 0.542 0.1455925925925926 0.004885416666666724 0.024888888888888884
1 0.5473697916666667 0.12735185185185185 0.009770833333333447 0.021999999999999992
1 0.568375 0.12937962962962962 0.010744791666666724 0.024888888888888884
1 0.6256822916666667 0.4136111111111111 0.008140625000000058 0.028361111111111108
0 0.7232083333333333 0.17626851851851852 0.005859375 0.005212962962962959