1 0.571875 0.78125 0.028125 0.12916666666666668
1 0.798828125 0.5909722222222222 0.03671875 0.10138888888888889
1 0.38203125 0.6118055555555556 0.0203125 0.09583333333333334
1 0.310546875 0.40347222222222223 0.01953125 0.06805555555555555
1 0.106640625 0.5097222222222222 0.02265625 0.09722222222222222
1 0.673046875 0.4375 0.02421875 0.07777777777777778
1 0.576171875 0.4576388888888889 0.02421875 0.08194444444444444
1 0.201953125 0.5055555555555555 0.02421875 0.08888888888888889
1 0.009375 0.4576388888888889 0.01875 0.08472222222222223
1 0.3453125 0.44375 0.015625 0.07916666666666666
1 0.342578125 0.3770833333333333 0.01640625 0.05694444444444444
1 0.352734375 0.4326388888888889 0.01015625 0.07916666666666666
0 0.6657968750000001 0.4652777777777778 0.012156249999999957 0.02315277777777772