1 0.69375 0.2935185185185185 0.010416666666666666 0.03518518518518519
1 0.24557291666666667 0.19768518518518519 0.008854166666666666 0.02962962962962963
1 0.5619791666666667 0.2861111111111111 0.0067708333333333336 0.03611111111111111
1 0.37083333333333335 0.3111111111111111 0.0078125 0.03796296296296296
1 0.5572916666666666 0.1736111111111111 0.005729166666666666 0.030555555555555555
1 0.6033854166666667 0.5074074074074074 0.008854166666666666 0.03981481481481482
1 0.4041666666666667 0.32314814814814813 0.007291666666666667 0.037037037037037035
2 0.45807291666666666 0.23981481481481481 0.0067708333333333336 0.03425925925925926
1 0.32864583333333336 0.46944444444444444 0.008854166666666666 0.04259259259259259
1 0.43645833333333334 0.16620370370370371 0.00625 0.027777777777777776
2 0.93515625 0.8629629629629629 0.017708333333333333 0.04537037037037037
1 0.334375 0.2759259259259259 0.008333333333333333 0.037037037037037035
1 0.5104166666666666 0.17731481481481481 0.0067708333333333336 0.030555555555555555
1 0.5721354166666667 0.5055555555555555 0.009375 0.044444444444444446
2 0.2671875 0.13518518518518519 0.0067708333333333336 0.025
1 0.303125 0.2875 0.008333333333333333 0.03518518518518519
1 0.47161458333333334 0.17314814814814813 0.007291666666666667 0.028703703703703703
1 0.5791666666666667 0.1175925925925926 0.005729166666666666 0.025
1 0.40011979166666667 0.5727685185185185 0.010947916666666658 0.04634259259259255
1 0.30156770833333335 0.21162037037037038 0.008468749999999995 0.03190740740740739
1 0.36370833333333336 0.18662962962962965 0.0067708333333333336 0.028898148148148128
1 0.4995052083333333 0.14087962962962963 0.009484375000000019 0.026490740740740752
1 0.5983906250000001 0.1553240740740741 0.00880729166666659 0.03130555555555556
1 0.775671875 0.16947222222222222 0.009822916666666733 0.02468518518518521
0 0.7644947916666667 0.1839259259259259 0.004401041666666572 0.006620370370370349