1 0.0453125 0.4583333333333333 0.016666666666666666 0.04259259259259259
1 0.28177083333333336 0.700925925925926 0.016145833333333335 0.05462962962962963
1 0.09479166666666666 0.23287037037037037 0.0109375 0.032407407407407406
1 0.09583333333333334 0.3050925925925926 0.010416666666666666 0.03796296296296296
1 0.19557291666666668 0.30648148148148147 0.008854166666666666 0.03518518518518519
1 0.44557291666666665 0.274537037037037 0.008333333333333333 0.03333333333333333
1 0.04765625 0.575925925925926 0.015625 0.040740740740740744
1 0.13567708333333334 0.2439814814814815 0.011458333333333333 0.03518518518518519
1 0.21875 0.4166666666666667 0.0109375 0.04537037037037037
1 0.29140625 0.48055555555555557 0.0109375 0.04351851851851852
1 0.5075520833333333 0.4324074074074074 0.010416666666666666 0.03981481481481482
1 0.7638020833333333 0.2916666666666667 0.009375 0.03611111111111111
1 0.34270833333333334 0.2740740740740741 0.010416666666666666 0.03425925925925926
1 0.32890625 0.27314814814814814 0.0125 0.03611111111111111
1 0.6067708333333334 0.48148148148148145 0.0109375 0.046296296296296294
1 0.47161458333333334 0.33287037037037037 0.010416666666666666 0.037037037037037035
1 0.6123020833333332 0.15475 0.007421875 0.03494444444444445
1 0.16302083333333334 0.32299074074074074 0.017708333333333333 0.041666666666666664
1 0.6533854166666667 0.19490740740740742 0.0067708333333333336 0.032407407407407406
1 0.4395364583333333 0.09874074074074074 0.007328124999999967 0.033083333333333326
0 0.6080416666666667 0.17047222222222225 0.005286458333333381 0.007425925925925909