1 0.45546875 0.4486111111111111 0.010416666666666666 0.044444444444444446
1 0.35911458333333335 0.4115740740740741 0.011458333333333333 0.044444444444444446
1 0.7578125 0.27037037037037037 0.0078125 0.03518518518518519
1 0.5671875 0.17685185185185184 0.00625 0.030555555555555555
1 0.5645833333333333 0.28888888888888886 0.0067708333333333336 0.03611111111111111
1 0.3578125 0.2777777777777778 0.0078125 0.03981481481481482
1 0.17057291666666666 0.23703703703703705 0.0078125 0.03333333333333333
1 0.6458333333333334 0.16805555555555557 0.0067708333333333336 0.02962962962962963
1 0.49114583333333334 0.17175925925925925 0.0067708333333333336 0.032407407407407406
1 0.49114583333333334 0.2953703703703704 0.007291666666666667 0.037037037037037035
1 0.46015625 0.4388888888888889 0.008333333333333333 0.040740740740740744
2 0.5875 0.26990740740740743 0.007291666666666667 0.03333333333333333
1 0.5682291666666667 0.14027777777777778 0.005729166666666666 0.027777777777777776
1 0.6864583333333333 0.18009259259259258 0.00625 0.02962962962962963
1 0.7499479166666667 0.4653888888888889 0.0078125 0.037037037037037035
1 0.6138020833333333 0.1824074074074074 0.0067708333333333336 0.03425925925925926
1 0.66421875 0.5656574074074073 0.012031249999999953 0.050703703703703695
1 0.5873489583333333 0.1441851851851852 0.005348958333333324 0.03168518518518516
1 0.5650677083333334 0.12200925925925928 0.005348958333333324 0.02851851851851853
1 0.5534791666666667 0.12161111111111111 0.006239583333333343 0.024555555555555553
1 0.5352083333333333 0.11289814814814815 0.005348958333333324 0.022972222222222224
1 0.44786458333333334 0.11725 0.007130208333333362 0.02851851851851853
0 0.48752604166666663 0.11051851851851852 0.004458333333333305 0.0071296296296296195
2 0.41020833333333334 0.09189814814814815 0.009359375000000014 0.026935185185185187
1 0.3745572916666667 0.23252777777777778 0.006682291666666629 0.03882407407407405