1 0.5184895833333333 0.15046296296296297 0.0078125 0.027777777777777776
1 0.6442708333333333 0.33935185185185185 0.0078125 0.040740740740740744
1 0.43125 0.21574074074074073 0.008333333333333333 0.030555555555555555
1 0.4361979166666667 0.3509259259259259 0.008854166666666666 0.040740740740740744
1 0.48046875 0.23472222222222222 0.0078125 0.03518518518518519
1 0.61796875 0.2935185185185185 0.008854166666666666 0.03796296296296296
1 0.46328125 0.22407407407407406 0.008333333333333333 0.032407407407407406
1 0.5046875 0.33055555555555555 0.0078125 0.03888888888888889
1 0.32057291666666665 0.2310185185185185 0.008333333333333333 0.03148148148148148
1 0.6921875 0.5023148148148148 0.009375 0.04537037037037037
1 0.54140625 0.3138888888888889 0.007291666666666667 0.03611111111111111
1 0.6109375 0.2490740740740741 0.0067708333333333336 0.037037037037037035
1 0.6596354166666667 0.4412037037037037 0.008854166666666666 0.044444444444444446
1 0.5088541666666667 0.23055555555555557 0.0078125 0.03425925925925926
2 0.91328125 0.7157407407407408 0.016145833333333335 0.046296296296296294
2 0.2296875 0.1439814814814815 0.0078125 0.027777777777777776
1 0.62109375 0.26944444444444443 0.0078125 0.03796296296296296
1 0.3268229166666667 0.43842592592592594 0.010416666666666666 0.04537037037037037
1 0.3768229166666667 0.28055555555555556 0.010416666666666666 0.03518518518518519
2 0.5158854166666667 0.28703703703703703 0.0078125 0.03518518518518519
1 0.60234375 0.3578703703703704 0.008854166666666666 0.037037037037037035
1 0.5268489583333333 0.26332407407407404 0.011442708333333348 0.03425000000000001
0 0.3570520833333333 0.24726851851851853 0.005416666666666714 0.008564814814814815
1 0.44947916666666665 0.12362962962962964 0.010234375000000047 0.02675925925925925
1 0.7482760416666667 0.2467314814814815 0.009932291666666752 0.035324074074074056