1 0.2630208333333333 0.6129629629629629 0.009895833333333333 0.05277777777777778
1 0.2825520833333333 0.3337962962962963 0.007291666666666667 0.03518518518518519
1 0.7078125 0.33425925925925926 0.009375 0.03796296296296296
1 0.5471354166666667 0.4310185185185185 0.013020833333333334 0.04259259259259259
1 0.36953125 0.2662037037037037 0.0067708333333333336 0.03148148148148148
1 0.52734375 0.6402777777777777 0.014583333333333334 0.044444444444444446
1 0.5473958333333333 0.6504629629629629 0.016666666666666666 0.04722222222222222
1 0.7143229166666667 0.48518518518518516 0.017708333333333333 0.04722222222222222
1 0.5622395833333333 0.25925925925925924 0.009895833333333333 0.03518518518518519
1 0.79609375 0.35 0.010416666666666666 0.037037037037037035
1 0.7283854166666667 0.29305555555555557 0.008333333333333333 0.03333333333333333
1 0.06614583333333333 0.45555555555555555 0.013020833333333334 0.03611111111111111
1 0.23958333333333334 0.29305555555555557 0.007291666666666667 0.03611111111111111
2 0.48411458333333335 0.3902777777777778 0.008333333333333333 0.03888888888888889
1 0.09479166666666666 0.412962962962963 0.0078125 0.041666666666666664
1 0.26927083333333335 0.25277777777777777 0.005729166666666666 0.02962962962962963
1 0.34088541666666666 0.22407407407407406 0.007291666666666667 0.026851851851851852
1 0.6760416666666667 0.19953703703703704 0.011458333333333333 0.030555555555555555
1 0.2763333333333333 0.2629074074074074 0.007005208333333357 0.03512037037037032
1 0.2431875 0.25162962962962965 0.010807291666666666 0.028361111111111108
1 0.3525625 0.2145648148148148 0.007203124999999962 0.02745370370370368
0 0.27394270833333334 0.29005555555555557 0.006432291666666619 0.008231481481481468
1 0.5254947916666667 0.24087037037037035 0.008234374999999971 0.031564814814814844
2 0.4745416666666667 0.07662962962962963 0.007203124999999962 0.025166666666666674