1 0.6200520833333333 0.31527777777777777 0.009375 0.03333333333333333
1 0.7580729166666667 0.4875 0.010416666666666666 0.03796296296296296
1 0.6067708333333334 0.39675925925925926 0.011458333333333333 0.03333333333333333
1 0.190625 0.4222222222222222 0.011979166666666667 0.041666666666666664
1 0.5309895833333333 0.2824074074074074 0.009375 0.032407407407407406
1 0.2796875 0.25555555555555554 0.008854166666666666 0.03425925925925926
1 0.45260416666666664 0.5601851851851852 0.0125 0.040740740740740744
1 0.36328125 0.33564814814814814 0.009895833333333333 0.037037037037037035
1 0.5109375 0.425 0.0109375 0.03888888888888889
1 0.6697916666666667 0.4013888888888889 0.013541666666666667 0.03518518518518519
1 0.5067708333333333 0.3060185185185185 0.009895833333333333 0.03518518518518519
1 0.7791666666666667 0.274537037037037 0.008854166666666666 0.030555555555555555
2 0.4049479166666667 0.3351851851851852 0.008333333333333333 0.03333333333333333
1 0.5901041666666667 0.22314814814814815 0.009375 0.030555555555555555
1 0.77109375 0.5879629629629629 0.013541666666666667 0.046296296296296294
1 0.56875 0.20787037037037037 0.008854166666666666 0.028703703703703703
1 0.4270833333333333 0.5787037037037037 0.013020833333333334 0.03796296296296296
1 0.28151041666666665 0.3425925925925926 0.009895833333333333 0.03333333333333333
2 0.9182291666666667 0.7412037037037037 0.0171875 0.04722222222222222
1 0.28489583333333335 0.337037037037037 0.009895833333333333 0.03425925925925926
1 0.3263020833333333 0.49398148148148147 0.011979166666666667 0.03981481481481482
2 0.19244791666666666 0.15555555555555556 0.007291666666666667 0.022222222222222223
1 0.6515625 0.3972222222222222 0.011979166666666667 0.03611111111111111
1 0.284375 0.3236111111111111 0.009895833333333333 0.02962962962962963
1 0.449609375 0.31223148148148144 0.011354166666666643 0.03581481481481477
0 0.765890625 0.6023240740740741 0.0073281250000000854 0.013027777777777718