1 0.39296875 0.3333333333333333 0.007291666666666667 0.03796296296296296
1 0.32109375 0.17453703703703705 0.007291666666666667 0.030555555555555555
1 0.10572916666666667 0.5972222222222222 0.015625 0.053703703703703705
1 0.5309895833333333 0.29398148148148145 0.008854166666666666 0.03518518518518519
1 0.4041666666666667 0.2388888888888889 0.0078125 0.03425925925925926
1 0.25364583333333335 0.26990740740740743 0.011458333333333333 0.03888888888888889
1 0.21119791666666668 0.3509259259259259 0.009895833333333333 0.04259259259259259
1 0.3221354166666667 0.4013888888888889 0.0109375 0.044444444444444446
2 0.28229166666666666 0.10972222222222222 0.00625 0.025925925925925925
1 0.8846354166666667 0.34074074074074073 0.0125 0.03888888888888889
1 0.45338541666666665 0.41574074074074074 0.008854166666666666 0.05
2 0.79375 0.9412037037037037 0.016145833333333335 0.040740740740740744
1 0.24088541666666666 0.5634259259259259 0.017708333333333333 0.05277777777777778
1 0.13411458333333334 0.48657407407407405 0.013020833333333334 0.04259259259259259
1 0.296875 0.20972222222222223 0.008333333333333333 0.03611111111111111
1 0.5059895833333333 0.27314814814814814 0.007291666666666667 0.03611111111111111
1 0.351609375 0.41880555555555554 0.011385416666666615 0.049157407407407434
1 0.072921875 0.8241203703703703 0.013552083333333331 0.05590740740740751
1 0.5489635416666666 0.554712962962963 0.013552083333333324 0.06072222222222216
2 0.5164322916666666 0.2650648148148148 0.0070468749999999854 0.02699074074074072
1 0.6237812500000001 0.24337962962962964 0.008130208333333399 0.03373148148148146
1 0.5107395833333334 0.1363888888888889 0.00976041666666667 0.029879629629629614
1 0.47754166666666664 0.2599722222222222 0.00834374999999999 0.037999999999999964
1 0.34981249999999997 0.30399074074074073 0.010427083333333325 0.03707407407407404