1 0.752734375 0.6881944444444444 0.04296875 0.1486111111111111
1 0.39140625 0.5888888888888889 0.0484375 0.125
1 0.134375 0.46319444444444446 0.0453125 0.11527777777777778
1 0.3796875 0.2847222222222222 0.0234375 0.08611111111111111
1 0.4765625 0.6465277777777778 0.0359375 0.1375
2 0.688671875 0.37083333333333335 0.03828125 0.1
1 0.634375 0.46944444444444444 0.034375 0.10277777777777777
1 0.51953125 0.6013888888888889 0.046875 0.10833333333333334
1 0.638671875 0.20277777777777778 0.01640625 0.06944444444444445
1 0.530859375 0.4097222222222222 0.03515625 0.10555555555555556
1 0.904296875 0.2722222222222222 0.02265625 0.07777777777777778
1 0.392578125 0.21597222222222223 0.02109375 0.06527777777777778
1 0.247265625 0.2847222222222222 0.02421875 0.08611111111111111
1 0.93125 0.41041666666666665 0.0375 0.10416666666666667
1 0.963671875 0.25416666666666665 0.01953125 0.08055555555555556
2 0.440234375 0.09375 0.01796875 0.05694444444444444
1 0.459765625 0.6395833333333333 0.02265625 0.1375
0 0.4 0.6451388888888889 0.0109375 0.02638888888888889