1 0.762109375 0.31319444444444444 0.03046875 0.10138888888888889
1 0.858203125 0.4486111111111111 0.02578125 0.12222222222222222
1 0.409375 0.25625 0.0171875 0.0875
1 0.376953125 0.46319444444444446 0.02578125 0.10972222222222222
1 0.247265625 0.4125 0.02421875 0.1
1 0.791796875 0.5270833333333333 0.02109375 0.12083333333333333
1 0.714453125 0.5166666666666667 0.02421875 0.12777777777777777
1 0.66328125 0.30486111111111114 0.021875 0.09861111111111111
1 0.339453125 0.3701388888888889 0.01953125 0.09583333333333334
1 0.39453125 0.16111111111111112 0.015625 0.06944444444444445
1 0.566015625 0.24791666666666667 0.01640625 0.07361111111111111
2 0.35390625 0.30694444444444446 0.0140625 0.08888888888888889
1 0.1515625 0.24861111111111112 0.0171875 0.08055555555555556
1 0.57890625 0.43333333333333335 0.046875 0.09166666666666666
1 0.557421875 0.33611111111111114 0.02421875 0.09166666666666666
1 0.32734375 0.5354166666666667 0.0390625 0.11805555555555555
1 0.557421875 0.40069444444444446 0.03984375 0.08472222222222223
0 0.372265625 0.5756944444444444 0.01015625 0.02361111111111111