1 0.7825520833333334 0.6625 0.0140625 0.05
1 0.15572916666666667 0.28703703703703703 0.008333333333333333 0.03981481481481482
1 0.78828125 0.8199074074074074 0.017708333333333333 0.05555555555555555
1 0.46640625 0.29768518518518516 0.009895833333333333 0.03888888888888889
1 0.44192708333333336 0.2884259259259259 0.008854166666666666 0.037037037037037035
1 0.29270833333333335 0.13240740740740742 0.0078125 0.032407407407407406
1 0.23776041666666667 0.16898148148148148 0.007291666666666667 0.03796296296296296
2 0.43854166666666666 0.22037037037037038 0.0078125 0.03611111111111111
1 0.8341145833333333 0.29212962962962963 0.008854166666666666 0.03333333333333333
1 0.5294270833333333 0.22314814814814815 0.0078125 0.03611111111111111
1 0.83646875 0.3044907407407408 0.010562500000000105 0.04200000000000001
2 0.4080729166666667 0.016666666666666666 0.005729166666666666 0.022222222222222223
1 0.6908854166666667 0.20833333333333334 0.0078125 0.03611111111111111
1 0.17578125 0.5902777777777778 0.014583333333333334 0.05185185185185185
1 0.5200520833333333 0.050462962962962966 0.005729166666666666 0.026851851851851852
1 0.3489583333333333 0.4888888888888889 0.0125 0.049074074074074076
1 0.7916666666666666 0.42685185185185187 0.010416666666666666 0.03981481481481482
1 0.8018229166666667 0.40925925925925927 0.0109375 0.049074074074074076
1 0.6096354166666667 0.11666666666666667 0.0067708333333333336 0.03148148148148148
1 0.29828645833333334 0.29121296296296295 0.010151041666666671 0.045111111111111137
1 0.673546875 0.18194444444444444 0.0073281250000000854 0.039092592592592616
0 0.2949895833333333 0.14851851851851852 0.003333333333333381 0.006666666666666656