1 0.53359375 0.412962962962963 0.011458333333333333 0.03611111111111111
1 0.16640625 0.2152777777777778 0.009895833333333333 0.03333333333333333
1 0.3411458333333333 0.25833333333333336 0.010416666666666666 0.03425925925925926
1 0.61640625 0.24768518518518517 0.010416666666666666 0.03425925925925926
1 0.4471354166666667 0.4837962962962963 0.013020833333333334 0.04351851851851852
1 0.58046875 0.24074074074074073 0.0078125 0.03148148148148148
1 0.4375 0.24861111111111112 0.0109375 0.03333333333333333
1 0.42083333333333334 0.16944444444444445 0.008333333333333333 0.026851851851851852
1 0.3541666666666667 0.36574074074074076 0.011458333333333333 0.041666666666666664
1 0.73046875 0.7337962962962963 0.016145833333333335 0.05740740740740741
1 0.34479166666666666 0.11527777777777778 0.007291666666666667 0.027777777777777776
1 0.5049479166666667 0.16296296296296298 0.0078125 0.028703703703703703
1 0.9895833333333334 0.3388888888888889 0.0109375 0.03796296296296296
1 0.4895833333333333 0.1625 0.007291666666666667 0.02962962962962963
1 0.6994791666666667 0.46064814814814814 0.015625 0.03796296296296296
2 0.800546875 0.9888611111111112 0.01403645833333324 0.022277777777777726
2 0.5932291666666667 0.2534259259259259 0.00872916666666678 0.031574074074074095
1 0.4997552083333333 0.22773148148148148 0.007828124999999986 0.030509259259259274
1 0.6245416666666667 0.18062962962962964 0.005718750000000009 0.031574074074074095
1 0.5494270833333333 0.1257777777777778 0.010838541666666639 0.025694444444444443
1 0.46453125 0.10998148148148149 0.009635416666666667 0.023018518518518532
1 0.425390625 0.1370185185185185 0.007223958333333277 0.028898148148148128
1 0.39934895833333334 0.17394444444444446 0.008729166666666661 0.025694444444444443
2 0.378125 0.095 0.007828124999999986 0.026222222222222216
0 0.35630208333333335 0.1295185185185185 0.004515625000000038 0.009629629629629608