1 0.93984375 0.5631944444444444 0.028125 0.1486111111111111
1 0.377734375 0.5916666666666667 0.02734375 0.1388888888888889
1 0.101953125 0.38958333333333334 0.02578125 0.10972222222222222
1 0.30234375 0.41805555555555557 0.025 0.11944444444444445
1 0.305859375 0.5958333333333333 0.02890625 0.14166666666666666
1 0.68515625 0.3819444444444444 0.03125 0.11388888888888889
1 0.330078125 0.34305555555555556 0.01640625 0.1111111111111111
1 0.123046875 0.4666666666666667 0.03046875 0.1388888888888889
1 0.233203125 0.3055555555555556 0.03515625 0.08055555555555556
1 0.6796875 0.26944444444444443 0.0265625 0.10277777777777777
2 0.014453125 0.4895833333333333 0.02890625 0.14027777777777778
1 0.008203125 0.30416666666666664 0.01640625 0.08888888888888889
1 0.601171875 0.3972222222222222 0.02890625 0.12222222222222222
0 0.6749140625 0.379625 0.0078125 0.018513888888888944