1 0.7786458333333334 0.32222222222222224 0.011458333333333333 0.03611111111111111
1 0.6408854166666667 0.6101851851851852 0.0125 0.041666666666666664
1 0.6984375 0.4287037037037037 0.0140625 0.04722222222222222
1 0.23359375 0.19907407407407407 0.009895833333333333 0.032407407407407406
1 0.5653645833333333 0.24166666666666667 0.009895833333333333 0.03611111111111111
1 0.5411458333333333 0.1310185185185185 0.010416666666666666 0.026851851851851852
1 0.31927083333333334 0.24722222222222223 0.010416666666666666 0.02962962962962963
1 0.30416666666666664 0.24305555555555555 0.009895833333333333 0.03425925925925926
1 0.7588541666666667 0.3111111111111111 0.009895833333333333 0.03888888888888889
1 0.10546875 0.34675925925925927 0.011979166666666667 0.024074074074074074
1 0.5973958333333333 0.2824074074074074 0.009375 0.03518518518518519
1 0.6770833333333334 0.4300925925925926 0.010416666666666666 0.049074074074074076
1 0.5901041666666667 0.5680555555555555 0.010416666666666666 0.05925925925925926
2 0.4822916666666667 0.2828703703703704 0.009375 0.03611111111111111
1 0.3532604166666667 0.3402777777777778 0.009645833333333324 0.03611111111111111
1 0.20729166666666668 0.1597222222222222 0.009895833333333333 0.027777777777777776
1 0.2075 0.5625462962962963 0.013979166666666683 0.047129629629629716
1 0.25377083333333333 0.5351296296296297 0.02168749999999999 0.043703703703703745
1 0.027234375 0.4537222222222222 0.014942708333333336 0.04884259259259259
1 0.07519270833333333 0.3140462962962963 0.014458333333333328 0.038555555555555544
0 0.07326562499999999 0.3581759259259259 0.0048177083333333336 0.008564814814814815
1 0.3612604166666667 0.3461851851851852 0.013979166666666624 0.03427777777777776
1 0.3971666666666666 0.07840740740740741 0.008677083333333375 0.02827777777777777
2 0.40439583333333334 0.02399074074074074 0.0077135416666666385 0.02912962962962963
2 0.7986770833333333 0.9897129629629631 0.01831770833333337 0.020574074074073887