1 0.55078125 0.6930555555555555 0.0375 0.15
1 0.309765625 0.3298611111111111 0.02734375 0.09305555555555556
1 0.9328125 0.21180555555555555 0.0203125 0.06805555555555555
1 0.448828125 0.5375 0.02734375 0.10555555555555556
1 0.81953125 0.3298611111111111 0.021875 0.08194444444444444
1 0.86640625 0.37083333333333335 0.021875 0.1
1 0.976953125 0.4736111111111111 0.03359375 0.11944444444444445
1 0.2703125 0.4513888888888889 0.0296875 0.10277777777777777
1 0.6921875 0.4930555555555556 0.015625 0.1111111111111111
1 0.52421875 0.32916666666666666 0.0265625 0.08611111111111111
2 0.972265625 0.3770833333333333 0.02734375 0.10138888888888889
2 0.321484375 0.1909722222222222 0.01796875 0.06527777777777778
1 0.6765625 0.4666666666666667 0.0171875 0.10555555555555556
0 0.34288281249999997 0.49151388888888886 0.010414062500000033 0.02315277777777772