1 0.09479166666666666 0.21851851851851853 0.008333333333333333 0.03425925925925926
1 0.04583333333333333 0.4597222222222222 0.015104166666666667 0.03981481481481482
1 0.33125 0.42453703703703705 0.009895833333333333 0.04259259259259259
1 0.7203125 0.3087962962962963 0.009895833333333333 0.03888888888888889
1 0.45703125 0.19953703703703704 0.0078125 0.02962962962962963
1 0.12578125 0.8157407407407408 0.0203125 0.05462962962962963
1 0.23359375 0.25416666666666665 0.009375 0.03611111111111111
1 0.48854166666666665 0.5194444444444445 0.010416666666666666 0.05
1 0.5354166666666667 0.29259259259259257 0.0078125 0.03611111111111111
1 0.6122395833333333 0.16157407407407406 0.00625 0.027777777777777776
2 0.0859375 0.4962962962962963 0.014583333333333334 0.046296296296296294
1 0.2230625 0.27102777777777776 0.009895833333333333 0.03888888888888889
1 0.30807291666666664 0.17407407407407408 0.008854166666666666 0.030555555555555555
1 0.3111979166666667 0.17175925925925925 0.008854166666666666 0.03148148148148148
1 0.27760416666666665 0.3972222222222222 0.0109375 0.044444444444444446
1 0.68671875 0.2101851851851852 0.007291666666666667 0.02962962962962963
1 0.08463541666666667 0.6388888888888888 0.016666666666666666 0.05555555555555555
1 0.11432291666666666 0.27546296296296297 0.010416666666666666 0.03981481481481482
1 0.4247916666666667 0.2656759259259259 0.009375 0.03148148148148148
1 0.523625 0.25510185185185186 0.008020833333333382 0.03644444444444446
0 0.550359375 0.14854629629629632 0.008020833333333382 0.011879629629629615
1 0.45856250000000004 0.1014074074074074 0.007130208333333362 0.030101851851851845
1 0.6911354166666667 0.5670092592592593 0.012463541666666581 0.04495370370370366