1 0.1546875 0.25069444444444444 0.0203125 0.11527777777777778
1 0.559765625 0.3284722222222222 0.02734375 0.10416666666666667
1 0.171875 0.34305555555555556 0.0328125 0.09166666666666666
1 0.139453125 0.43194444444444446 0.03671875 0.14722222222222223
1 0.70859375 0.6597222222222222 0.0453125 0.175
1 0.28828125 0.34305555555555556 0.03125 0.10833333333333334
1 0.521484375 0.275 0.02421875 0.1
1 0.82109375 0.5083333333333333 0.028125 0.1527777777777778
1 0.31353906249999997 0.22315277777777776 0.032289062500000035 0.09259722222222225
1 0.68515625 0.3333333333333333 0.025 0.1111111111111111
1 0.703515625 0.3145833333333333 0.02109375 0.08472222222222223
2 0.0592421875 0.20447222222222222 0.021265625 0.09661111111111112
0 0.47578125 0.35833333333333334 0.0140625 0.022222222222222223
2 0.3765625 0.4111111111111111 0.034375 0.1361111111111111