1 0.04140625 0.45787037037037037 0.013541666666666667 0.04814814814814815
1 0.09557291666666666 0.3013888888888889 0.011458333333333333 0.037037037037037035
1 0.14348958333333334 0.2388888888888889 0.009895833333333333 0.037037037037037035
1 0.09583333333333334 0.22824074074074074 0.010416666666666666 0.032407407407407406
1 0.27109375 0.7087962962962963 0.017708333333333333 0.05185185185185185
1 0.04791666666666667 0.5763888888888888 0.015104166666666667 0.041666666666666664
1 0.19557291666666668 0.30092592592592593 0.009895833333333333 0.03425925925925926
1 0.29713541666666665 0.48009259259259257 0.010416666666666666 0.04259259259259259
1 0.21744791666666666 0.42083333333333334 0.010416666666666666 0.044444444444444446
1 0.34378125 0.27997222222222223 0.007229166666666723 0.03819444444444445
1 0.44192708333333336 0.10046296296296296 0.007291666666666667 0.026851851851851852
1 0.5052083333333334 0.44351851851851853 0.009895833333333333 0.03888888888888889
1 0.76796875 0.2962962962962963 0.009895833333333333 0.037037037037037035
1 0.16145833333333334 0.32407407407407407 0.013541666666666667 0.03981481481481482
1 0.6536458333333334 0.19537037037037036 0.0067708333333333336 0.03425925925925926
1 0.6048281249999999 0.4942870370370371 0.008598958333333446 0.0463611111111111
1 0.6153697916666666 0.15743518518518518 0.008031250000000038 0.034722222222222224
1 0.47478125000000004 0.3318055555555556 0.009020833333333301 0.03809259259259258
1 0.45222395833333334 0.27316666666666667 0.006765625000000005 0.037092592592592545
0 0.6081354166666666 0.17091666666666666 0.005072916666666553 0.013027777777777772
2 0.9630937500000001 0.5257777777777778 0.011276041666666714 0.04310185185185181
1 0.338265625 0.2695462962962963 0.006593750000000042 0.03955555555555558