1 0.6119791666666666 0.3347222222222222 0.0078125 0.037037037037037035
1 0.43723958333333335 0.3074074074074074 0.007291666666666667 0.040740740740740744
1 0.4828125 0.24675925925925926 0.007291666666666667 0.03611111111111111
1 0.5942708333333333 0.6430555555555556 0.011458333333333333 0.04814814814814815
1 0.71484375 0.4601851851851852 0.010416666666666666 0.049074074074074076
1 0.4825520833333333 0.5763888888888888 0.009375 0.05
1 0.4825520833333333 0.19166666666666668 0.00625 0.03148148148148148
1 0.33046875 0.23657407407407408 0.0078125 0.03796296296296296
2 0.91015625 0.9263888888888889 0.019791666666666666 0.05277777777777778
1 0.5807291666666666 0.4097222222222222 0.0078125 0.04259259259259259
1 0.4708333333333333 0.3351851851851852 0.007291666666666667 0.03796296296296296
1 0.2916666666666667 0.28425925925925927 0.007291666666666667 0.03888888888888889
1 0.39401041666666664 0.3597222222222222 0.0078125 0.040740740740740744
1 0.4127604166666667 0.43194444444444446 0.010416666666666666 0.041666666666666664
2 0.4622395833333333 0.4046296296296296 0.007291666666666667 0.04351851851851852
1 0.6875 0.27314814814814814 0.0078125 0.03981481481481482
1 0.3815104166666667 0.34629629629629627 0.0067708333333333336 0.03611111111111111
1 0.9953125 0.3300925925925926 0.008854166666666666 0.03888888888888889
1 0.49557291666666664 0.2810185185185185 0.0067708333333333336 0.040740740740740744
1 0.5786458333333333 0.15601851851851853 0.00625 0.03148148148148148
1 0.4825520833333333 0.2800925925925926 0.0067708333333333336 0.03981481481481482
1 0.9638020833333333 0.07407407407407407 0.0078125 0.023148148148148147
2 0.3294270833333333 0.11157407407407408 0.00625 0.030555555555555555
1 0.44816666666666666 0.45399074074074075 0.01019791666666663 0.03954629629629633
1 0.451875 0.41278703703703706 0.00927083333333331 0.04284259259259258
0 0.4801458333333333 0.353462962962963 0.006489583333333352 0.013185185185185194