1 0.3875 0.37592592592592594 0.009375 0.03888888888888889
1 0.24765625 0.8060185185185185 0.014583333333333334 0.05925925925925926
1 0.24296875 0.5504629629629629 0.0109375 0.04814814814814815
1 0.60078125 0.7532407407407408 0.0171875 0.05185185185185185
1 0.78828125 0.2152777777777778 0.0078125 0.02962962962962963
1 0.20703125 0.37175925925925923 0.010416666666666666 0.04259259259259259
1 0.82109375 0.3921296296296296 0.009375 0.03425925925925926
1 0.6171875 0.16898148148148148 0.0078125 0.032407407407407406
1 0.32109375 0.18194444444444444 0.008333333333333333 0.028703703703703703
1 0.2546875 0.31574074074074077 0.010416666666666666 0.03611111111111111
1 0.34661458333333334 0.3819444444444444 0.011458333333333333 0.03796296296296296
1 0.5338541666666666 0.36435185185185187 0.009895833333333333 0.040740740740740744
1 0.5083333333333333 0.23472222222222222 0.009375 0.03518518518518519
1 0.24739583333333334 0.2814814814814815 0.009375 0.03611111111111111
1 0.44817708333333334 0.5537037037037037 0.013541666666666667 0.05277777777777778
2 0.40260416666666665 0.2675925925925926 0.009895833333333333 0.03518518518518519
1 0.39010416666666664 0.19490740740740742 0.008333333333333333 0.02962962962962963
1 0.4493489583333333 0.20203703703703701 0.0067708333333333336 0.028703703703703703
1 0.32628645833333336 0.269712962962963 0.008468749999999995 0.0349166666666667
1 0.251109375 0.20739814814814816 0.010499999999999983 0.03551851851851853
2 0.22503125 0.13486111111111113 0.007786458333333357 0.027694444444444466
0 0.4500625 0.17187962962962963 0.006093750000000024 0.029500000000000012
1 0.5105104166666666 0.11588888888888889 0.007109375000000047 0.02588888888888888
0 0.8075052083333334 0.41300000000000003 0.006432291666666619 0.010833333333333375