1 0.421875 0.5569444444444445 0.0359375 0.1361111111111111
1 0.18125 0.3263888888888889 0.0234375 0.09722222222222222
1 0.371875 0.2569444444444444 0.01875 0.09444444444444444
2 0.81328125 0.3159722222222222 0.0234375 0.10138888888888889
1 0.95546875 0.22777777777777777 0.0171875 0.08055555555555556
1 0.894921875 0.2902777777777778 0.02265625 0.08888888888888889
1 0.853515625 0.3125 0.01796875 0.09722222222222222
1 0.987109375 0.5118055555555555 0.02578125 0.11527777777777778
1 0.526171875 0.23333333333333334 0.01328125 0.08055555555555556
1 0.641015625 0.3993055555555556 0.01953125 0.10694444444444444
1 0.78515625 0.23402777777777778 0.0203125 0.08472222222222223
1 0.991796875 0.4173611111111111 0.01640625 0.09861111111111111
1 0.62265625 0.3486111111111111 0.0203125 0.09444444444444444
1 0.649609375 0.33402777777777776 0.01796875 0.09305555555555556
1 0.751171875 0.1625 0.01953125 0.06388888888888888
2 0.2296875 0.14583333333333334 0.015625 0.06111111111111111
0 0.455859375 0.6194444444444445 0.01171875 0.022222222222222223