1 0.88515625 0.5076388888888889 0.0453125 0.14305555555555555
1 0.546484375 0.3736111111111111 0.03984375 0.13333333333333333
1 0.326953125 0.25972222222222224 0.03359375 0.11666666666666667
1 0.116015625 0.5694444444444444 0.05546875 0.1361111111111111
1 0.763671875 0.5784722222222223 0.05234375 0.15138888888888888
2 0.90078125 0.30486111111111114 0.025 0.11805555555555555
1 0.551953125 0.13055555555555556 0.02109375 0.08333333333333333
1 0.476171875 0.1840277777777778 0.01953125 0.09305555555555556
1 0.5046875 0.18958333333333333 0.0328125 0.10694444444444444
1 0.700390625 0.08680555555555555 0.02265625 0.08194444444444444
1 0.7046875 0.2 0.0265625 0.10277777777777777
1 0.13125 0.6715277777777777 0.0484375 0.15694444444444444
1 0.726171875 0.14444444444444443 0.02890625 0.09166666666666666
1 0.760546875 0.15763888888888888 0.02421875 0.09027777777777778
2 0.710546875 0.03125 0.02109375 0.0625
0 0.24609375 0.6965277777777777 0.0171875 0.029166666666666667