1 0.6427083333333333 0.3189814814814815 0.009375 0.03796296296296296
1 0.7877604166666666 0.35509259259259257 0.009375 0.041666666666666664
1 0.8643229166666667 0.41805555555555557 0.0109375 0.04259259259259259
1 0.6075520833333333 0.23425925925925925 0.0078125 0.03518518518518519
1 0.6799479166666667 0.2962962962962963 0.008333333333333333 0.03796296296296296
1 0.9356770833333333 0.2898148148148148 0.009375 0.03333333333333333
1 0.7046875 0.28564814814814815 0.0078125 0.03796296296296296
1 0.80390625 0.3939814814814815 0.0109375 0.04259259259259259
1 0.93203125 0.44907407407407407 0.0125 0.03981481481481482
1 0.8403645833333333 0.4013888888888889 0.011458333333333333 0.04259259259259259
1 0.8979166666666667 0.30648148148148147 0.009375 0.04259259259259259
1 0.8236979166666667 0.4046296296296296 0.011979166666666667 0.03888888888888889
2 0.734375 0.3458333333333333 0.009375 0.03888888888888889
1 0.57578125 0.5412037037037037 0.013020833333333334 0.04722222222222222
1 0.9227916666666667 0.43682407407407403 0.010390624999999905 0.04471296296296293
2 0.4830729166666667 0.11342592592592593 0.005729166666666666 0.027777777777777776
1 0.9052760416666668 0.4224722222222222 0.011270833333333266 0.04117592592592595
1 0.5995885416666666 0.3998981481481481 0.009140625000000095 0.04130555555555557
1 0.9121979166666667 0.4131851851851852 0.008427083333333248 0.03853703703703704
1 0.9362864583333333 0.4257592592592592 0.009031250000000076 0.03372222222222218
0 0.606328125 0.19321296296296295 0.006624999999999896 0.012842592592592596