1 0.5057291666666667 0.5546296296296296 0.008854166666666666 0.05092592592592592
1 0.5065104166666666 0.23564814814814813 0.007291666666666667 0.037037037037037035
1 0.9861979166666667 0.36342592592592593 0.013020833333333334 0.04351851851851852
1 0.8583333333333333 0.29583333333333334 0.009895833333333333 0.04259259259259259
1 0.75703125 0.3458333333333333 0.009895833333333333 0.041666666666666664
1 0.828125 0.4824074074074074 0.010416666666666666 0.04259259259259259
1 0.5361979166666667 0.3574074074074074 0.008333333333333333 0.03981481481481482
1 0.6216145833333333 0.2828703703703704 0.008333333333333333 0.03611111111111111
1 0.8661458333333333 0.40694444444444444 0.011458333333333333 0.04722222222222222
2 0.6924479166666667 0.35324074074074074 0.007291666666666667 0.03981481481481482
1 0.8578125 0.44212962962962965 0.009375 0.03888888888888889
1 0.8193645833333334 0.41021296296296295 0.0109375 0.04537037037037037
2 0.4947916666666667 0.10972222222222222 0.005208333333333333 0.026851851851851852
1 0.87734375 0.42453703703703705 0.0109375 0.04351851851851852
1 0.8848958333333333 0.25833333333333336 0.008854166666666666 0.03888888888888889
1 0.6626510416666667 0.32182407407407404 0.00880729166666659 0.03756481481481486
0 0.5238854166666667 0.35938888888888887 0.005281250000000052 0.015027777777777794
1 0.8243072916666667 0.3941388888888889 0.006692708333333286 0.036944444444444426
1 0.8359322916666667 0.41762037037037036 0.006692708333333286 0.038824074074074025
1 0.8364583333333333 0.3960185185185185 0.007041666666666657 0.020657407407407357
1 0.8494895833333334 0.41856481481481483 0.00845312500000001 0.0444537037037037