1 0.59609375 0.44305555555555554 0.025 0.12222222222222222
1 0.42734375 0.5125 0.034375 0.13055555555555556
1 0.844140625 0.45208333333333334 0.03203125 0.12916666666666668
1 0.678125 0.21041666666666667 0.0203125 0.10416666666666667
1 0.44609375 0.34930555555555554 0.0234375 0.11805555555555555
1 0.91875 0.47152777777777777 0.028125 0.12916666666666668
1 0.306640625 0.3194444444444444 0.02421875 0.10833333333333334
1 0.619921875 0.5506944444444445 0.02890625 0.14305555555555555
1 0.474609375 0.4673611111111111 0.02421875 0.12638888888888888
1 0.790234375 0.2791666666666667 0.02421875 0.1111111111111111
1 0.54453125 0.5930555555555556 0.0453125 0.1388888888888889
1 0.18984375 0.1986111111111111 0.0203125 0.08611111111111111
2 0.110546875 0.35 0.02734375 0.11666666666666667
1 0.976171875 0.39861111111111114 0.03203125 0.12777777777777777
1 0.146484375 0.15763888888888888 0.01640625 0.059722222222222225
0 0.4953125 0.6416666666666667 0.015625 0.03333333333333333