1 0.043359375 0.39791666666666664 0.04921875 0.11805555555555555
1 0.521875 0.6930555555555555 0.028125 0.15555555555555556
1 0.14453125 0.30833333333333335 0.03125 0.1111111111111111
1 0.513671875 0.5423611111111111 0.02578125 0.13194444444444445
1 0.2375 0.28958333333333336 0.0375 0.10416666666666667
1 0.7421875 0.2673611111111111 0.0203125 0.10694444444444444
1 0.028515625 0.2465277777777778 0.01796875 0.09583333333333334
1 0.26484375 0.49027777777777776 0.021875 0.12777777777777777
1 0.20859375 0.4861111111111111 0.03125 0.11388888888888889
1 0.399609375 0.36527777777777776 0.02578125 0.1111111111111111
0 0.5329843750000001 0.7407361111111112 0.008679687499999922 0.024694444444444408