1 0.901953125 0.5965277777777778 0.03203125 0.1597222222222222
1 0.335546875 0.8486111111111111 0.03671875 0.18055555555555555
1 0.105859375 0.6236111111111111 0.04296875 0.15
1 0.53984375 0.3236111111111111 0.028125 0.10555555555555556
1 0.458984375 0.47152777777777777 0.02734375 0.13472222222222222
1 0.026953125 0.3458333333333333 0.02734375 0.1111111111111111
1 0.20546875 0.2611111111111111 0.01875 0.10277777777777777
1 0.097265625 0.44375 0.03359375 0.12361111111111112
1 0.676171875 0.3145833333333333 0.03515625 0.11527777777777778
2 0.187109375 0.34375 0.03046875 0.10972222222222222
1 0.18671875 0.34375 0.0296875 0.10972222222222222
1 0.2765625 0.21319444444444444 0.01875 0.0875
0 0.74375 0.3423611111111111 0.0140625 0.020833333333333332