1 0.5440104166666667 0.3296296296296296 0.0078125 0.03796296296296296
1 0.5692708333333333 0.3611111111111111 0.009375 0.03888888888888889
1 0.31666666666666665 0.32731481481481484 0.009375 0.03518518518518519
1 0.690625 0.32175925925925924 0.011458333333333333 0.03888888888888889
1 0.2921875 0.26805555555555555 0.008854166666666666 0.03425925925925926
1 0.21692708333333333 0.22175925925925927 0.008333333333333333 0.03148148148148148
1 0.39401041666666664 0.1337962962962963 0.0067708333333333336 0.025
1 0.43984375 0.2865740740740741 0.007291666666666667 0.040740740740740744
2 0.39609375 0.37083333333333335 0.0078125 0.03796296296296296
1 0.4895833333333333 0.4166666666666667 0.0078125 0.041666666666666664
1 0.51640625 0.45787037037037037 0.008333333333333333 0.040740740740740744
1 0.3033854166666667 0.4166666666666667 0.008854166666666666 0.03981481481481482
1 0.39114583333333336 0.18009259259259258 0.0078125 0.026851851851851852
1 0.33489583333333334 0.3907407407407407 0.009375 0.03796296296296296
1 0.27760416666666665 0.31157407407407406 0.008854166666666666 0.03518518518518519
1 0.6265625 0.46111111111111114 0.011979166666666667 0.044444444444444446
1 0.24036458333333333 0.4305555555555556 0.010416666666666666 0.03888888888888889
1 0.6515625 0.575925925925926 0.011458333333333333 0.044444444444444446
1 0.46588541666666666 0.16527777777777777 0.0078125 0.032407407407407406
1 0.21328125 0.45416666666666666 0.013020833333333334 0.03796296296296296
1 0.29902083333333335 0.24004629629629629 0.005348958333333324 0.03486111111111109
1 0.42513541666666665 0.12239814814814814 0.008020833333333382 0.026148148148148156
2 0.42469270833333334 0.08635185185185186 0.01069270833333332 0.02851851851851853
0 0.43240625 0.11925 0.0041770833333333235 0.00890740740740741