1 0.509765625 0.6847222222222222 0.05546875 0.14444444444444443
1 0.461328125 0.4270833333333333 0.03203125 0.12638888888888888
1 0.83671875 0.5361111111111111 0.046875 0.1388888888888889
1 0.576953125 0.32222222222222224 0.02734375 0.10555555555555556
1 0.0390625 0.4083333333333333 0.0265625 0.12777777777777777
1 0.39140625 0.5368055555555555 0.0296875 0.12361111111111112
1 0.512109375 0.3861111111111111 0.03359375 0.11666666666666667
1 0.91875 0.4263888888888889 0.0390625 0.12777777777777777
1 0.8 0.23194444444444445 0.0296875 0.09722222222222222
1 0.444140625 0.23402777777777778 0.02734375 0.09027777777777778
1 0.291796875 0.24375 0.02890625 0.10138888888888889
1 0.223046875 0.15069444444444444 0.02265625 0.05138888888888889
2 0.2359375 0.31666666666666665 0.028125 0.1111111111111111
1 0.540625 0.21875 0.021875 0.0875
0 0.489453125 0.7381944444444445 0.01484375 0.02638888888888889