1 0.57265625 0.24166666666666667 0.025 0.12222222222222222
1 0.206640625 0.5152777777777777 0.04609375 0.1361111111111111
1 0.68046875 0.3236111111111111 0.025 0.13333333333333333
1 0.029296875 0.20347222222222222 0.02265625 0.11805555555555555
1 0.67109375 0.4965277777777778 0.0609375 0.14027777777777778
1 0.52265625 0.36041666666666666 0.028125 0.14305555555555555
1 0.336328125 0.20347222222222222 0.02265625 0.1125
1 0.028515625 0.35694444444444445 0.03671875 0.14722222222222223
1 0.68671875 0.1423611111111111 0.025 0.10972222222222222
2 0.21796875 0.3388888888888889 0.0375 0.1388888888888889
1 0.189453125 0.22569444444444445 0.02265625 0.12361111111111112
1 0.34609375 0.1423611111111111 0.0234375 0.10972222222222222
0 0.651171875 0.5715277777777777 0.01484375 0.02638888888888889