1 0.76171875 0.37222222222222223 0.0296875 0.10833333333333334
1 0.4203125 0.22777777777777777 0.025 0.08888888888888889
1 0.663671875 0.5743055555555555 0.03046875 0.14305555555555555
1 0.289453125 0.4986111111111111 0.02890625 0.125
1 0.55 0.5368055555555555 0.0328125 0.14305555555555555
1 0.236328125 0.30486111111111114 0.02109375 0.10416666666666667
1 0.6578125 0.3472222222222222 0.0328125 0.1
1 0.49921875 0.3902777777777778 0.021875 0.1111111111111111
1 0.62890625 0.4986111111111111 0.028125 0.12222222222222222
1 0.978515625 0.6972222222222222 0.04140625 0.14722222222222223
1 0.644140625 0.22916666666666666 0.01640625 0.08333333333333333
1 0.989453125 0.2513888888888889 0.01953125 0.09444444444444444
2 0.4546875 0.11388888888888889 0.0171875 0.07222222222222222
0 0.312109375 0.5409722222222222 0.01328125 0.02361111111111111