1 0.39505208333333336 0.387037037037037 0.008854166666666666 0.037037037037037035
1 0.3541666666666667 0.4532407407407407 0.009895833333333333 0.04537037037037037
1 0.6122395833333333 0.4703703703703704 0.0109375 0.040740740740740744
1 0.56953125 0.36712962962962964 0.0078125 0.046296296296296294
1 0.5578125 0.4740740740740741 0.009375 0.04351851851851852
1 0.7390625 0.25 0.0067708333333333336 0.03518518518518519
1 0.4588541666666667 0.2777777777777778 0.008854166666666666 0.03611111111111111
1 0.5536458333333333 0.6712962962962963 0.009895833333333333 0.04722222222222222
1 0.47942708333333334 0.35138888888888886 0.0078125 0.040740740740740744
1 0.5908854166666667 0.6212962962962963 0.009895833333333333 0.05
1 0.5161458333333333 0.1925925925925926 0.007291666666666667 0.032407407407407406
2 0.5088541666666667 0.300462962962963 0.008333333333333333 0.041666666666666664
1 0.4315104166666667 0.3486111111111111 0.008854166666666666 0.04351851851851852
1 0.22005208333333334 0.5861111111111111 0.010416666666666666 0.049074074074074076
1 0.446875 0.38287037037037036 0.008854166666666666 0.03888888888888889
2 0.8575520833333333 0.7347222222222223 0.0140625 0.04351851851851852
1 0.528125 0.37962962962962965 0.008333333333333333 0.04351851851851852
2 0.20572916666666666 0.14166666666666666 0.007291666666666667 0.025925925925925925
1 0.3768229166666667 0.25601851851851853 0.009895833333333333 0.03333333333333333
1 0.26067708333333334 0.27824074074074073 0.010416666666666666 0.03981481481481482
0 0.41043229166666667 0.36760185185185185 0.007130208333333362 0.017425925925925973
1 0.44140104166666666 0.14141666666666666 0.009359375000000014 0.032481481481481465
1 0.512484375 0.2891666666666667 0.007130208333333362 0.03486111111111109
1 0.5619479166666667 0.2792685185185185 0.008020833333333382 0.04199074074074076
1 0.5750937500000001 0.27965740740740735 0.008468750000000113 0.03961111111111108