1 0.34427083333333336 0.22037037037037038 0.0078125 0.03333333333333333
1 0.3924479166666667 0.28703703703703703 0.0078125 0.03888888888888889
1 0.20520833333333333 0.6319444444444444 0.0140625 0.05277777777777778
1 0.7359375 0.5064814814814815 0.011458333333333333 0.04537037037037037
1 0.5622395833333333 0.38564814814814813 0.0078125 0.044444444444444446
1 0.31927083333333334 0.29444444444444445 0.010416666666666666 0.037037037037037035
1 0.5578125 0.600462962962963 0.0109375 0.053703703703703705
1 0.44479166666666664 0.2111111111111111 0.007291666666666667 0.03333333333333333
1 0.4088541666666667 0.3449074074074074 0.008333333333333333 0.04351851851851852
1 0.24166666666666667 0.34629629629629627 0.010416666666666666 0.041666666666666664
1 0.56171875 0.7319444444444444 0.015625 0.05740740740740741
0 0.72265625 0.5046388888888889 0.007807291666666553 0.013861111111111137
1 0.44557291666666665 0.5171296296296296 0.008333333333333333 0.05
1 0.03958333333333333 0.31342592592592594 0.0109375 0.03333333333333333
1 0.48151041666666666 0.11574074074074074 0.005208333333333333 0.025
1 0.4354166666666667 0.49675925925925923 0.010416666666666666 0.044444444444444446
2 0.35911458333333335 0.37175925925925923 0.008333333333333333 0.04259259259259259
1 0.22057291666666667 0.5638888888888889 0.011458333333333333 0.049074074074074076
1 0.36015625 0.1574074074074074 0.0067708333333333336 0.025
1 0.2512916666666667 0.3870462962962963 0.009375 0.03888888888888889
1 0.6526041666666667 0.22685185185185186 0.008854166666666666 0.03518518518518519
1 0.9934895833333334 0.46296296296296297 0.0109375 0.03981481481481482
1 0.24372395833333332 0.7155 0.014078124999999986 0.05375925925925921
1 0.12251041666666666 0.8396944444444444 0.021895833333333344 0.05561111111111106
2 0.34929166666666667 0.10101851851851851 0.007296874999999995 0.03150925925925926
2 0.8018229166666667 0.9699074074074074 0.0171875 0.06018518518518518