1 0.4674479166666667 0.40925925925925927 0.008854166666666666 0.04351851851851852
1 0.5825520833333333 0.175 0.007291666666666667 0.03333333333333333
1 0.35703125 0.4828703703703704 0.008854166666666666 0.04722222222222222
1 0.6450520833333333 0.649537037037037 0.011979166666666667 0.05
1 0.4671875 0.21435185185185185 0.007291666666666667 0.03425925925925926
1 0.2877604166666667 0.25601851851851853 0.009375 0.03888888888888889
1 0.44244791666666666 0.16064814814814815 0.0067708333333333336 0.030555555555555555
1 0.8645833333333334 0.29259259259259257 0.009375 0.03981481481481482
1 0.3541666666666667 0.24074074074074073 0.0067708333333333336 0.03425925925925926
1 0.2716145833333333 0.3699074074074074 0.008333333333333333 0.04351851851851852
1 0.041666666666666664 0.2773148148148148 0.008854166666666666 0.03981481481481482
2 0.4942708333333333 0.24675925925925926 0.007291666666666667 0.03333333333333333
2 0.7630208333333334 0.9458333333333333 0.020833333333333332 0.05185185185185185
1 0.428125 0.21203703703703702 0.007291666666666667 0.03611111111111111
1 0.5645833333333333 0.23564814814814813 0.009375 0.03888888888888889
1 0.4895833333333333 0.12407407407407407 0.005729166666666666 0.027777777777777776
1 0.6519791666666667 0.4409814814814815 0.009218749999999906 0.04723148148148147
1 0.5484218750000001 0.17205555555555554 0.005963541666666572 0.029879629629629614
1 0.4226875 0.15921296296296295 0.005859375 0.03581481481481482
1 0.4226875 0.12437037037037037 0.005859375 0.02995370370370371
1 0.3765364583333334 0.11037037037037037 0.008057291666666681 0.024092592592592603
1 0.3016302083333333 0.11525925925925927 0.006229166666666686 0.02864814814814816
1 0.3221458333333333 0.1728888888888889 0.008421875000000039 0.028000000000000008
1 0.24980208333333334 0.16832407407407407 0.008791666666666665 0.03190740740740739
2 0.27360937500000004 0.10450925925925926 0.006593750000000042 0.033212962962962965
0 0.353828125 0.12893518518518518 0.006593750000000042 0.011722222222222245