1 0.4200520833333333 0.18472222222222223 0.0067708333333333336 0.02962962962962963
1 0.89140625 0.31296296296296294 0.009895833333333333 0.03888888888888889
1 0.5059895833333333 0.26990740740740743 0.0067708333333333336 0.03148148148148148
1 0.32109375 0.3990740740740741 0.0078125 0.04351851851851852
1 0.36744791666666665 0.2074074074074074 0.0078125 0.03518518518518519
1 0.4088541666666667 0.29212962962962963 0.0078125 0.03333333333333333
1 0.4421875 0.5907407407407408 0.009895833333333333 0.04722222222222222
1 0.7658854166666667 0.4828703703703704 0.010416666666666666 0.03796296296296296
1 0.6283854166666667 0.26805555555555555 0.008333333333333333 0.03518518518518519
2 0.5442708333333334 0.22546296296296298 0.00625 0.030555555555555555
1 0.7911458333333333 0.6652777777777777 0.0125 0.04722222222222222
1 0.5640625 0.4791666666666667 0.0078125 0.04259259259259259
1 0.065625 0.3236111111111111 0.009375 0.03981481481481482
2 0.9286458333333333 0.9101851851851852 0.0171875 0.04537037037037037
1 0.5375 0.20185185185185187 0.005729166666666666 0.027777777777777776
1 0.571875 0.2652777777777778 0.008333333333333333 0.032407407407407406
1 0.5419270833333333 0.1375 0.005729166666666666 0.025925925925925925
1 0.6458333333333334 0.21157407407407408 0.007291666666666667 0.02962962962962963
1 0.45143229166666665 0.27537962962962964 0.008317708333333347 0.03662037037037033
1 0.4892708333333333 0.18910185185185185 0.00475520833333339 0.027472222222222238
1 0.5027395833333334 0.18382407407407408 0.006338541666666705 0.02675925925925924
1 0.45143229166666665 0.14719444444444443 0.008317708333333347 0.030990740740740715
1 0.510859375 0.11092592592592593 0.005942708333333376 0.023240740740740735
1 0.6382291666666667 0.19614814814814815 0.005546875000000047 0.027472222222222238
2 0.354375 0.11303703703703703 0.005942708333333376 0.02747222222222221
0 0.3721614583333333 0.2258888888888889 0.005442708333333357 0.008361111111111087