1 0.2869791666666667 0.24675925925925926 0.008333333333333333 0.03796296296296296
1 0.25833333333333336 0.3421296296296296 0.009895833333333333 0.04259259259259259
1 0.3828125 0.17083333333333334 0.00625 0.032407407407407406
1 0.6325520833333333 0.2657407407407407 0.007291666666666667 0.03796296296296296
1 0.87890625 0.30648148148148147 0.009895833333333333 0.03888888888888889
1 0.4625 0.487962962962963 0.009375 0.04814814814814815
1 0.3072916666666667 0.4875 0.011458333333333333 0.05
1 0.6895833333333333 0.43842592592592594 0.009375 0.041666666666666664
1 0.04010416666666667 0.25277777777777777 0.008333333333333333 0.03611111111111111
1 0.4921875 0.21805555555555556 0.00625 0.03518518518518519
1 0.46067708333333335 0.26157407407407407 0.0067708333333333336 0.03796296296296296
1 0.3658854166666667 0.30324074074074076 0.008333333333333333 0.041666666666666664
1 0.4630208333333333 0.12453703703703704 0.005208333333333333 0.026851851851851852
1 0.5705729166666667 0.17314814814814813 0.00625 0.03148148148148148
2 0.3046875 0.1037037037037037 0.00625 0.026851851851851852
2 0.5057291666666667 0.24768518518518517 0.00625 0.03333333333333333
1 0.41119791666666666 0.12361111111111112 0.005208333333333333 0.025925925925925925
1 0.67734375 0.42916666666666664 0.011979166666666667 0.03981481481481482
1 0.6506614583333333 0.6527777777777778 0.011026041666666705 0.04901851851851857
1 0.3213958333333334 0.1861851851851852 0.009708333333333385 0.03506481481481482
1 0.4350520833333333 0.15668518518518518 0.005947916666666705 0.029500000000000012
1 0.5022083333333334 0.14054629629629628 0.0075156250000000336 0.02727777777777776
1 0.5020520833333334 0.17199074074074075 0.005947916666666705 0.028944444444444436
1 0.33376041666666667 0.11661111111111111 0.005635416666666633 0.028388888888888898
1 0.3865208333333333 0.10910185185185184 0.007828124999999986 0.023379629629629615
0 0.33986979166666664 0.12746296296296297 0.0046979166666666575 0.006675925925925907