1 0.3546875 0.2388888888888889 0.0078125 0.03518518518518519
1 0.29583333333333334 0.3175925925925926 0.009375 0.032407407407407406
1 0.53671875 0.43333333333333335 0.008854166666666666 0.04259259259259259
1 0.6708333333333333 0.35833333333333334 0.007291666666666667 0.03796296296296296
1 0.5447916666666667 0.3384259259259259 0.007291666666666667 0.037037037037037035
1 0.3328125 0.4337962962962963 0.008854166666666666 0.04259259259259259
1 0.43125 0.2439814814814815 0.007291666666666667 0.03518518518518519
1 0.4895833333333333 0.5078703703703704 0.008333333333333333 0.044444444444444446
1 0.4078125 0.25092592592592594 0.0078125 0.03148148148148148
1 0.5197916666666667 0.26805555555555555 0.0078125 0.03796296296296296
1 0.3424479166666667 0.40879629629629627 0.008854166666666666 0.041666666666666664
2 0.43723958333333335 0.3013888888888889 0.0078125 0.037037037037037035
1 0.6083333333333333 0.24861111111111112 0.0078125 0.03796296296296296
1 0.6640625 0.26342592592592595 0.0067708333333333336 0.03518518518518519
1 0.7427083333333333 0.25416666666666665 0.007291666666666667 0.03148148148148148
1 0.471875 0.32314814814814813 0.0078125 0.03333333333333333
2 0.9690104166666667 0.5981481481481481 0.0140625 0.03611111111111111
1 0.709375 0.32592592592592595 0.0078125 0.03518518518518519
1 0.3265625 0.33425925925925926 0.0109375 0.03981481481481482
2 0.1431197916666667 0.16530555555555557 0.0077135416666666385 0.03199074074074075
1 0.6503125 0.26013888888888886 0.005499999999999972 0.03242592592592591
1 0.6479947916666667 0.22 0.004343750000000076 0.03242592592592591
1 0.7362864583333334 0.23544444444444448 0.0060781250000000375 0.032425925925925934