1 0.378125 0.6236111111111111 0.034375 0.125
1 0.78046875 0.6493055555555556 0.028125 0.14027777777777778
1 0.418359375 0.5013888888888889 0.02578125 0.12222222222222222
1 0.130859375 0.6152777777777778 0.02265625 0.1388888888888889
1 0.331640625 0.6125 0.03046875 0.14166666666666666
1 0.28984375 0.4041666666666667 0.0234375 0.11388888888888889
1 0.644140625 0.5118055555555555 0.02734375 0.12638888888888888
1 0.8015625 0.7597222222222222 0.03125 0.15555555555555556
1 0.90078125 0.3458333333333333 0.0234375 0.1
1 0.47421875 0.4840277777777778 0.025 0.12638888888888888
1 0.450390625 0.27152777777777776 0.02421875 0.08194444444444444
1 0.173828125 0.3486111111111111 0.02265625 0.09722222222222222
1 0.5375 0.3993055555555556 0.01875 0.11527777777777778
1 0.3203125 0.22708333333333333 0.028125 0.0625
1 0.464453125 0.4041666666666667 0.03203125 0.08055555555555556
0 0.56596875 0.2669722222222222 0.008679687499999922 0.021611111111111116