1 0.38776041666666666 0.43796296296296294 0.008333333333333333 0.03981481481481482
1 0.1703125 0.875 0.01875 0.04722222222222222
1 0.016145833333333335 0.33425925925925926 0.011458333333333333 0.03518518518518519
1 0.18333333333333332 0.5671296296296297 0.0125 0.05185185185185185
1 0.21848958333333332 0.4726851851851852 0.010416666666666666 0.04259259259259259
1 0.31744791666666666 0.2023148148148148 0.008854166666666666 0.03148148148148148
1 0.68828125 0.425 0.011979166666666667 0.044444444444444446
1 0.36796875 0.3875 0.009375 0.04259259259259259
1 0.6065104166666667 0.31527777777777777 0.00625 0.03148148148148148
1 0.2864583333333333 0.2638888888888889 0.008854166666666666 0.037037037037037035
1 0.5130208333333334 0.12685185185185185 0.005729166666666666 0.025
1 0.5890625 0.21574074074074073 0.007291666666666667 0.03611111111111111
1 0.3966145833333333 0.2657407407407407 0.0078125 0.03333333333333333
1 0.8838541666666667 0.36342592592592593 0.0109375 0.03611111111111111
1 0.34609375 0.1398148148148148 0.0067708333333333336 0.027777777777777776
1 0.5158854166666667 0.4027777777777778 0.007291666666666667 0.046296296296296294
1 0.2638020833333333 0.3347222222222222 0.008854166666666666 0.037037037037037035
1 0.2638020833333333 0.5578703703703703 0.021875 0.04722222222222222
1 0.6091145833333333 0.32037037037037036 0.0078125 0.03148148148148148
2 0.36432291666666666 0.3074074074074074 0.0078125 0.040740740740740744
1 0.34036458333333336 0.22824074074074074 0.008854166666666666 0.03518518518518519
1 0.47161458333333334 0.19537037037037036 0.0067708333333333336 0.032407407407407406
1 0.24803125 0.35744444444444445 0.010713541666666692 0.03955555555555558
2 0.3265208333333333 0.11573148148148146 0.007005208333333357 0.02783333333333332
1 0.5494218750000001 0.2625925925925926 0.010302083333333437 0.04028703703703703
0 0.6561354166666666 0.41640740740740745 0.008651041666666732 0.013916666666666641