1 0.26953125 0.3020833333333333 0.01875 0.09027777777777778
1 0.17890625 0.6138888888888889 0.0359375 0.13055555555555556
1 0.23359375 0.7145833333333333 0.046875 0.1375
1 0.511328125 0.5506944444444445 0.03203125 0.11527777777777778
1 0.44921875 0.4041666666666667 0.0265625 0.10555555555555556
1 0.601171875 0.2076388888888889 0.01796875 0.06805555555555555
1 0.46484375 0.21388888888888888 0.0171875 0.075
1 0.789453125 0.5173611111111112 0.03984375 0.12361111111111112
1 0.8453125 0.27569444444444446 0.0296875 0.07083333333333333
1 0.61796875 0.3770833333333333 0.0296875 0.0875
1 0.74453125 0.5951388888888889 0.0375 0.13194444444444445
1 0.326171875 0.30972222222222223 0.02109375 0.09722222222222222
2 0.590625 0.4097222222222222 0.0234375 0.10277777777777777
1 0.990234375 0.48055555555555557 0.01953125 0.1111111111111111
1 0.44765625 0.5847222222222223 0.0484375 0.1
1 0.008203125 0.47152777777777777 0.01640625 0.12361111111111112
2 0.45390625 0.13472222222222222 0.0171875 0.06388888888888888
0 0.5375 0.5909722222222222 0.0109375 0.02361111111111111