1 0.74296875 0.4273148148148148 0.009895833333333333 0.04259259259259259
1 0.72890625 0.24861111111111112 0.009895833333333333 0.03796296296296296
1 0.97890625 0.3421296296296296 0.009895833333333333 0.04259259259259259
1 0.45651041666666664 0.15138888888888888 0.00625 0.030555555555555555
1 0.4197916666666667 0.3486111111111111 0.008333333333333333 0.03888888888888889
1 0.6067708333333334 0.1537037037037037 0.005729166666666666 0.030555555555555555
1 0.5799479166666667 0.23148148148148148 0.00625 0.03425925925925926
1 0.45755208333333336 0.2101851851851852 0.00625 0.03518518518518519
1 0.7049479166666667 0.18518518518518517 0.0067708333333333336 0.032407407407407406
1 0.5143229166666666 0.1726851851851852 0.005729166666666666 0.032407407407407406
1 0.103125 0.28055555555555556 0.008333333333333333 0.03518518518518519
1 0.6567708333333333 0.16712962962962963 0.005208333333333333 0.028703703703703703
1 0.5666666666666667 0.16018518518518518 0.005729166666666666 0.02962962962962963
2 0.4908854166666667 0.26805555555555555 0.007291666666666667 0.03518518518518519
1 0.6393229166666666 0.16666666666666666 0.00625 0.028703703703703703
1 0.5283854166666667 0.26157407407407407 0.007291666666666667 0.037037037037037035
1 0.4348958333333333 0.25462962962962965 0.0067708333333333336 0.03518518518518519
1 0.4708333333333333 0.1486111111111111 0.005729166666666666 0.030555555555555555
1 0.62890625 0.2310185185185185 0.00625 0.03333333333333333
1 0.5025416666666667 0.4014537037037037 0.008317708333333347 0.04366666666666664
1 0.610890625 0.5007592592592593 0.013468750000000066 0.04225925925925935
1 0.6345781250000001 0.13262962962962963 0.007177083333333437 0.02859259259259259
1 0.5501979166666667 0.13350925925925924 0.005197916666666676 0.02683333333333335
2 0.42313541666666665 0.10712037037037037 0.0049479166666666664 0.02859259259259259