1 0.2984375 0.6333333333333333 0.046875 0.15833333333333333
1 0.185546875 0.3104166666666667 0.02421875 0.11805555555555555
1 0.128515625 0.4173611111111111 0.02734375 0.12361111111111112
1 0.406640625 0.35208333333333336 0.02578125 0.10138888888888889
1 0.643359375 0.25833333333333336 0.02109375 0.1
1 0.480859375 0.34930555555555554 0.03359375 0.09305555555555556
1 0.248046875 0.24791666666666667 0.03203125 0.10694444444444444
1 0.326171875 0.29444444444444445 0.03671875 0.10277777777777777
1 0.830078125 0.2708333333333333 0.03359375 0.10277777777777777
1 0.55546875 0.34375 0.0328125 0.11805555555555555
1 0.2859375 0.32569444444444445 0.0203125 0.12361111111111112
1 0.47109375 0.29583333333333334 0.0203125 0.1
1 0.35859375 0.24583333333333332 0.0203125 0.08611111111111111
1 0.784375 0.20277777777777778 0.0203125 0.08611111111111111
2 0.6606328125 0.33125 0.02126562500000002 0.11527777777777778
1 0.6822890625 0.32925 0.027601562499999944 0.11126388888888891
2 0.232421875 0.16597222222222222 0.01484375 0.0763888888888889
1 0.9328125 0.21666666666666667 0.0234375 0.09722222222222222
1 0.9328125 0.21736111111111112 0.0234375 0.09583333333333334
0 0.484375 0.38348611111111114 0.01389062499999998 0.020055555555555632