1 0.810546875 0.3923611111111111 0.03515625 0.12916666666666668
1 0.805859375 0.7430555555555556 0.03984375 0.1638888888888889
1 0.325390625 0.5888888888888889 0.03515625 0.16111111111111112
2 0.449609375 0.4270833333333333 0.03046875 0.12361111111111112
1 0.881640625 0.5083333333333333 0.03671875 0.1388888888888889
1 0.10234375 0.8256944444444444 0.0359375 0.1625
1 0.13359375 0.4340277777777778 0.021875 0.11527777777777778
1 0.68359375 0.74375 0.0296875 0.15694444444444444
1 0.3078125 0.31527777777777777 0.03125 0.09722222222222222
1 0.52890625 0.28888888888888886 0.034375 0.075
1 0.475390625 0.4895833333333333 0.03828125 0.12361111111111112
1 0.43203125 0.3138888888888889 0.0265625 0.09166666666666666
1 0.725390625 0.48125 0.04453125 0.13194444444444445
1 0.38515625 0.30277777777777776 0.025 0.075
1 0.41853125 0.2601805555555556 0.019187499999999958 0.09073611111111109