1 0.09505208333333333 0.30972222222222223 0.013020833333333334 0.03981481481481482
1 0.09583333333333334 0.43287037037037035 0.011979166666666667 0.044444444444444446
1 0.28229166666666666 0.43194444444444446 0.009895833333333333 0.041666666666666664
1 0.18229166666666666 0.32731481481481484 0.0125 0.03796296296296296
1 0.1296875 0.24768518518518517 0.011458333333333333 0.03425925925925926
1 0.10833333333333334 0.24537037037037038 0.010416666666666666 0.03518518518518519
1 0.3463541666666667 0.6388888888888888 0.014583333333333334 0.04814814814814815
1 0.06796875 0.5560185185185185 0.017708333333333333 0.04814814814814815
1 0.5921875 0.13657407407407407 0.00625 0.024074074074074074
1 0.29765625 0.2611111111111111 0.011979166666666667 0.037037037037037035
1 0.23098958333333333 0.30185185185185187 0.009375 0.03518518518518519
1 0.42213541666666665 0.29074074074074074 0.008854166666666666 0.03611111111111111
1 0.32760416666666664 0.23981481481481481 0.009375 0.03518518518518519
1 0.23854166666666668 0.40555555555555556 0.013020833333333334 0.041666666666666664
1 0.6140625 0.4111111111111111 0.0109375 0.041666666666666664
1 0.4401041666666667 0.10324074074074074 0.0078125 0.027777777777777776
1 0.50165625 0.31412962962962965 0.009895833333333333 0.04176851851851853
1 0.5265833333333333 0.3731759259259259 0.0101197916666667 0.04199074074074076
1 0.6509427083333333 0.18765740740740738 0.005302083333333248 0.03941666666666666
1 0.7379427083333333 0.24935185185185185 0.0077135416666666385 0.04284259259259258
0 0.608765625 0.1675185185185185 0.0048177083333333336 0.016277777777777763