1 0.9390625 0.44305555555555554 0.034375 0.13055555555555556
1 0.540234375 0.8729166666666667 0.05859375 0.17916666666666667
1 0.69609375 0.24305555555555555 0.0328125 0.09722222222222222
1 0.9734375 0.5902777777777778 0.0421875 0.15833333333333333
1 0.2453125 0.3840277777777778 0.0359375 0.10972222222222222
1 0.48046875 0.5763888888888888 0.0375 0.15555555555555556
1 0.68828125 0.3784722222222222 0.0234375 0.12083333333333333
1 0.56796875 0.3951388888888889 0.03125 0.12916666666666668
1 0.14375 0.35555555555555557 0.0390625 0.12777777777777777
1 0.9890625 0.2902777777777778 0.021875 0.10833333333333334
1 0.4453125 0.5861111111111111 0.040625 0.12777777777777777
0 0.432421875 0.2625 0.01484375 0.027777777777777776