1 0.14244791666666667 0.5541666666666667 0.014583333333333334 0.04722222222222222
1 0.33046875 0.2361111111111111 0.008333333333333333 0.03425925925925926
1 0.21953125 0.5592592592592592 0.011458333333333333 0.046296296296296294
1 0.5203125 0.3074074074074074 0.008333333333333333 0.037037037037037035
1 0.2833333333333333 0.20694444444444443 0.008854166666666666 0.03425925925925926
1 0.3455729166666667 0.26435185185185184 0.008333333333333333 0.040740740740740744
1 0.8669270833333333 0.35185185185185186 0.011458333333333333 0.040740740740740744
1 0.18333333333333332 0.47175925925925927 0.010416666666666666 0.044444444444444446
1 0.31979166666666664 0.3814814814814815 0.0109375 0.04259259259259259
1 0.6528645833333333 0.39861111111111114 0.009375 0.03888888888888889
1 0.3065104166666667 0.14629629629629629 0.0067708333333333336 0.030555555555555555
1 0.24192708333333332 0.3476851851851852 0.008333333333333333 0.03888888888888889
1 0.5661458333333333 0.22314814814814815 0.0078125 0.032407407407407406
2 0.35625 0.30648148148148147 0.0067708333333333336 0.03796296296296296
1 0.24557291666666667 0.2902777777777778 0.010416666666666666 0.03981481481481482
1 0.43359375 0.19074074074074074 0.00625 0.03518518518518519
2 0.7182291666666667 0.9541666666666667 0.018229166666666668 0.053703703703703705
1 0.21276041666666667 0.35185185185185186 0.009895833333333333 0.041666666666666664
1 0.34088541666666666 0.41388888888888886 0.009375 0.04259259259259259
2 0.2859375 0.1175925925925926 0.007291666666666667 0.026851851851851852
1 0.23072916666666668 0.5435185185185185 0.0109375 0.046296296296296294
1 0.46979166666666666 0.12268518518518519 0.00625 0.025
1 0.4727864583333333 0.39567592592592593 0.00976041666666667 0.037592592592592615
1 0.5017916666666667 0.2506111111111111 0.008130208333333281 0.03470370370370372