1 0.3455729166666667 0.2689814814814815 0.008854166666666666 0.03611111111111111
1 0.6052083333333333 0.17546296296296296 0.0067708333333333336 0.030555555555555555
1 0.33880208333333334 0.40046296296296297 0.009895833333333333 0.041666666666666664
1 0.7393229166666667 0.26342592592592595 0.0078125 0.03518518518518519
1 0.3984375 0.43472222222222223 0.013020833333333334 0.04259259259259259
1 0.43307291666666664 0.13703703703703704 0.0067708333333333336 0.027777777777777776
1 0.7080729166666667 0.45185185185185184 0.011458333333333333 0.04259259259259259
1 0.5463541666666667 0.2935185185185185 0.007291666666666667 0.03333333333333333
1 0.61796875 0.1537037037037037 0.0067708333333333336 0.02962962962962963
1 0.35911458333333335 0.23148148148148148 0.0078125 0.037037037037037035
1 0.6127604166666667 0.5231481481481481 0.011979166666666667 0.05
1 0.16041666666666668 0.24537037037037038 0.0078125 0.032407407407407406
1 0.49834895833333337 0.17141666666666666 0.0078125 0.03888888888888889
1 0.99140625 0.3384259259259259 0.0125 0.03796296296296296
2 0.5690104166666666 0.2759259259259259 0.0078125 0.03148148148148148
1 0.5557291666666667 0.13472222222222222 0.005208333333333333 0.025925925925925925
1 0.9721354166666667 0.3300925925925926 0.013541666666666667 0.032407407407407406
1 0.5651041666666666 0.18101851851851852 0.0067708333333333336 0.03148148148148148
1 0.5390625 0.11712962962962963 0.005729166666666666 0.022222222222222223
1 0.476703125 0.2944537037037037 0.006593750000000042 0.042481481481481474
1 0.5741458333333332 0.14100000000000001 0.008651041666666732 0.027101851851851835
1 0.552515625 0.12305555555555556 0.003296874999999962 0.030759259259259247
1 0.6740572916666667 0.1761574074074074 0.006593749999999924 0.027101851851851835
2 0.39965625 0.08826851851851851 0.006593750000000042 0.03150925925925926
0 0.5060677083333334 0.11597222222222223 0.005406250000000057 0.006861111111111121