1 0.62890625 0.46620370370370373 0.0125 0.04351851851851852
1 0.4825520833333333 0.29074074074074074 0.010416666666666666 0.03425925925925926
1 0.7442708333333333 0.3 0.010416666666666666 0.03981481481481482
1 0.17994791666666668 0.24583333333333332 0.010416666666666666 0.032407407407407406
1 0.29713541666666665 0.4060185185185185 0.015625 0.037037037037037035
1 0.5354166666666667 0.4527777777777778 0.014583333333333334 0.04259259259259259
1 0.42239583333333336 0.17407407407407408 0.011458333333333333 0.03148148148148148
1 0.6385416666666667 0.16574074074074074 0.00625 0.02962962962962963
1 0.359375 0.25462962962962965 0.0109375 0.032407407407407406
1 0.33489583333333334 0.37037037037037035 0.011979166666666667 0.03796296296296296
1 0.553125 0.18611111111111112 0.008333333333333333 0.02962962962962963
2 0.52890625 0.2898148148148148 0.009895833333333333 0.03425925925925926
1 0.6690104166666667 0.16157407407407406 0.0067708333333333336 0.026851851851851852
1 0.46432291666666664 0.28194444444444444 0.011458333333333333 0.037037037037037035
1 0.9958333333333333 0.3388888888888889 0.0078125 0.027777777777777776
2 0.4200520833333333 0.08935185185185185 0.0078125 0.024074074074074074
1 0.3658854166666667 0.22824074074074074 0.010416666666666666 0.03611111111111111
1 0.583859375 0.13143518518518518 0.008114583333333295 0.022222222222222223
1 0.523234375 0.1741851851851852 0.006229166666666686 0.030601851851851863
1 0.5419166666666667 0.11989814814814816 0.007151041666666676 0.022879629629629625
1 0.5734947916666666 0.12434259259259259 0.0050052083333334 0.02669444444444443
1 0.5907708333333334 0.14997222222222223 0.008104166666666638 0.03219444444444443
1 0.5988749999999999 0.13133333333333333 0.004765625000000048 0.026268518518518524
1 0.6037604166666667 0.1311203703703704 0.006432291666666619 0.029231481481481476
2 0.746890625 0.9895277777777778 0.011385416666666733 0.020944444444444342