2 0.4609375 0.3194444444444444 0.01875 0.09722222222222222
1 0.433984375 0.6631944444444444 0.04140625 0.12638888888888888
1 0.615625 0.5805555555555556 0.046875 0.125
1 0.65390625 0.5173611111111112 0.0296875 0.11805555555555555
1 0.75078125 0.30416666666666664 0.0359375 0.09722222222222222
1 0.200390625 0.34652777777777777 0.02578125 0.09861111111111111
1 0.909375 0.42777777777777776 0.021875 0.12222222222222222
1 0.553515625 0.31319444444444444 0.01796875 0.09305555555555556
1 0.10625 0.3638888888888889 0.0203125 0.10277777777777777
1 0.429296875 0.13194444444444445 0.01953125 0.06111111111111111
1 0.178125 0.20833333333333334 0.015625 0.07222222222222222
1 0.4953125 0.2361111111111111 0.0140625 0.07777777777777778
1 0.5984375 0.22083333333333333 0.01875 0.07777777777777778
1 0.8734375 0.5951388888888889 0.0375 0.13194444444444445
1 0.6890625 0.30486111111111114 0.0203125 0.10138888888888889
1 0.13359375 0.5472222222222223 0.046875 0.125
1 0.3890625 0.41597222222222224 0.021875 0.09861111111111111
1 0.3649296875 0.4309444444444444 0.028125 0.10755555555555563