1 0.49244791666666665 0.35185185185185186 0.00625 0.040740740740740744
1 0.7145833333333333 0.43425925925925923 0.0125 0.046296296296296294
1 0.4700520833333333 0.324537037037037 0.007291666666666667 0.03888888888888889
1 0.48463541666666665 0.5555555555555556 0.010416666666666666 0.04722222222222222
2 0.9330729166666667 0.9222222222222223 0.021354166666666667 0.049074074074074076
1 0.6158854166666666 0.3236111111111111 0.008333333333333333 0.037037037037037035
1 0.43828125 0.2537037037037037 0.0067708333333333336 0.03611111111111111
1 0.5986979166666667 0.6305555555555555 0.013020833333333334 0.05
1 0.5841145833333333 0.39444444444444443 0.007291666666666667 0.040740740740740744
1 0.5578125 0.29444444444444445 0.00625 0.037037037037037035
1 0.5153645833333333 0.41064814814814815 0.011458333333333333 0.044444444444444446
1 0.53203125 0.3814814814814815 0.008333333333333333 0.03981481481481482
1 0.5286458333333334 0.31574074074074077 0.007291666666666667 0.040740740740740744
1 0.5471354166666667 0.32314814814814813 0.008333333333333333 0.040740740740740744
2 0.46588541666666666 0.3925925925925926 0.007291666666666667 0.041666666666666664
1 0.4859375 0.24166666666666667 0.005729166666666666 0.03425925925925926
1 0.37921875 0.2817222222222222 0.011807291666666704 0.03927777777777774
1 0.4856875 0.19774999999999998 0.00838020833333329 0.03521296296296294
1 0.5845416666666666 0.15541666666666668 0.007239583333333381 0.03183333333333333
1 0.5283541666666667 0.33928703703703705 0.015239583333333388 0.04062962962962963
1 0.53996875 0.4107314814814815 0.011807291666666704 0.04130555555555557
1 0.7001510416666666 0.26614814814814813 0.004572916666666771 0.03792592592592596
2 0.4140729166666667 0.10225925925925926 0.010666666666666677 0.029796296296296303
0 0.48340104166666664 0.3427777777777778 0.0041770833333333235 0.007425925925925909