1 0.49609375 0.5601851851851852 0.010416666666666666 0.04537037037037037
1 0.60703125 0.24722222222222223 0.0078125 0.03796296296296296
1 0.4828125 0.17962962962962964 0.007291666666666667 0.028703703703703703
1 0.6286458333333333 0.40925925925925927 0.011458333333333333 0.044444444444444446
1 0.29348958333333336 0.28703703703703703 0.00625 0.03425925925925926
1 0.16067708333333333 0.4273148148148148 0.0078125 0.037037037037037035
1 0.35598958333333336 0.2657407407407407 0.007291666666666667 0.03148148148148148
1 0.3450520833333333 0.24768518518518517 0.0067708333333333336 0.03148148148148148
1 0.30807291666666664 0.4310185185185185 0.008333333333333333 0.03981481481481482
1 0.6171875 0.274537037037037 0.0078125 0.03611111111111111
1 0.4296875 0.20879629629629629 0.007291666666666667 0.03148148148148148
1 0.42109375 0.24861111111111112 0.008333333333333333 0.032407407407407406
1 0.44088541666666664 0.5185185185185185 0.008333333333333333 0.05
2 0.45625 0.08055555555555556 0.00625 0.028703703703703703
2 0.4393229166666667 0.3768518518518518 0.008333333333333333 0.040740740740740744
1 0.3971354166666667 0.2986111111111111 0.0078125 0.03333333333333333
1 0.50859375 0.3175925925925926 0.008854166666666666 0.03333333333333333
1 0.33359375 0.274537037037037 0.007291666666666667 0.03425925925925926
1 0.27057291666666666 0.23472222222222222 0.005729166666666666 0.027777777777777776
1 0.57734375 0.23703703703703705 0.009895833333333333 0.03333333333333333
1 0.249796875 0.33331481481481484 0.010151041666666671 0.037092592592592545
1 0.7011770833333333 0.2977222222222222 0.0073281250000000854 0.04010185185185191
1 0.5878385416666667 0.27817592592592594 0.0073281250000000854 0.03308333333333335