1 0.859765625 0.4756944444444444 0.02421875 0.13472222222222222
2 0.68984375 0.3659722222222222 0.025 0.11527777777777778
1 0.422265625 0.2708333333333333 0.01640625 0.09166666666666666
1 0.94453125 0.5083333333333333 0.028125 0.13055555555555556
1 0.59296875 0.3125 0.0171875 0.10277777777777777
1 0.66640625 0.27708333333333335 0.0140625 0.0875
1 0.967578125 0.34930555555555554 0.02734375 0.1125
1 0.236328125 0.5875 0.03984375 0.14444444444444443
1 0.066796875 0.3861111111111111 0.03515625 0.11388888888888889
1 0.746875 0.23958333333333334 0.015625 0.0875
1 0.925 0.31527777777777777 0.0375 0.1111111111111111
1 0.38671875 0.35 0.0296875 0.1
1 0.876953125 0.3236111111111111 0.01796875 0.11388888888888889
1 0.331640625 0.3861111111111111 0.04609375 0.08888888888888889
1 0.638671875 0.35138888888888886 0.01796875 0.10277777777777777
1 0.581640625 0.21041666666666667 0.01171875 0.07083333333333333
1 0.62734375 0.2604166666666667 0.015625 0.09305555555555556
1 0.348046875 0.3055555555555556 0.01796875 0.08055555555555556
1 0.3078125 0.2881944444444444 0.0296875 0.09305555555555556
0 0.18515625 0.37569444444444444 0.0109375 0.020833333333333332