1 0.6432291666666666 0.24305555555555555 0.007291666666666667 0.037037037037037035
1 0.3307291666666667 0.1726851851851852 0.0078125 0.030555555555555555
1 0.43333333333333335 0.20185185185185187 0.008333333333333333 0.02962962962962963
1 0.4822916666666667 0.17685185185185184 0.009895833333333333 0.027777777777777776
1 0.36276041666666664 0.34074074074074073 0.008854166666666666 0.03888888888888889
1 0.5333333333333333 0.2569444444444444 0.007291666666666667 0.03611111111111111
1 0.4953125 0.2740740740740741 0.008333333333333333 0.03518518518518519
1 0.6809895833333334 0.2564814814814815 0.0078125 0.03518518518518519
1 0.6302083333333334 0.24259259259259258 0.0078125 0.03333333333333333
1 0.47265625 0.3907407407407407 0.010416666666666666 0.041666666666666664
1 0.3802083333333333 0.45787037037037037 0.010416666666666666 0.044444444444444446
1 0.6299479166666667 0.21157407407407408 0.008333333333333333 0.030555555555555555
1 0.5669270833333333 0.19953703703703704 0.0067708333333333336 0.027777777777777776
1 0.3893229166666667 0.12129629629629629 0.007291666666666667 0.027777777777777776
1 0.41119791666666666 0.1986111111111111 0.0078125 0.028703703703703703
1 0.19010416666666666 0.2 0.009375 0.027777777777777776
1 0.6989583333333333 0.524074074074074 0.0140625 0.041666666666666664
2 0.37402604166666664 0.09421296296296296 0.005729166666666666 0.025
1 0.44635416666666666 0.1787037037037037 0.007291666666666667 0.028703703703703703
2 0.5213541666666667 0.2865740740740741 0.007291666666666667 0.03611111111111111
1 0.7385416666666667 0.2759259259259259 0.011458333333333333 0.03888888888888889
1 0.599484375 0.604287037037037 0.009890624999999886 0.04980555555555552
1 0.373078125 0.1435648148148148 0.006182291666666609 0.029296296296296282
0 0.5933020833333333 0.15491666666666667 0.00494270833333322 0.010990740740740745