1 0.7924479166666667 0.21944444444444444 0.009375 0.03333333333333333
1 0.6572916666666667 0.31527777777777777 0.008333333333333333 0.037037037037037035
1 0.8674479166666667 0.37037037037037035 0.011979166666666667 0.04259259259259259
1 0.49166666666666664 0.5597222222222222 0.0109375 0.04722222222222222
1 0.5455729166666666 0.2537037037037037 0.007291666666666667 0.03888888888888889
1 0.49505208333333334 0.1962962962962963 0.005729166666666666 0.03518518518518519
1 0.8104166666666667 0.27824074074074073 0.0109375 0.03981481481481482
1 0.99375 0.325 0.011458333333333333 0.04259259259259259
1 0.47994791666666664 0.32916666666666666 0.0067708333333333336 0.03981481481481482
1 0.7575520833333333 0.4185185185185185 0.0109375 0.03981481481481482
1 0.79609375 0.3814814814814815 0.010416666666666666 0.040740740740740744
1 0.7484375 0.5282407407407408 0.0109375 0.046296296296296294
1 0.7958333333333333 0.399537037037037 0.009895833333333333 0.03981481481481482
2 0.6119687500000001 0.36874074074074076 0.008000000000000066 0.03183333333333333
1 0.762625 0.3738796296296297 0.007234374999999934 0.023157407407407397
1 0.7604583333333333 0.39472222222222225 0.006369791666666676 0.02470370370370366
1 0.7713125000000001 0.379537037037037 0.0037656250000000094 0.04065740740740738
1 0.7775364583333333 0.385712962962963 0.008104166666666638 0.03550925925925928
1 0.7823125 0.3998611111111111 0.011291666666666582 0.048370370370370376
1 0.7982343749999999 0.37850925925925927 0.008395833333333276 0.01698148148148151
2 0.477375 0.10586111111111111 0.007874999999999943 0.033249999999999995