1 0.959765625 0.35555555555555557 0.02734375 0.1111111111111111
1 0.78515625 0.4486111111111111 0.0265625 0.13055555555555556
1 0.51328125 0.3229166666666667 0.021875 0.10972222222222222
1 0.381640625 0.15347222222222223 0.01640625 0.09027777777777778
1 0.890625 0.21875 0.0203125 0.09583333333333334
2 0.928515625 0.24583333333333332 0.02421875 0.09722222222222222
1 0.229296875 0.26875 0.02265625 0.10416666666666667
1 0.635546875 0.1451388888888889 0.01640625 0.08194444444444444
1 0.855859375 0.16041666666666668 0.01796875 0.09027777777777778
1 0.789453125 0.2875 0.02109375 0.11666666666666667
1 0.987890625 0.41458333333333336 0.02265625 0.12361111111111112
1 0.695703125 0.2611111111111111 0.02109375 0.09444444444444444
1 0.220703125 0.4888888888888889 0.03515625 0.11666666666666667
1 0.87734375 0.09791666666666667 0.015625 0.07083333333333333
2 0.33671875 0.06805555555555555 0.0203125 0.08055555555555556
1 0.696484375 0.23680555555555555 0.01953125 0.09027777777777778
0 0.2609375 0.5541666666666667 0.0140625 0.022222222222222223