1 0.5328125 0.5736111111111111 0.028125 0.125
1 0.30234375 0.4965277777777778 0.0265625 0.12638888888888888
1 0.398046875 0.4361111111111111 0.02421875 0.10833333333333334
1 0.637890625 0.48125 0.02578125 0.11805555555555555
1 0.34296875 0.38263888888888886 0.025 0.09305555555555556
1 0.352734375 0.44375 0.02109375 0.07361111111111111
1 0.3359375 0.4534722222222222 0.0234375 0.05694444444444444
1 0.008203125 0.5229166666666667 0.01640625 0.10972222222222222
1 0.0078125 0.48680555555555555 0.015625 0.10416666666666667
0 0.539453125 0.37222222222222223 0.01015625 0.019444444444444445
0 0.646484375 0.5277777777777778 0.00703125 0.022222222222222223