1 0.70703125 0.6689814814814815 0.0125 0.053703703703703705
1 0.4375 0.37592592592592594 0.0078125 0.040740740740740744
1 0.5580729166666667 0.4060185185185185 0.009375 0.03888888888888889
1 0.46848958333333335 0.2125 0.00625 0.03425925925925926
1 0.7390625 0.3824074074074074 0.009375 0.040740740740740744
1 0.34427083333333336 0.2833333333333333 0.0078125 0.03796296296296296
1 0.30703125 0.48935185185185187 0.011458333333333333 0.03611111111111111
1 0.5203125 0.1337962962962963 0.005729166666666666 0.027777777777777776
1 0.4630208333333333 0.7856481481481481 0.0140625 0.053703703703703705
1 0.4817708333333333 0.5912037037037037 0.011458333333333333 0.04814814814814815
1 0.30833333333333335 0.35 0.008333333333333333 0.03425925925925926
1 0.26614583333333336 0.8027777777777778 0.016145833333333335 0.05185185185185185
2 0.46822916666666664 0.09768518518518518 0.005729166666666666 0.028703703703703703
1 0.5036458333333333 0.23981481481481481 0.007291666666666667 0.03611111111111111
1 0.42864583333333334 0.7550925925925925 0.0171875 0.05462962962962963
1 0.32734375 0.5060185185185185 0.009375 0.041666666666666664
1 0.32864583333333336 0.2884259259259259 0.007291666666666667 0.03796296296296296
1 0.5223958333333333 0.4083333333333333 0.008333333333333333 0.03981481481481482
1 0.37161458333333336 0.2884259259259259 0.007291666666666667 0.03796296296296296
1 0.40338541666666666 0.22268518518518518 0.007291666666666667 0.032407407407407406
1 0.2635416666666667 0.6787037037037037 0.011979166666666667 0.05555555555555555
2 0.39957291666666667 0.3877407407407407 0.010713541666666633 0.042657407407407456
0 0.47413020833333336 0.7815740740740741 0.00557291666666669 0.01218518518518526