2 0.1171875 0.42569444444444443 0.0234375 0.12638888888888888
1 0.215234375 0.24097222222222223 0.02265625 0.0875
1 0.210546875 0.5423611111111111 0.02734375 0.1375
1 0.866015625 0.5486111111111112 0.03046875 0.1361111111111111
1 0.267578125 0.3458333333333333 0.02890625 0.1111111111111111
1 0.6734375 0.5590277777777778 0.028125 0.1486111111111111
1 0.087109375 0.32222222222222224 0.02578125 0.10277777777777777
1 0.350390625 0.3527777777777778 0.02265625 0.10555555555555556
1 0.4859375 0.37430555555555556 0.025 0.10694444444444444
1 0.40625 0.3138888888888889 0.0203125 0.09444444444444444
1 0.740234375 0.4777777777777778 0.03203125 0.1111111111111111
1 0.400390625 0.5173611111111112 0.04296875 0.11805555555555555
1 0.458984375 0.5291666666666667 0.03984375 0.11666666666666667
1 0.768359375 0.5180555555555556 0.02265625 0.1361111111111111
1 0.62109375 0.3888888888888889 0.0390625 0.09444444444444444
1 0.62578125 0.36875 0.0328125 0.11805555555555555
1 0.98984375 0.31180555555555556 0.0203125 0.10694444444444444
1 0.749609375 0.4986111111111111 0.02421875 0.11388888888888889
1 0.74609375 0.48333333333333334 0.028125 0.11944444444444445
0 0.38515625 0.5631944444444444 0.0109375 0.02361111111111111