1 0.707421875 0.5208333333333334 0.02890625 0.14444444444444443
1 0.50859375 0.6618055555555555 0.03125 0.1625
1 0.769921875 0.19305555555555556 0.02109375 0.1
1 0.484765625 0.21041666666666667 0.02109375 0.10972222222222222
1 0.353125 0.3958333333333333 0.0296875 0.1361111111111111
1 0.283984375 0.2916666666666667 0.02578125 0.125
1 0.543359375 0.3506944444444444 0.02578125 0.12083333333333333
1 0.834765625 0.5118055555555555 0.02578125 0.1375
1 0.626953125 0.40555555555555556 0.01796875 0.125
2 0.541796875 0.0763888888888889 0.01796875 0.08333333333333333
1 0.61015625 0.34097222222222223 0.025 0.12083333333333333
1 0.88828125 0.3486111111111111 0.0234375 0.08888888888888889
1 0.891015625 0.31666666666666665 0.01953125 0.11388888888888889
2 0.3619765625 0.4560138888888889 0.01389062499999998 0.02315277777777772