1 0.6677083333333333 0.2689814814814815 0.0078125 0.03333333333333333
1 0.4078125 0.30185185185185187 0.0078125 0.03981481481481482
1 0.66953125 0.3111111111111111 0.007291666666666667 0.03611111111111111
1 0.5708333333333333 0.40046296296296297 0.0078125 0.040740740740740744
1 0.6184895833333334 0.2013888888888889 0.0067708333333333336 0.030555555555555555
1 0.5078125 0.18518518518518517 0.0067708333333333336 0.027777777777777776
1 0.6338541666666667 0.3592592592592593 0.008333333333333333 0.03981481481481482
2 0.46328125 0.2662037037037037 0.0067708333333333336 0.03611111111111111
1 0.61796875 0.21296296296296297 0.0067708333333333336 0.03148148148148148
1 0.5700520833333333 0.15787037037037038 0.00625 0.025
1 0.5341145833333333 0.2824074074074074 0.008333333333333333 0.03981481481481482
1 0.34140625 0.1912037037037037 0.0067708333333333336 0.03148148148148148
1 0.5653645833333333 0.24305555555555555 0.0078125 0.03518518518518519
1 0.46927083333333336 0.12824074074074074 0.005729166666666666 0.024074074074074074
1 0.40286458333333336 0.2518518518518518 0.008333333333333333 0.03611111111111111
1 0.4856770833333333 0.17916666666666667 0.007291666666666667 0.032407407407407406
1 0.36354166666666665 0.31805555555555554 0.008333333333333333 0.03888888888888889
2 0.9583333333333334 0.5861111111111111 0.015625 0.03796296296296296
2 0.14401041666666667 0.16018518518518518 0.0078125 0.026851851851851852
1 0.42491666666666666 0.2345 0.006682291666666629 0.03168518518518521
1 0.47348958333333335 0.15052777777777776 0.007578124999999976 0.02851851851851853
1 0.5089166666666667 0.14616666666666667 0.004458333333333305 0.030898148148148154
1 0.5601666666666667 0.14141666666666666 0.008020833333333382 0.026148148148148156
1 0.6995208333333333 0.21408333333333335 0.008973958333333342 0.02985185185185186
0 0.49153125000000003 0.1940185185185185 0.0046302083333333854 0.01132407407407409