1 0.34270833333333334 0.47129629629629627 0.009895833333333333 0.05092592592592592
1 0.8057291666666667 0.6703703703703704 0.016666666666666666 0.05277777777777778
1 0.4822916666666667 0.29953703703703705 0.008854166666666666 0.03888888888888889
1 0.24375 0.15925925925925927 0.0078125 0.032407407407407406
1 0.8072916666666666 0.4078703703703704 0.011979166666666667 0.04722222222222222
1 0.84296875 0.2953703703703704 0.009375 0.041666666666666664
1 0.45807291666666666 0.29212962962962963 0.0109375 0.040740740740740744
1 0.6075520833333333 0.11296296296296296 0.005729166666666666 0.03148148148148148
1 0.30572916666666666 0.27870370370370373 0.009375 0.040740740740740744
1 0.7833333333333333 0.41898148148148145 0.0109375 0.04351851851851852
1 0.29348958333333336 0.1287037037037037 0.007291666666666667 0.03425925925925926
1 0.5380208333333333 0.2162037037037037 0.0078125 0.03888888888888889
1 0.6666666666666666 0.17777777777777778 0.007291666666666667 0.03518518518518519
1 0.8091145833333333 0.825462962962963 0.015104166666666667 0.05462962962962963
1 0.8296875 0.2949074074074074 0.009375 0.041666666666666664
1 0.42890625 0.11666666666666667 0.0067708333333333336 0.03425925925925926
1 0.6848958333333334 0.20416666666666666 0.007291666666666667 0.03518518518518519
1 0.15989583333333332 0.27824074074074073 0.009375 0.03796296296296296
1 0.5203125 0.05185185185185185 0.005729166666666666 0.026851851851851852
1 0.1765625 0.5731481481481482 0.0140625 0.05185185185185185
2 0.40859375 0.016666666666666666 0.005729166666666666 0.025
2 0.42615625 0.21446296296296297 0.008677083333333375 0.03566666666666665