1 0.14348958333333334 0.6152777777777778 0.015625 0.05092592592592592
1 0.4127604166666667 0.22175925925925927 0.0078125 0.03333333333333333
1 0.6559895833333333 0.25601851851851853 0.008333333333333333 0.037037037037037035
1 0.4890625 0.3824074074074074 0.0067708333333333336 0.044444444444444446
1 0.2716145833333333 0.2657407407407407 0.008854166666666666 0.03796296296296296
1 0.19921875 0.7805555555555556 0.023958333333333335 0.05
1 0.3846354166666667 0.3912037037037037 0.009375 0.03888888888888889
1 0.3546875 0.38333333333333336 0.009895833333333333 0.046296296296296294
1 0.44557291666666665 0.3212962962962963 0.007291666666666667 0.040740740740740744
1 0.88984375 0.3148148148148148 0.011979166666666667 0.03796296296296296
1 0.5825520833333333 0.4935185185185185 0.009375 0.04351851851851852
1 0.3215833333333334 0.5252129629629629 0.01608333333333339 0.04731481481481473
1 0.23723958333333334 0.34629629629629627 0.010416666666666666 0.03981481481481482
1 0.34088541666666666 0.2111111111111111 0.008854166666666666 0.03518518518518519
1 0.5549479166666667 0.2865740740740741 0.00625 0.03518518518518519
1 0.17213541666666668 0.48194444444444445 0.014583333333333334 0.04351851851851852
1 0.55859375 0.15185185185185185 0.007291666666666667 0.027777777777777776
1 0.40286458333333336 0.1875 0.008854166666666666 0.028703703703703703
2 0.2999583333333333 0.10853703703703703 0.007291666666666667 0.025
1 0.5161458333333333 0.2828703703703704 0.0067708333333333336 0.037037037037037035
2 0.5565104166666667 0.26805555555555555 0.00625 0.03425925925925926
1 0.37540625 0.2970277777777778 0.00834374999999999 0.04037037037037039
1 0.5485052083333334 0.25953703703703707 0.004171875000000114 0.029657407407407382
2 0.8580989583333333 0.9475185185185185 0.02548958333333336 0.052731481481481525
0 0.5301979166666667 0.3023796296296296 0.006489583333333352 0.011537037037037071