1 0.718359375 0.2833333333333333 0.02109375 0.11944444444444445
1 0.8578125 0.50625 0.040625 0.15138888888888888
1 0.621875 0.4326388888888889 0.0171875 0.12916666666666668
2 0.89375 0.3551666666666667 0.034375 0.1291666666666667
1 0.7515625 0.49444444444444446 0.0265625 0.1388888888888889
1 0.681640625 0.39305555555555555 0.01796875 0.12777777777777777
1 0.887890625 0.2625 0.01953125 0.09444444444444444
1 0.93984375 0.25277777777777777 0.025 0.11388888888888889
1 0.33203125 0.7194444444444444 0.0390625 0.15833333333333333
1 0.86796875 0.32708333333333334 0.028125 0.12361111111111112
1 0.34765625 0.6888888888888889 0.0203125 0.15555555555555556
1 0.91953125 0.25277777777777777 0.0203125 0.11388888888888889
1 0.836328125 0.30833333333333335 0.02578125 0.1388888888888889
1 0.66015625 0.3104166666666667 0.034375 0.043055555555555555
0 0.37109375 0.7520833333333333 0.015625 0.02638888888888889
1 0.4171875 0.23472222222222222 0.0234375 0.10555555555555556