1 0.14296875 0.6118055555555556 0.0546875 0.1597222222222222
1 0.197265625 0.37430555555555556 0.04453125 0.11805555555555555
1 0.121484375 0.5180555555555556 0.04296875 0.13333333333333333
1 0.37109375 0.4583333333333333 0.0328125 0.14166666666666666
1 0.7875 0.4201388888888889 0.0453125 0.11527777777777778
1 0.37421875 0.27569444444444446 0.025 0.10694444444444444
1 0.288671875 0.2916666666666667 0.02578125 0.11944444444444445
1 0.667796875 0.4266944444444445 0.028125 0.12222222222222222
1 0.24140625 0.33541666666666664 0.040625 0.12361111111111112
1 0.035546875 0.4 0.02734375 0.1388888888888889
1 0.169875 0.26913888888888887 0.02569531249999999 0.03827777777777778
1 0.008984375 0.44305555555555554 0.01796875 0.14722222222222223
1 0.644359375 0.42083333333333334 0.03767187500000002 0.11820833333333335
2 0.4546875 0.4465277777777778 0.0203125 0.13472222222222222
1 0.1375 0.3736111111111111 0.03125 0.12222222222222222
1 0.4546875 0.44722222222222224 0.0203125 0.13333333333333333
1 0.14375 0.3451388888888889 0.03125 0.12083333333333333
2 0.568359375 0.14722222222222223 0.02265625 0.08333333333333333
1 0.098828125 0.4083333333333333 0.03828125 0.058333333333333334
0 0.740625 0.3576388888888889 0.0125 0.02361111111111111
1 0.171875 0.33873611111111107 0.02778125 0.1126527777777778