2 0.042578125 0.3875 0.02734375 0.12222222222222222
1 0.944921875 0.7229166666666667 0.03984375 0.17916666666666667
1 0.56328125 0.4777777777777778 0.028125 0.125
1 0.520703125 0.65625 0.03828125 0.15138888888888888
1 0.300390625 0.4395833333333333 0.02578125 0.11527777777777778
1 0.86015625 0.33402777777777776 0.0328125 0.1125
1 0.0234375 0.26319444444444445 0.0234375 0.08472222222222223
1 0.7649765625 0.22469444444444445 0.032554687500000054 0.10061111111111111
1 0.481640625 0.2875 0.02421875 0.08055555555555556
1 0.49921875 0.28194444444444444 0.0296875 0.09722222222222222
0 0.437109375 0.3104166666666667 0.01171875 0.020833333333333332