1 0.40677083333333336 0.4300925925925926 0.011458333333333333 0.040740740740740744
1 0.6203125 0.5537037037037037 0.010416666666666666 0.04814814814814815
1 0.4544270833333333 0.26157407407407407 0.007291666666666667 0.03611111111111111
1 0.6794270833333333 0.20879629629629629 0.008333333333333333 0.03333333333333333
1 0.3684895833333333 0.20185185185185187 0.0078125 0.03425925925925926
1 0.6296875 0.28194444444444444 0.0078125 0.03796296296296296
1 0.22213541666666667 0.16296296296296298 0.008854166666666666 0.027777777777777776
1 0.253125 0.21481481481481482 0.008854166666666666 0.03148148148148148
1 0.65390625 0.19814814814814816 0.0078125 0.03425925925925926
1 0.34609375 0.1449074074074074 0.008333333333333333 0.026851851851851852
1 0.28958333333333336 0.387037037037037 0.0125 0.040740740740740744
1 0.5322916666666667 0.1884259259259259 0.0109375 0.026851851851851852
1 0.378125 0.19907407407407407 0.008333333333333333 0.03425925925925926
1 0.41432291666666665 0.2814814814814815 0.0109375 0.037037037037037035
2 0.64140625 0.9847222222222223 0.019791666666666666 0.030555555555555555
1 0.5028645833333333 0.17037037037037037 0.008333333333333333 0.032407407407407406
2 0.37916666666666665 0.09351851851851851 0.0067708333333333336 0.026851851851851852
1 0.36380208333333336 0.5703703703703704 0.013541666666666667 0.05
1 0.6309895833333333 0.7319444444444444 0.020833333333333332 0.05185185185185185
1 0.45651041666666664 0.12083333333333333 0.00625 0.023148148148148147
1 0.6125 0.28425925925925927 0.0078125 0.03425925925925926
1 0.5104166666666666 0.13240740740740742 0.00625 0.025
2 0.5736510416666667 0.2834814814814815 0.006338541666666705 0.03169444444444446
0 0.24185937500000002 0.17783333333333334 0.006734374999999974 0.010564814814814838
1 0.34990625000000003 0.10987962962962963 0.007395833333333357 0.026925925925925936