2 0.4234375 0.3958333333333333 0.0171875 0.12222222222222222
1 0.508203125 0.33958333333333335 0.02578125 0.1125
1 0.21796875 0.43333333333333335 0.0234375 0.12777777777777777
1 0.332421875 0.26666666666666666 0.01953125 0.09166666666666666
1 0.734765625 0.28194444444444444 0.01953125 0.09444444444444444
1 0.5640625 0.35833333333333334 0.025 0.11944444444444445
1 0.665234375 0.4444444444444444 0.02421875 0.12777777777777777
1 0.408203125 0.24861111111111112 0.01796875 0.07222222222222222
1 0.203515625 0.36527777777777776 0.02109375 0.11666666666666667
1 0.185546875 0.32083333333333336 0.02421875 0.10555555555555556
1 0.15971875 0.252625 0.024304687500000012 0.10586111111111116
1 0.58515625 0.27152777777777776 0.0171875 0.07916666666666666
1 0.8986953124999999 0.5159722222222223 0.0671875 0.15416666666666667
1 0.2 0.2826388888888889 0.0171875 0.08194444444444444
0 0.60703125 0.30069444444444443 0.009375 0.020833333333333332