1 0.6953125 0.25 0.010416666666666666 0.03611111111111111
1 0.46875 0.38981481481481484 0.008854166666666666 0.03888888888888889
1 0.72109375 0.46296296296296297 0.010416666666666666 0.04259259259259259
1 0.5203125 0.24444444444444444 0.00625 0.03333333333333333
1 0.39557291666666666 0.3611111111111111 0.009375 0.03981481481481482
1 0.6614583333333334 0.20416666666666666 0.008333333333333333 0.03333333333333333
1 0.6052083333333333 0.22546296296296298 0.007291666666666667 0.03333333333333333
1 0.9950520833333333 0.35462962962962963 0.009375 0.03981481481481482
1 0.6393229166666666 0.17407407407407408 0.0067708333333333336 0.030555555555555555
1 0.5869791666666667 0.16712962962962963 0.00625 0.027777777777777776
1 0.5286458333333334 0.1935185185185185 0.0067708333333333336 0.03333333333333333
1 0.5619791666666667 0.16712962962962963 0.005729166666666666 0.02962962962962963
1 0.10208333333333333 0.2865740740740741 0.009895833333333333 0.03333333333333333
2 0.48671875 0.2708333333333333 0.0067708333333333336 0.03611111111111111
1 0.5768229166666666 0.4722222222222222 0.0109375 0.041666666666666664
1 0.615625 0.17962962962962964 0.007291666666666667 0.030555555555555555
1 0.4257135416666667 0.24528703703703705 0.006427083333333291 0.03199074074074072
1 0.43928124999999996 0.23261111111111113 0.00781770833333333 0.037055555555555564
1 0.44666145833333337 0.1495 0.00579166666666661 0.02933333333333334
1 0.452453125 0.16185185185185186 0.0046302083333333854 0.03036111111111113
2 0.42278125 0.10807407407407407 0.0049218750000000235 0.02675925925925925
1 0.5269947916666667 0.1471851851851852 0.0060781250000000375 0.02985185185185186
1 0.5539166666666666 0.22566666666666665 0.0060781250000000375 0.02830555555555555
1 0.588359375 0.13920370370370372 0.008973958333333342 0.024185185185185188