1 0.254296875 0.35555555555555557 0.01953125 0.08611111111111111
2 0.30546875 0.3888888888888889 0.021875 0.09722222222222222
1 0.1875 0.41875 0.0203125 0.10416666666666667
1 0.46953125 0.25972222222222224 0.015625 0.06944444444444445
1 0.408984375 0.49583333333333335 0.02421875 0.11388888888888889
1 0.819140625 0.22152777777777777 0.01640625 0.06527777777777778
1 0.969140625 0.30972222222222223 0.02421875 0.09166666666666666
1 0.28984375 0.2625 0.0171875 0.07777777777777778
1 0.532421875 0.3819444444444444 0.02109375 0.09722222222222222
1 0.40625 0.7201388888888889 0.0453125 0.15416666666666667
1 0.76328125 0.3548611111111111 0.025 0.0875
1 0.01328125 0.5305555555555556 0.0265625 0.125
1 0.076171875 0.33958333333333335 0.02109375 0.09583333333333334
1 0.596484375 0.3423611111111111 0.01953125 0.08472222222222223
1 0.213671875 0.5027777777777778 0.02265625 0.125
1 0.319140625 0.16111111111111112 0.01328125 0.05555555555555555
1 0.21484375 0.25 0.0171875 0.08055555555555556
2 0.29375 0.13472222222222222 0.015625 0.058333333333333334
1 0.003125 0.4423611111111111 0.00625 0.07916666666666666
0 0.77578125 0.7006944444444444 0.0140625 0.02361111111111111