1 0.6075520833333333 0.3574074074074074 0.009375 0.03981481481481482
1 0.6565104166666667 0.46435185185185185 0.009375 0.046296296296296294
1 0.31328125 0.2601851851851852 0.0078125 0.03888888888888889
1 0.7447916666666666 0.25 0.007291666666666667 0.03425925925925926
1 0.5322916666666667 0.1648148148148148 0.007291666666666667 0.026851851851851852
1 0.4140625 0.38935185185185184 0.009375 0.04259259259259259
1 0.28541666666666665 0.46944444444444444 0.0109375 0.04814814814814815
1 0.5083333333333333 0.3472222222222222 0.009895833333333333 0.03981481481481482
1 0.6796875 0.524537037037037 0.008854166666666666 0.04722222222222222
1 0.4953125 0.2916666666666667 0.008854166666666666 0.03518518518518519
1 0.3880208333333333 0.29768518518518516 0.008854166666666666 0.03796296296296296
2 0.8955729166666667 0.7296296296296296 0.016666666666666666 0.04722222222222222
1 0.5286458333333334 0.26851851851851855 0.007291666666666667 0.03611111111111111
1 0.4861979166666667 0.22407407407407406 0.0078125 0.02962962962962963
1 0.5401041666666667 0.33935185185185185 0.0078125 0.03611111111111111
2 0.22890625 0.14675925925925926 0.0078125 0.02962962962962963
2 0.5421875 0.3101851851851852 0.007291666666666667 0.03518518518518519
1 0.6341145833333334 0.27870370370370373 0.0078125 0.03796296296296296
1 0.4804010416666667 0.23252777777777778 0.013802083333333333 0.02013888888888889
1 0.6026041666666667 0.262037037037037 0.008333333333333333 0.03888888888888889
1 0.48046875 0.12268518518518519 0.00625 0.025
1 0.540625 0.25601851851851853 0.007291666666666667 0.03425925925925926
1 0.6484791666666666 0.33546296296296296 0.006838541666666724 0.039944444444444435
0 0.471828125 0.23734259259259258 0.005859375 0.015055555555555548
1 0.4250989583333334 0.2112962962962963 0.005536458333333391 0.028944444444444436