1 0.016796875 0.6506944444444445 0.03359375 0.1625
2 0.619921875 0.49236111111111114 0.03203125 0.14027777777777778
1 0.667578125 0.7215277777777778 0.05078125 0.15694444444444444
1 0.02265625 0.46041666666666664 0.0453125 0.14305555555555555
1 0.833984375 0.6555555555555556 0.04296875 0.15833333333333333
1 0.1765625 0.4548611111111111 0.03125 0.1486111111111111
1 0.5296875 0.3055555555555556 0.0328125 0.08888888888888889
1 0.14453125 0.3861111111111111 0.028125 0.11944444444444445
1 0.33203125 0.2798611111111111 0.025 0.09305555555555556
1 0.5700937500000001 0.28541666666666665 0.029250000000000043 0.10138888888888889
1 0.76953125 0.33541666666666664 0.034375 0.10694444444444444
1 0.25390625 0.2861111111111111 0.0203125 0.08611111111111111
1 0.8015625 0.36180555555555555 0.025 0.10972222222222222
2 0.197265625 0.24513888888888888 0.02734375 0.09861111111111111
1 0.9953125 0.4701388888888889 0.009375 0.14583333333333334
0 0.5607656249999999 0.3333333333333333 0.01389062499999998 0.021611111111111116