1 0.91875 0.49236111111111114 0.0578125 0.14305555555555555
1 0.7140625 0.4909722222222222 0.0421875 0.13472222222222222
1 0.5421875 0.4027777777777778 0.0390625 0.11666666666666667
1 0.31796875 0.3784722222222222 0.021875 0.12361111111111112
1 0.676171875 0.38958333333333334 0.02734375 0.10694444444444444
1 0.148046875 0.46041666666666664 0.04453125 0.11805555555555555
2 0.075 0.40555555555555556 0.028125 0.125
1 0.4734375 0.36875 0.03125 0.1125
1 0.803515625 0.40347222222222223 0.03359375 0.10694444444444444
1 0.442578125 0.40694444444444444 0.03203125 0.10277777777777777
1 0.276953125 0.31875 0.02578125 0.1125
1 0.2640625 0.33611111111111114 0.0359375 0.09722222222222222
0 0.5264765625 0.30477777777777776 0.01996874999999996 0.041666666666666664