1 0.4546875 0.22361111111111112 0.007291666666666667 0.032407407407407406
1 0.58828125 0.20277777777777778 0.0067708333333333336 0.03333333333333333
1 0.6080729166666666 0.5430555555555555 0.009375 0.05092592592592592
1 0.37942708333333336 0.30833333333333335 0.008333333333333333 0.03333333333333333
1 0.49583333333333335 0.2050925925925926 0.008333333333333333 0.03333333333333333
1 0.42135416666666664 0.29212962962962963 0.008333333333333333 0.03425925925925926
1 0.32760416666666664 0.4564814814814815 0.0125 0.04259259259259259
1 0.6458333333333334 0.34675925925925927 0.007291666666666667 0.040740740740740744
2 0.48020833333333335 0.3125 0.008854166666666666 0.03518518518518519
1 0.5111979166666667 0.15787037037037038 0.0067708333333333336 0.028703703703703703
1 0.2890625 0.40555555555555556 0.010416666666666666 0.03888888888888889
1 0.41744791666666664 0.20925925925925926 0.008333333333333333 0.03425925925925926
1 0.35911458333333335 0.26805555555555555 0.008333333333333333 0.03425925925925926
1 0.20390625 0.2388888888888889 0.0078125 0.03611111111111111
1 0.31588541666666664 0.3509259259259259 0.010416666666666666 0.037037037037037035
1 0.38645833333333335 0.26435185185185184 0.0078125 0.030555555555555555
1 0.5184895833333333 0.09814814814814815 0.0067708333333333336 0.025
1 0.7403645833333333 0.3236111111111111 0.008333333333333333 0.03888888888888889
1 0.5338541666666666 0.1449074074074074 0.007291666666666667 0.025925925925925925
1 0.45338541666666665 0.1675925925925926 0.009375 0.032407407407407406
1 0.28802083333333334 0.6287037037037037 0.015625 0.049074074074074076
2 0.4595208333333333 0.08673148148148148 0.00625 0.025925925925925925
1 0.6240572916666667 0.1706111111111111 0.008677083333333257 0.028916666666666684
0 0.57325 0.17838888888888887 0.004734375000000076 0.006435185185185175