1 0.7705729166666667 0.4949074074074074 0.0140625 0.04722222222222222
1 0.2838541666666667 0.7069444444444445 0.013541666666666667 0.05740740740740741
1 0.36796875 0.21944444444444444 0.0078125 0.02962962962962963
1 0.33307291666666666 0.2518518518518518 0.011458333333333333 0.027777777777777776
1 0.29348958333333336 0.38101851851851853 0.011458333333333333 0.03611111111111111
1 0.24375 0.3162037037037037 0.011458333333333333 0.030555555555555555
1 0.59296875 0.7046296296296296 0.014583333333333334 0.05277777777777778
1 0.3927083333333333 0.28888888888888886 0.009375 0.03518518518518519
1 0.559375 0.2537037037037037 0.009375 0.03518518518518519
1 0.6955729166666667 0.1884259259259259 0.008854166666666666 0.02962962962962963
1 0.60546875 0.4652777777777778 0.0109375 0.046296296296296294
1 0.37864583333333335 0.20185185185185187 0.008333333333333333 0.030555555555555555
2 0.49713541666666666 0.3912037037037037 0.008854166666666666 0.037037037037037035
1 0.8388020833333333 0.3509259259259259 0.013020833333333334 0.03518518518518519
1 0.07682291666666667 0.5046296296296297 0.011979166666666667 0.04259259259259259
1 0.7606770833333333 0.2689814814814815 0.008854166666666666 0.030555555555555555
1 0.31354166666666666 0.2449074074074074 0.008854166666666666 0.026851851851851852
1 0.21015625 0.2564814814814815 0.0109375 0.02962962962962963
1 0.6140625 0.6814814814814815 0.016145833333333335 0.053703703703703705
1 0.7223958333333333 0.3333333333333333 0.008854166666666666 0.03425925925925926
2 0.48098958333333336 0.07916666666666666 0.007291666666666667 0.027777777777777776
1 0.123078125 0.4891759259259259 0.013010416666666675 0.04723148148148147
1 0.5999114583333333 0.2691111111111111 0.009822916666666733 0.03973148148148145