1 0.48072916666666665 0.5888888888888889 0.011979166666666667 0.044444444444444446
1 0.6580729166666667 0.36342592592592593 0.007291666666666667 0.03425925925925926
1 0.1875 0.625462962962963 0.013020833333333334 0.05
1 0.2565104166666667 0.3611111111111111 0.008854166666666666 0.037037037037037035
1 0.020572916666666666 0.3277777777777778 0.009895833333333333 0.032407407407407406
1 0.29583333333333334 0.275 0.008854166666666666 0.03518518518518519
1 0.6138020833333333 0.2 0.0067708333333333336 0.030555555555555555
1 0.3963541666666667 0.2949074074074074 0.008333333333333333 0.037037037037037035
1 0.3609375 0.24444444444444444 0.0067708333333333336 0.03333333333333333
1 0.31979166666666664 0.2111111111111111 0.007291666666666667 0.03333333333333333
1 0.38567708333333334 0.46111111111111114 0.008854166666666666 0.040740740740740744
1 0.34375 0.6111111111111112 0.016666666666666666 0.05277777777777778
1 0.6296875 0.6092592592592593 0.0125 0.046296296296296294
1 0.21041666666666667 0.5217592592592593 0.013020833333333334 0.04722222222222222
1 0.2598958333333333 0.33101851851851855 0.009375 0.03981481481481482
1 0.9119791666666667 0.37175925925925923 0.011979166666666667 0.03981481481481482
1 0.24713541666666666 0.9041666666666667 0.018229166666666668 0.05092592592592592
1 0.54140625 0.4546296296296296 0.009895833333333333 0.03981481481481482
1 0.5221354166666666 0.28379629629629627 0.0078125 0.03518518518518519
2 0.26901041666666664 0.1050925925925926 0.0067708333333333336 0.026851851851851852
2 0.7979166666666667 0.9726851851851852 0.021354166666666667 0.04722222222222222
2 0.3528645833333333 0.33611111111111114 0.009375 0.03796296296296296
1 0.34609375 0.14305555555555555 0.0067708333333333336 0.027777777777777776
1 0.45081770833333334 0.18946296296296297 0.009583333333333381 0.03007407407407409
1 0.494515625 0.12179629629629629 0.006765625000000005 0.025064814814814807
0 0.6284375 0.45962037037037035 0.006203124999999924 0.015037037037037045