1 0.42109375 0.24768518518518517 0.011458333333333333 0.032407407407407406
1 0.42083333333333334 0.39490740740740743 0.0140625 0.037037037037037035
1 0.5184895833333333 0.16064814814814815 0.009895833333333333 0.02962962962962963
1 0.28463541666666664 0.38055555555555554 0.011458333333333333 0.037037037037037035
1 0.6440104166666667 0.1388888888888889 0.0067708333333333336 0.025925925925925925
1 0.7026041666666667 0.3587962962962963 0.010416666666666666 0.040740740740740744
1 0.38046875 0.21388888888888888 0.009375 0.03333333333333333
1 0.49114583333333334 0.18703703703703703 0.009895833333333333 0.028703703703703703
1 0.5427083333333333 0.10416666666666667 0.0067708333333333336 0.022222222222222223
1 0.39296875 0.1925925925925926 0.008333333333333333 0.03148148148148148
1 0.5684895833333333 0.12361111111111112 0.005729166666666666 0.025
1 0.3848958333333333 0.28194444444444444 0.008854166666666666 0.032407407407407406
1 0.4986979166666667 0.5041666666666667 0.011979166666666667 0.041666666666666664
1 0.32384375 0.3318425925925926 0.00880729166666671 0.04382407407407411
1 0.21378124999999998 0.22540740740740742 0.009156250000000022 0.037564814814814836
1 0.37526041666666665 0.23699074074074072 0.005281250000000052 0.03443518518518516
2 0.4740520833333333 0.29271296296296295 0.010567708333333314 0.034435185185185235
1 0.5869270833333334 0.12021296296296298 0.015145833333333296 0.02629629629629629
1 0.5913333333333333 0.12115740740740741 0.009859374999999915 0.02065740740740741
0 0.59696875 0.1305462962962963 0.0042239583333334 0.010648148148148148
2 0.4488697916666667 0.08139814814814815 0.007395833333333357 0.027546296296296298
1 0.6756822916666666 0.19096296296296297 0.006692708333333286 0.03130555555555556
1 0.7369635416666667 0.1847037037037037 0.00880729166666659 0.027546296296296298
2 0.7098229166666666 0.9861851851851852 0.0192135416666666 0.027629629629629764