1 0.9794270833333333 0.3421296296296296 0.009895833333333333 0.04351851851851852
1 0.7630208333333334 0.425 0.0109375 0.041666666666666664
1 0.46796875 0.20185185185185187 0.005729166666666666 0.03425925925925926
1 0.5955729166666667 0.2351851851851852 0.007291666666666667 0.03611111111111111
1 0.5315104166666667 0.26851851851851855 0.007291666666666667 0.03611111111111111
1 0.45598958333333334 0.14675925925925926 0.005729166666666666 0.03148148148148148
1 0.5109375 0.40185185185185185 0.007291666666666667 0.04259259259259259
1 0.6450520833333333 0.23703703703703705 0.00625 0.03611111111111111
1 0.44583333333333336 0.26064814814814813 0.00625 0.03611111111111111
1 0.103125 0.27824074074074073 0.008333333333333333 0.040740740740740744
2 0.5065104166666666 0.2652777777777778 0.0067708333333333336 0.037037037037037035
1 0.6393229166666666 0.16620370370370371 0.005729166666666666 0.03148148148148148
2 0.4315104166666667 0.10555555555555556 0.005729166666666666 0.02962962962962963
1 0.43333333333333335 0.34814814814814815 0.0067708333333333336 0.03981481481481482
1 0.6674479166666667 0.16666666666666666 0.0067708333333333336 0.02962962962962963
1 0.5145833333333333 0.16944444444444445 0.00625 0.03333333333333333
1 0.6346354166666667 0.5148148148148148 0.008333333333333333 0.040740740740740744
1 0.5794270833333334 0.1625 0.005729166666666666 0.030555555555555555
1 0.48720833333333335 0.1475925925925926 0.007005208333333357 0.031499999999999986
1 0.565078125 0.12964814814814815 0.004531249999999905 0.026370370370370374
1 0.6217343750000001 0.15528703703703706 0.006593749999999924 0.027833333333333335
1 0.6483072916666667 0.13477777777777777 0.006182291666666609 0.029296296296296282
1 0.7230885416666666 0.18128703703703702 0.006593749999999924 0.032962962962962986
1 0.7494583333333333 0.25416666666666665 0.006593749999999924 0.03809259259259258