2 0.22890625 0.45694444444444443 0.0421875 0.125
1 0.066015625 0.3958333333333333 0.03046875 0.12222222222222222
1 0.837109375 0.36041666666666666 0.03359375 0.10138888888888889
1 0.625390625 0.8159722222222222 0.05703125 0.16527777777777777
1 0.30078125 0.3034722222222222 0.025 0.10416666666666667
1 0.687109375 0.6006944444444444 0.04296875 0.12638888888888888
1 0.981640625 0.34097222222222223 0.02734375 0.10972222222222222
1 0.5703125 0.2625 0.025 0.06944444444444445
1 0.66640625 0.25833333333333336 0.0265625 0.08333333333333333
1 0.662890625 0.3576388888888889 0.02734375 0.10138888888888889
1 0.526390625 0.2523888888888889 0.030906249999999958 0.07422222222222222
0 0.2825546875 0.32793055555555556 0.0078125 0.01697222222222226