1 0.09270833333333334 0.2199074074074074 0.009375 0.03333333333333333
1 0.042708333333333334 0.4583333333333333 0.015625 0.040740740740740744
1 0.10546875 0.27685185185185185 0.010416666666666666 0.037037037037037035
1 0.30546875 0.44351851851851853 0.011458333333333333 0.040740740740740744
1 0.19609375 0.29074074074074074 0.010416666666666666 0.03888888888888889
1 0.21328125 0.2675925925925926 0.009895833333333333 0.03796296296296296
1 0.16588541666666667 0.7731481481481481 0.018229166666666668 0.05462962962962963
1 0.22994791666666667 0.20601851851851852 0.008854166666666666 0.03333333333333333
1 0.2552083333333333 0.4148148148148148 0.0140625 0.044444444444444446
1 0.39401041666666664 0.2791666666666667 0.0078125 0.03425925925925926
1 0.7348958333333333 0.325 0.009375 0.03888888888888889
1 0.4752604166666667 0.5263888888888889 0.017708333333333333 0.04814814814814815
1 0.6575520833333334 0.19444444444444445 0.00625 0.026851851851851852
1 0.084375 0.5907407407407408 0.015104166666666667 0.04722222222222222
1 0.5020833333333333 0.25833333333333336 0.009895833333333333 0.03425925925925926
1 0.6213541666666667 0.1574074074074074 0.00625 0.025
1 0.409375 0.23287037037037037 0.008333333333333333 0.03425925925925926
2 0.9674479166666666 0.5291666666666667 0.0125 0.03518518518518519
1 0.4466145833333333 0.1037037037037037 0.0067708333333333336 0.023148148148148147
1 0.6470729166666668 0.5533796296296296 0.015244791666666656 0.04321296296296303
0 0.6124635416666667 0.17359259259259258 0.007828125000000104 0.013185185185185194
1 0.5230520833333333 0.3043425925925926 0.008651041666666614 0.04175000000000003