1 0.06796875 0.31851851851851853 0.010416666666666666 0.037037037037037035
1 0.8950520833333333 0.31157407407407406 0.011458333333333333 0.03796296296296296
1 0.50703125 0.1763888888888889 0.005208333333333333 0.02962962962962963
1 0.4921875 0.1824074074074074 0.005729166666666666 0.028703703703703703
1 0.5177083333333333 0.2611111111111111 0.0067708333333333336 0.03148148148148148
1 0.33098958333333334 0.37592592592592594 0.007291666666666667 0.04259259259259259
1 0.5786458333333333 0.4634259259259259 0.008333333333333333 0.03981481481481482
1 0.5424479166666667 0.19953703703703704 0.005729166666666666 0.030555555555555555
2 0.94375 0.9138888888888889 0.017708333333333333 0.04814814814814815
1 0.42083333333333334 0.27175925925925926 0.0067708333333333336 0.03611111111111111
1 0.796875 0.6476851851851851 0.016145833333333335 0.046296296296296294
1 0.4622395833333333 0.26990740740740743 0.005729166666666666 0.03333333333333333
1 0.6328125 0.25833333333333336 0.007291666666666667 0.03518518518518519
1 0.653125 0.2023148148148148 0.0078125 0.03333333333333333
2 0.3611979166666667 0.11342592592592593 0.005208333333333333 0.024074074074074074
2 0.5421875 0.22268518518518518 0.0067708333333333336 0.03333333333333333
1 0.6411458333333333 0.1912037037037037 0.008333333333333333 0.03425925925925926
1 0.54609375 0.1361111111111111 0.00625 0.025925925925925925
1 0.4527083333333334 0.5618055555555556 0.008140625000000058 0.040370370370370286
1 0.3760677083333333 0.19355555555555554 0.006432291666666619 0.027092592592592585
1 0.44769270833333336 0.1736851851851852 0.007447916666666643 0.023481481481481496
1 0.45835937499999996 0.14750000000000002 0.008468749999999995 0.030101851851851845
1 0.5045833333333333 0.11227777777777777 0.006093750000000024 0.022277777777777768
1 0.5772239583333333 0.2597777777777778 0.005078125 0.03551851851851853
0 0.3769166666666666 0.21432407407407408 0.005416666666666714 0.010833333333333323