1 0.3546875 0.4263888888888889 0.013020833333333334 0.041666666666666664
1 0.6783854166666666 0.46064814814814814 0.013020833333333334 0.04351851851851852
1 0.43411458333333336 0.1550925925925926 0.008854166666666666 0.03148148148148148
1 0.16796875 0.2513888888888889 0.008333333333333333 0.032407407407407406
1 0.6072916666666667 0.14907407407407408 0.00625 0.027777777777777776
1 0.5143229166666666 0.17453703703703705 0.005729166666666666 0.03333333333333333
1 0.56796875 0.19027777777777777 0.007291666666666667 0.028703703703703703
1 0.5807291666666666 0.49907407407407406 0.011979166666666667 0.05092592592592592
1 0.9848958333333333 0.3402777777777778 0.020833333333333332 0.03888888888888889
1 0.33619791666666665 0.39305555555555555 0.011979166666666667 0.03981481481481482
2 0.5575520833333333 0.287962962962963 0.007291666666666667 0.03148148148148148
1 0.5634270833333334 0.13292592592592592 0.005729166666666666 0.026851851851851852
2 0.40703125 0.09166666666666666 0.0067708333333333336 0.025925925925925925
1 0.7325520833333333 0.2740740740740741 0.0067708333333333336 0.03518518518518519
1 0.7401041666666667 0.2777777777777778 0.009375 0.037037037037037035
1 0.47734375 0.29444444444444445 0.009375 0.03796296296296296
1 0.6158854166666666 0.17314814814814813 0.0067708333333333336 0.03148148148148148
1 0.350625 0.26435185185185184 0.009375 0.03796296296296296
1 0.36092708333333334 0.23473148148148149 0.008854166666666666 0.03488888888888887
1 0.5276041666666667 0.3 0.008854166666666666 0.03888888888888889
1 0.6756458333333334 0.17655555555555555 0.006255208333333447 0.03058333333333331
1 0.5782083333333333 0.14649074074074075 0.005151041666666601 0.025351851851851848
1 0.571078125 0.1239537037037037 0.005151041666666601 0.029583333333333323
1 0.5506770833333333 0.12818518518518518 0.007130208333333362 0.02817592592592593
1 0.558203125 0.12289814814814815 0.0031718750000000757 0.02324074074074075
2 0.78515625 0.987037037037037 0.0140625 0.025925925925925925