1 0.18046875 0.44722222222222224 0.0296875 0.1388888888888889
1 0.084375 0.6722222222222223 0.03125 0.1638888888888889
1 0.233984375 0.4395833333333333 0.02421875 0.12361111111111112
1 0.05546875 0.3854166666666667 0.0328125 0.12361111111111112
1 0.9096328124999999 0.3845694444444444 0.0296875 0.13333333333333333
1 0.7375 0.4048611111111111 0.0234375 0.11805555555555555
1 0.4546875 0.2833333333333333 0.025 0.1
1 0.578515625 0.26944444444444443 0.02578125 0.1
1 0.11328125 0.9069444444444444 0.0484375 0.18333333333333332
1 0.289453125 0.6583333333333333 0.04921875 0.16111111111111112
1 0.990625 0.5097222222222222 0.0171875 0.13333333333333333
0 0.567578125 0.3090277777777778 0.00859375 0.020833333333333332