1 0.2799479166666667 0.1814814814814815 0.007291666666666667 0.028703703703703703
1 0.6325520833333333 0.2611111111111111 0.007291666666666667 0.03518518518518519
1 0.6138020833333333 0.4356481481481482 0.0078125 0.040740740740740744
1 0.4075520833333333 0.30324074074074076 0.007291666666666667 0.03611111111111111
1 0.36770833333333336 0.29814814814814816 0.0078125 0.03796296296296296
1 0.3294270833333333 0.4513888888888889 0.008854166666666666 0.04722222222222222
1 0.48098958333333336 0.1625 0.00625 0.02962962962962963
1 0.33359375 0.25833333333333336 0.0078125 0.03425925925925926
1 0.5841145833333333 0.5087962962962963 0.008333333333333333 0.04537037037037037
1 0.3580729166666667 0.16620370370370371 0.0067708333333333336 0.02962962962962963
1 0.3109375 0.25787037037037036 0.007291666666666667 0.03425925925925926
1 0.5203125 0.17037037037037037 0.0067708333333333336 0.028703703703703703
2 0.87265625 0.8685185185185185 0.016145833333333335 0.04537037037037037
1 0.5395833333333333 0.26481481481481484 0.007291666666666667 0.03611111111111111
1 0.5716145833333334 0.15462962962962962 0.0078125 0.026851851851851852
1 0.5294270833333333 0.13472222222222222 0.00625 0.025925925925925925
1 0.77265625 0.18101851851851852 0.009375 0.02962962962962963
1 0.4283854166666667 0.15601851851851853 0.0067708333333333336 0.027777777777777776
2 0.23697916666666666 0.13148148148148148 0.007291666666666667 0.027777777777777776
1 0.56875 0.12407407407407407 0.005729166666666666 0.026851851851851852
1 0.42458333333333337 0.5145648148148149 0.011124999999999947 0.04761111111111118
1 0.22516666666666665 0.19739814814814816 0.011947916666666695 0.03442592592592593
1 0.5401510416666666 0.1534537037037037 0.007416666666666553 0.027101851851851835
0 0.7410104166666667 0.17872222222222223 0.004531249999999905 0.010249999999999993
2 0.46393229166666666 0.23402777777777778 0.006593750000000042 0.031499999999999986