1 0.359375 0.6645833333333333 0.046875 0.13472222222222222
1 0.5453125 0.6006944444444444 0.0296875 0.12916666666666668
1 0.3265625 0.5166666666666667 0.0328125 0.11944444444444445
1 0.51953125 0.26875 0.021875 0.09027777777777778
1 0.623828125 0.5875 0.04296875 0.1388888888888889
1 0.66484375 0.4361111111111111 0.0203125 0.11944444444444445
1 0.23671875 0.41805555555555557 0.046875 0.125
1 0.078515625 0.2111111111111111 0.01953125 0.09444444444444444
1 0.73203125 0.7270833333333333 0.0375 0.1625
1 0.951953125 0.23680555555555555 0.01640625 0.08472222222222223
2 0.75 0.3875 0.0375 0.11388888888888889
1 0.35390625 0.5041666666666667 0.021875 0.11944444444444445
1 0.987890625 0.4652777777777778 0.02109375 0.11944444444444445
1 0.556640625 0.2798611111111111 0.01953125 0.09861111111111111
1 0.5671875 0.25625 0.0203125 0.08194444444444444
2 0.620703125 0.08194444444444444 0.01171875 0.05555555555555555
1 0.562109375 0.2534722222222222 0.02734375 0.07361111111111111
1 0.77265625 0.10069444444444445 0.0171875 0.059722222222222225
0 0.340234375 0.7090277777777778 0.01015625 0.029166666666666667