1 0.462890625 0.5819444444444445 0.02265625 0.14166666666666666
1 0.712109375 0.34375 0.02109375 0.10972222222222222
1 0.285546875 0.31666666666666665 0.01796875 0.10277777777777777
1 0.863671875 0.46597222222222223 0.02578125 0.12361111111111112
1 0.75625 0.3138888888888889 0.0140625 0.1
1 0.48828125 0.4638888888888889 0.028125 0.13333333333333333
1 0.127734375 0.4131944444444444 0.02109375 0.12361111111111112
1 0.190234375 0.35138888888888886 0.02578125 0.11666666666666667
1 0.97578125 0.5166666666666667 0.028125 0.1388888888888889
1 0.52109375 0.3090277777777778 0.0171875 0.09305555555555556
1 0.536328125 0.27569444444444446 0.01171875 0.059722222222222225
1 0.494921875 0.23819444444444443 0.01484375 0.0875
2 0.985546875 0.41805555555555557 0.02578125 0.10833333333333334
1 0.985546875 0.3194444444444444 0.01796875 0.09444444444444444
1 0.984765625 0.30277777777777776 0.01953125 0.07777777777777778
1 0.24140625 0.21666666666666667 0.015625 0.075
1 0.458984375 0.23680555555555555 0.01640625 0.07361111111111111
2 0.989453125 0.42291666666666666 0.01953125 0.11527777777777778
1 0.98984375 0.43125 0.01875 0.11805555555555555
0 0.473828125 0.2743055555555556 0.00859375 0.018055555555555554