1 0.6447916666666667 0.18009259259259258 0.0067708333333333336 0.03148148148148148
1 0.4375 0.24814814814814815 0.0067708333333333336 0.032407407407407406
1 0.7380208333333333 0.47453703703703703 0.010416666666666666 0.04351851851851852
1 0.48880208333333336 0.3819444444444444 0.0078125 0.03888888888888889
1 0.4041666666666667 0.3541666666666667 0.008333333333333333 0.040740740740740744
1 0.7083333333333334 0.2449074074074074 0.007291666666666667 0.037037037037037035
1 0.5307291666666667 0.15046296296296297 0.00625 0.027777777777777776
1 0.58671875 0.4759259259259259 0.009375 0.04351851851851852
1 0.5333333333333333 0.23472222222222222 0.007291666666666667 0.03611111111111111
1 0.12135416666666667 0.27361111111111114 0.008333333333333333 0.03333333333333333
1 0.5643229166666667 0.22268518518518518 0.0067708333333333336 0.03333333333333333
1 0.54453125 0.1935185185185185 0.005729166666666666 0.03518518518518519
1 0.59296875 0.18101851851851852 0.0067708333333333336 0.030555555555555555
2 0.44166666666666665 0.1050925925925926 0.00625 0.028703703703703703
1 0.4591145833333333 0.15787037037037038 0.007291666666666667 0.030555555555555555
1 0.61484375 0.22592592592592592 0.0067708333333333336 0.037037037037037035
2 0.5026041666666666 0.2722222222222222 0.008333333333333333 0.03425925925925926
1 0.44819791666666664 0.22967592592592595 0.005755208333333309 0.033111111111111105
1 0.46530208333333334 0.14478703703703705 0.006093750000000024 0.029500000000000012
1 0.5851822916666667 0.1453888888888889 0.008124999999999953 0.027092592592592585
1 0.6000833333333334 0.19114814814814815 0.011515625000000066 0.02227777777777778
1 0.6730625 0.20650000000000002 0.006432291666666619 0.03250925925925927
1 0.6095624999999999 0.17007407407407407 0.005416666666666714 0.029500000000000012