1 0.42916666666666664 0.3736111111111111 0.009375 0.03333333333333333
1 0.3328125 0.30092592592592593 0.0078125 0.03518518518518519
1 0.65234375 0.28055555555555556 0.0109375 0.030555555555555555
1 0.6908854166666667 0.3194444444444444 0.013541666666666667 0.032407407407407406
1 0.53203125 0.16296296296296298 0.007291666666666667 0.027777777777777776
1 0.5052083333333334 0.23981481481481481 0.0109375 0.030555555555555555
1 0.7234375 0.3962962962962963 0.0140625 0.03888888888888889
1 0.7388020833333333 0.5486111111111112 0.01875 0.03796296296296296
1 0.26015625 0.46111111111111114 0.011458333333333333 0.03611111111111111
1 0.30572916666666666 0.2722222222222222 0.009895833333333333 0.032407407407407406
1 0.50859375 0.18009259259259258 0.007291666666666667 0.026851851851851852
2 0.43255208333333334 0.0875 0.005729166666666666 0.025925925925925925
1 0.4471354166666667 0.3578703703703704 0.009895833333333333 0.03518518518518519
1 0.5869791666666667 0.3851851851851852 0.0125 0.03796296296296296
1 0.3841145833333333 0.22407407407407406 0.009375 0.028703703703703703
1 0.403125 0.30648148148148147 0.009375 0.03148148148148148
2 0.47760416666666666 0.35 0.010416666666666666 0.03333333333333333
1 0.5645833333333333 0.17175925925925925 0.0078125 0.028703703703703703
1 0.7484375 0.31527777777777777 0.011458333333333333 0.03333333333333333
1 0.625 0.5296296296296297 0.015625 0.03981481481481482
1 0.32578125 0.36898148148148147 0.013020833333333334 0.03611111111111111
0 0.5780989583333334 0.1857962962962963 0.004281249999999895 0.008092592592592601
1 0.44602083333333337 0.12013888888888889 0.007223958333333277 0.02521296296296297
1 0.22521875 0.24194444444444446 0.006692708333333345 0.03283333333333334