1 0.769140625 0.5458333333333333 0.02421875 0.1361111111111111
1 0.53359375 0.3923611111111111 0.0453125 0.10416666666666667
1 0.03125 0.66875 0.0515625 0.1597222222222222
1 0.339453125 0.4173611111111111 0.03515625 0.1125
1 0.672265625 0.38958333333333334 0.03671875 0.10138888888888889
1 0.385546875 0.4173611111111111 0.02421875 0.12361111111111112
1 0.816796875 0.4486111111111111 0.02109375 0.11666666666666667
1 0.85546875 0.3173611111111111 0.0296875 0.07083333333333333
1 0.191796875 0.3458333333333333 0.02265625 0.10277777777777777
2 0.931640625 0.5625 0.03203125 0.1388888888888889
1 0.600390625 0.26875 0.02265625 0.08472222222222223
1 0.412890625 0.36319444444444443 0.01796875 0.09583333333333334
1 0.686328125 0.5340277777777778 0.03515625 0.1375
1 0.191796875 0.34652777777777777 0.02265625 0.10138888888888889
2 0.1578125 0.25416666666666665 0.0203125 0.08888888888888889
0 0.233984375 0.4048611111111111 0.01015625 0.020833333333333332