1 0.18307291666666667 0.3055555555555556 0.0125 0.03981481481481482
1 0.7434895833333334 0.19490740740740742 0.008333333333333333 0.030555555555555555
1 0.25833333333333336 0.2074074074074074 0.009375 0.03425925925925926
1 0.4666666666666667 0.4912037037037037 0.0125 0.04814814814814815
1 0.29609375 0.19398148148148148 0.010416666666666666 0.032407407407407406
1 0.3578125 0.20462962962962963 0.0078125 0.03425925925925926
1 0.37994791666666666 0.2763888888888889 0.009375 0.037037037037037035
1 0.2625 0.37453703703703706 0.010416666666666666 0.041666666666666664
1 0.41302083333333334 0.19768518518518519 0.008333333333333333 0.03333333333333333
1 0.61953125 0.24675925925925926 0.009375 0.030555555555555555
1 0.41458333333333336 0.33194444444444443 0.008854166666666666 0.03981481481481482
1 0.2359375 0.30787037037037035 0.010416666666666666 0.03796296296296296
1 0.6838541666666667 0.30092592592592593 0.008333333333333333 0.03611111111111111
1 0.2799479166666667 0.3731481481481482 0.010416666666666666 0.041666666666666664
1 0.3841145833333333 0.325 0.009895833333333333 0.03796296296296296
1 0.6458333333333334 0.2652777777777778 0.0078125 0.03148148148148148
1 0.76328125 0.24814814814814815 0.009375 0.032407407407407406
1 0.2640625 0.45740740740740743 0.0125 0.04351851851851852
2 0.2484375 0.4050925925925926 0.011979166666666667 0.03888888888888889
1 0.5214791666666667 0.13330555555555557 0.0077135416666666385 0.030472222222222234
1 0.5902552083333333 0.13674074074074075 0.003854166666666714 0.0312314814814815
2 0.06598958333333334 0.13178703703703704 0.008567708333333335 0.028944444444444436