1 0.766796875 0.4513888888888889 0.03828125 0.1388888888888889
1 0.097265625 0.5805555555555556 0.03984375 0.16944444444444445
1 0.0171875 0.41944444444444445 0.028125 0.15
1 0.548828125 0.28055555555555556 0.02265625 0.10833333333333334
1 0.55859375 0.7090277777777778 0.0328125 0.1763888888888889
1 0.204296875 0.33819444444444446 0.02421875 0.12638888888888888
1 0.378515625 0.30625 0.04140625 0.09583333333333334
1 0.24921875 0.36180555555555555 0.0453125 0.12638888888888888
1 0.5828125 0.36527777777777776 0.0265625 0.12222222222222222
1 0.953125 0.3284722222222222 0.0296875 0.12916666666666668
2 0.629296875 0.53125 0.03046875 0.1625
1 0.416796875 0.2951388888888889 0.02734375 0.08472222222222223
1 0.337109375 0.44166666666666665 0.02734375 0.14722222222222223
1 0.990234375 0.4125 0.01953125 0.13055555555555556
1 0.43125 0.32222222222222224 0.0359375 0.11944444444444445
2 0.5671406250000001 0.17191666666666666 0.02421875 0.10061111111111111
1 0.325 0.3645833333333333 0.046875 0.12083333333333333
1 0.326953125 0.3506944444444444 0.04296875 0.09305555555555556
1 0.323828125 0.3736111111111111 0.03515625 0.11666666666666667
0 0.5390625 0.32708333333333334 0.009375 0.018055555555555554