1 0.5919270833333333 0.7643518518518518 0.01875 0.05185185185185185
1 0.5338541666666666 0.3962962962962963 0.009375 0.037037037037037035
1 0.5846354166666666 0.5074074074074074 0.0125 0.041666666666666664
1 0.7458333333333333 0.5439814814814815 0.010416666666666666 0.049074074074074076
1 0.31796875 0.2518518518518518 0.007291666666666667 0.037037037037037035
1 0.978125 0.36203703703703705 0.011458333333333333 0.040740740740740744
1 0.6916666666666667 0.2884259259259259 0.0078125 0.037037037037037035
1 0.29635416666666664 0.6087962962962963 0.010416666666666666 0.044444444444444446
1 0.32786458333333335 0.8324074074074074 0.0140625 0.06666666666666667
1 0.45546875 0.2800925925925926 0.0067708333333333336 0.03518518518518519
1 0.5044270833333333 0.35324074074074074 0.0067708333333333336 0.037037037037037035
2 0.41770833333333335 0.42268518518518516 0.007291666666666667 0.03888888888888889
1 0.44192708333333336 0.6375 0.008333333333333333 0.049074074074074076
1 0.48854166666666665 0.512962962962963 0.008333333333333333 0.04259259259259259
1 0.38333333333333336 0.3384259259259259 0.008333333333333333 0.040740740740740744
1 0.5700520833333333 0.16805555555555557 0.005729166666666666 0.02962962962962963
1 0.37161458333333336 0.36342592592592593 0.009375 0.03981481481481482
2 0.91171875 0.9578703703703704 0.021354166666666667 0.04814814814814815
1 0.3770833333333333 0.4791666666666667 0.010416666666666666 0.04537037037037037
1 0.26484375 0.4125 0.009375 0.041666666666666664
1 0.2878489583333333 0.32299074074074074 0.010161458333333328 0.03912962962962962
1 0.4238177083333333 0.28626851851851853 0.008468749999999995 0.04033333333333339
1 0.44972395833333334 0.19596296296296295 0.008124999999999953 0.03672222222222219
2 0.323578125 0.11950925925925926 0.007786458333333357 0.02588888888888888