1 0.062109375 0.6409722222222223 0.03203125 0.16527777777777777
1 0.530859375 0.5555555555555556 0.02421875 0.12222222222222222
1 0.649609375 0.6104166666666667 0.04296875 0.12361111111111112
1 0.60078125 0.6118055555555556 0.034375 0.11527777777777778
1 0.444921875 0.5201388888888889 0.03359375 0.13194444444444445
1 0.05234375 0.4270833333333333 0.0203125 0.11805555555555555
1 0.221484375 0.7347222222222223 0.03671875 0.16666666666666666
1 0.12109375 0.26180555555555557 0.025 0.09861111111111111
1 0.193359375 0.40347222222222223 0.02265625 0.12083333333333333
1 0.717578125 0.3 0.01953125 0.09722222222222222
1 0.717578125 0.3 0.01953125 0.09722222222222222
0 0.68828125 0.4888888888888889 0.0109375 0.022222222222222223