1 0.750390625 0.6388888888888888 0.03671875 0.13055555555555556
1 0.091015625 0.46041666666666664 0.02890625 0.12083333333333333
1 0.458203125 0.8409722222222222 0.03359375 0.17083333333333334
1 0.830078125 0.25763888888888886 0.01640625 0.08194444444444444
1 0.564453125 0.30416666666666664 0.01796875 0.08888888888888889
1 0.22890625 0.5576388888888889 0.0375 0.13194444444444445
1 0.502734375 0.4583333333333333 0.03046875 0.10833333333333334
1 0.26796875 0.36736111111111114 0.01875 0.10972222222222222
1 0.885546875 0.4 0.01640625 0.10555555555555556
1 0.685546875 0.5041666666666667 0.02109375 0.12222222222222222
1 0.529296875 0.33125 0.01640625 0.09861111111111111
1 0.382421875 0.4486111111111111 0.02734375 0.11388888888888889
1 0.114453125 0.2743055555555556 0.01328125 0.09027777777777778
1 0.91015625 0.33819444444444446 0.01875 0.10138888888888889
1 0.78203125 0.2048611111111111 0.0140625 0.059722222222222225
1 0.734375 0.32916666666666666 0.01875 0.09444444444444444
2 0.734375 0.33055555555555555 0.01875 0.09444444444444444
1 0.7859375 0.36319444444444443 0.01875 0.09583333333333334
1 0.795703125 0.32708333333333334 0.01796875 0.07916666666666666
2 0.19140625 0.15347222222222223 0.0140625 0.05694444444444444
2 0.79609375 0.34791666666666665 0.0171875 0.1125
0 0.2430546875 0.6080277777777777 0.01389062499999998 0.027777777777777776