1 0.5122395833333333 0.399537037037037 0.0078125 0.040740740740740744
1 0.5830729166666667 0.7861111111111111 0.013020833333333334 0.04722222222222222
1 0.9778645833333334 0.36944444444444446 0.011979166666666667 0.040740740740740744
1 0.3692708333333333 0.5037037037037037 0.0078125 0.040740740740740744
1 0.28932291666666665 0.3296296296296296 0.008854166666666666 0.04259259259259259
1 0.5609375 0.5212962962962963 0.009895833333333333 0.04259259259259259
1 0.68984375 0.2967592592592593 0.0078125 0.040740740740740744
1 0.44583333333333336 0.28425925925925927 0.007291666666666667 0.037037037037037035
2 0.903125 0.9578703703703704 0.01875 0.04814814814814815
1 0.48723958333333334 0.5504629629629629 0.007291666666666667 0.041666666666666664
1 0.5627604166666667 0.16805555555555557 0.005729166666666666 0.02962962962962963
1 0.28854166666666664 0.6638888888888889 0.0109375 0.049074074074074076
2 0.4109375 0.4356481481481482 0.008854166666666666 0.04351851851851852
1 0.41640625 0.2875 0.0067708333333333336 0.03425925925925926
1 0.32369791666666664 0.8921296296296296 0.013541666666666667 0.06296296296296296
1 0.7518229166666667 0.5486111111111112 0.011458333333333333 0.05277777777777778
2 0.31927083333333334 0.12037037037037036 0.0067708333333333336 0.027777777777777776
1 0.315625 0.2569444444444444 0.007291666666666667 0.03518518518518519
1 0.2513020833333333 0.43194444444444446 0.011979166666666667 0.041666666666666664
1 0.45078125 0.6754629629629629 0.013020833333333334 0.05092592592592592
1 0.34980208333333335 0.37832407407407403 0.013182291666666639 0.03735185185185188
1 0.3755520833333333 0.348287037037037 0.009473958333333362 0.04028703703703703
1 0.4987447916666667 0.3669722222222222 0.007828124999999986 0.03809259259259258
1 0.4394166666666666 0.19557407407407407 0.005354166666666652 0.030759259259259233