1 0.9315104166666667 0.29259259259259257 0.011979166666666667 0.03148148148148148
1 0.5927083333333333 0.537962962962963 0.0125 0.04722222222222222
1 0.6171875 0.23564814814814813 0.008854166666666666 0.03518518518518519
1 0.8075520833333333 0.40879629629629627 0.0109375 0.04259259259259259
1 0.7809895833333333 0.387037037037037 0.013541666666666667 0.04259259259259259
1 0.6916666666666667 0.30277777777777776 0.008854166666666666 0.037037037037037035
1 0.7057291666666666 0.2773148148148148 0.008333333333333333 0.03796296296296296
1 0.8567708333333334 0.4046296296296296 0.011979166666666667 0.040740740740740744
1 0.6338541666666667 0.3143518518518518 0.0078125 0.03518518518518519
1 0.9458333333333333 0.45185185185185184 0.015104166666666667 0.03981481481481482
1 0.6114583333333333 0.40694444444444444 0.008854166666666666 0.041666666666666664
1 0.8981770833333333 0.3074074074074074 0.010416666666666666 0.03981481481481482
2 0.7356770833333334 0.33796296296296297 0.008854166666666666 0.03796296296296296
1 0.9089218750000001 0.4166666666666667 0.013020833333333334 0.04259259259259259
1 0.8611979166666667 0.40324074074074073 0.011458333333333333 0.037037037037037035
1 0.9278958333333333 0.4308425925925926 0.005531249999999943 0.04339814814814815
2 0.47942708333333334 0.11296296296296296 0.00625 0.028703703703703703
0 0.6409895833333333 0.2463148148148148 0.008791666666666724 0.014472222222222218
1 0.7741666666666667 0.3383611111111111 0.008791666666666724 0.04110185185185184
1 0.9356770833333333 0.43966666666666665 0.012046875000000058 0.04341666666666665
1 0.9498385416666667 0.42489814814814814 0.011072916666666781 0.023157407407407397
1 0.92509375 0.42200925925925925 0.009770833333333447 0.04051851851851851