1 0.5690104166666666 0.1912037037037037 0.0067708333333333336 0.02962962962962963
1 0.6822916666666666 0.16944444444444445 0.0067708333333333336 0.02962962962962963
1 0.5299479166666666 0.17685185185185184 0.0067708333333333336 0.03425925925925926
1 0.5067708333333333 0.29444444444444445 0.009895833333333333 0.03425925925925926
1 0.5588541666666667 0.475 0.011979166666666667 0.04537037037037037
1 0.6388020833333333 0.17222222222222222 0.00625 0.032407407407407406
1 0.3424479166666667 0.3800925925925926 0.009895833333333333 0.03888888888888889
1 0.6541666666666667 0.47175925925925927 0.011979166666666667 0.046296296296296294
1 0.47942708333333334 0.29074074074074074 0.009895833333333333 0.03611111111111111
1 0.5950520833333334 0.15462962962962962 0.005729166666666666 0.025925925925925925
1 0.43671875 0.16944444444444445 0.008854166666666666 0.03148148148148148
1 0.36614583333333334 0.2574074074074074 0.008333333333333333 0.03611111111111111
1 0.6074010416666666 0.14233333333333334 0.009552083333333409 0.027777777777777776
1 0.18645833333333334 0.24814814814814815 0.0078125 0.03148148148148148
2 0.5463541666666667 0.2935185185185185 0.009895833333333333 0.03333333333333333
1 0.5546875 0.12407407407407407 0.0067708333333333336 0.026851851851851852
1 0.32265625 0.4152777777777778 0.009895833333333333 0.037037037037037035
2 0.42307291666666663 0.09025925925925926 0.00625 0.027777777777777776
1 0.7526041666666666 0.29444444444444445 0.009375 0.03611111111111111
1 0.5828125 0.13148148148148148 0.00625 0.025925925925925925
1 0.37213541666666666 0.23055555555555557 0.008854166666666666 0.03425925925925926
1 0.7458333333333333 0.29305555555555557 0.0078125 0.03518518518518519
1 0.5781197916666667 0.1303888888888889 0.004453125000000095 0.025240740740740734
1 0.6048385416666666 0.1303888888888889 0.007234374999999934 0.026222222222222216