1 0.745703125 0.6513888888888889 0.03046875 0.13333333333333333
1 0.546484375 0.2701388888888889 0.01640625 0.06805555555555555
1 0.085546875 0.5229166666666667 0.02578125 0.10972222222222222
1 0.8140625 0.425 0.0171875 0.09166666666666666
1 0.04296875 0.25972222222222224 0.0203125 0.08055555555555556
1 0.57734375 0.2791666666666667 0.0140625 0.07222222222222222
1 0.84140625 0.4409722222222222 0.0171875 0.10138888888888889
1 0.36796875 0.425 0.0203125 0.09722222222222222
1 0.346484375 0.35833333333333334 0.02109375 0.09166666666666666
1 0.394140625 0.49375 0.02421875 0.10694444444444444
1 0.498828125 0.34652777777777777 0.01484375 0.09027777777777778
1 0.0390625 0.6340277777777777 0.01875 0.12361111111111112
1 0.6421875 0.18888888888888888 0.0109375 0.05
1 0.512109375 0.24513888888888888 0.01640625 0.07083333333333333
1 0.398828125 0.29791666666666666 0.01484375 0.0763888888888889
2 0.6875 0.45208333333333334 0.0203125 0.10416666666666667
1 0.4109375 0.5180555555555556 0.015625 0.10555555555555556
1 0.45625 0.3402777777777778 0.015625 0.07222222222222222
1 0.6875 0.4097222222222222 0.0171875 0.075
2 0.63515625 0.16458333333333333 0.0125 0.05416666666666667
0 0.678515625 0.6875 0.01015625 0.022222222222222223
1 0.4546875 0.37083333333333335 0.0171875 0.075