1 0.6177083333333333 0.32731481481481484 0.007291666666666667 0.03796296296296296
1 0.4700520833333333 0.3296296296296296 0.007291666666666667 0.03981481481481482
1 0.73125 0.41759259259259257 0.009895833333333333 0.04814814814814815
1 0.49609375 0.27361111111111114 0.008333333333333333 0.03796296296296296
1 0.71171875 0.2722222222222222 0.008854166666666666 0.040740740740740744
1 0.5984375 0.6365740740740741 0.011979166666666667 0.05
2 0.4666666666666667 0.39814814814814814 0.0067708333333333336 0.040740740740740744
1 0.48541666666666666 0.5601851851851852 0.009375 0.04722222222222222
2 0.9515625 0.9231481481481482 0.022916666666666665 0.04722222222222222
1 0.4869791666666667 0.2023148148148148 0.00625 0.032407407407407406
1 0.5875 0.30925925925925923 0.0078125 0.03981481481481482
1 0.4466145833333333 0.2847222222222222 0.0078125 0.03796296296296296
1 0.5604375 0.3299074074074074 0.0078125 0.041666666666666664
1 0.5848958333333333 0.4 0.0078125 0.044444444444444446
1 0.5635416666666667 0.37083333333333335 0.007291666666666667 0.04259259259259259
1 0.5276041666666667 0.36157407407407405 0.009375 0.041666666666666664
1 0.5783854166666667 0.3388888888888889 0.007291666666666667 0.041666666666666664
1 0.4875 0.2412037037037037 0.00625 0.03518518518518519
2 0.4429895833333333 0.10621296296296294 0.005729166666666666 0.02685185185185184
1 0.9697916666666667 0.07222222222222222 0.0078125 0.023148148148148147
1 0.55271875 0.41311111111111115 0.009473958333333362 0.042481481481481474
1 0.5741458333333332 0.41201851851851856 0.009473958333333362 0.044685185185185175
1 0.5667291666666666 0.34902777777777777 0.008651041666666732 0.03735185185185188
1 0.6009270833333333 0.1629722222222222 0.010302083333333437 0.031499999999999986