1 0.46458333333333335 0.20185185185185187 0.0067708333333333336 0.03148148148148148
1 0.5122395833333333 0.13287037037037036 0.00625 0.028703703703703703
1 0.4046875 0.22361111111111112 0.008333333333333333 0.032407407407407406
1 0.6890625 0.6763888888888889 0.0171875 0.05277777777777778
1 0.46380208333333334 0.8462962962962963 0.0140625 0.06296296296296296
2 0.39375 0.37777777777777777 0.0078125 0.03611111111111111
1 0.3359375 0.2875 0.007291666666666667 0.03518518518518519
1 0.521875 0.5703703703703704 0.016666666666666666 0.049074074074074076
1 0.5604166666666667 0.3902777777777778 0.008854166666666666 0.04259259259259259
1 0.44088541666666664 0.3611111111111111 0.0078125 0.03981481481481482
1 0.7276041666666667 0.37083333333333335 0.008854166666666666 0.03981481481481482
1 0.190625 0.2652777777777778 0.009895833333333333 0.03148148148148148
1 0.37838541666666664 0.2916666666666667 0.007291666666666667 0.037037037037037035
1 0.2869791666666667 0.43425925925925923 0.009375 0.037037037037037035
1 0.2911458333333333 0.4513888888888889 0.009895833333333333 0.03611111111111111
1 0.3859375 0.7101851851851851 0.015104166666666667 0.058333333333333334
1 0.20286458333333332 0.7916666666666666 0.015104166666666667 0.049074074074074076
1 0.24927083333333336 0.5738888888888889 0.00823958333333336 0.044685185185185175
1 0.30118229166666666 0.3581759259259259 0.009890625000000005 0.035157407407407436
1 0.33105729166666664 0.28675925925925927 0.005354166666666652 0.03588888888888888
1 0.5018333333333334 0.23512037037037037 0.006593750000000042 0.03369444444444443
2 0.46125 0.10071296296296296 0.006182291666666609 0.02856481481481481
1 0.5242916666666667 0.3805185185185185 0.008651041666666614 0.038824074074074025