1 0.40703125 0.5601851851851852 0.014583333333333334 0.05185185185185185
1 0.20755208333333333 0.21666666666666667 0.009895833333333333 0.028703703703703703
1 0.7403645833333333 0.325 0.010416666666666666 0.04259259259259259
1 0.5604166666666667 0.35 0.0109375 0.03981481481481482
1 0.54140625 0.17175925925925925 0.009375 0.030555555555555555
1 0.4153645833333333 0.11898148148148148 0.008333333333333333 0.027777777777777776
1 0.5521927083333333 0.2625 0.010416666666666666 0.03981481481481482
1 0.7212760416666666 0.5303981481481482 0.014953125000000018 0.054944444444444365
1 0.6869947916666667 0.5292407407407408 0.011489583333333305 0.047999999999999925
1 0.77265625 0.3638888888888889 0.010416666666666666 0.04537037037037037
1 0.26640625 0.29398148148148145 0.013541666666666667 0.030555555555555555
1 0.3046875 0.40879629629629627 0.011458333333333333 0.041666666666666664
1 0.28619791666666666 0.2912037037037037 0.009895833333333333 0.032407407407407406
2 0.4708333333333333 0.2824074074074074 0.010416666666666666 0.03888888888888889
1 0.34739583333333335 0.4759259259259259 0.015104166666666667 0.04722222222222222
1 0.26328125 0.2013888888888889 0.009895833333333333 0.028703703703703703
2 0.45598958333333334 0.013888888888888888 0.00625 0.019444444444444445
1 0.2763958333333333 0.22657407407407407 0.011031250000000032 0.035555555555555535
1 0.03449479166666667 0.5389537037037038 0.014994791666666663 0.05408333333333341
1 0.194109375 0.3972685185185185 0.01885416666666669 0.05103703703703704
1 0.210390625 0.4418240740740741 0.00685416666666665 0.04570370370370372
1 0.24059895833333333 0.42239814814814813 0.010713541666666692 0.0540833333333333
1 0.19967708333333334 0.37860185185185186 0.008567708333333358 0.04113888888888884
0 0.292234375 0.3736481481481482 0.0077135416666666385 0.011425925925925956
2 0.7237291666666666 0.9537407407407407 0.01885416666666657 0.05179629629629635