1 0.6190104166666667 0.3337962962962963 0.009375 0.03888888888888889
1 0.7213541666666666 0.7907407407407407 0.016666666666666666 0.05
1 0.7953125 0.2638888888888889 0.008854166666666666 0.03425925925925926
1 0.7427083333333333 0.38564814814814813 0.011979166666666667 0.041666666666666664
1 0.3359375 0.40185185185185185 0.008333333333333333 0.04351851851851852
1 0.2828125 0.8199074074074074 0.013020833333333334 0.053703703703703705
1 0.41901041666666666 0.18472222222222223 0.00625 0.02962962962962963
1 0.3919270833333333 0.26990740740740743 0.0067708333333333336 0.032407407407407406
1 0.4140625 0.2671296296296296 0.00625 0.03425925925925926
1 0.559375 0.5851851851851851 0.0140625 0.040740740740740744
1 0.8268229166666666 0.40879629629629627 0.0125 0.04537037037037037
1 0.99140625 0.3527777777777778 0.010416666666666666 0.03981481481481482
1 0.5893229166666667 0.3013888888888889 0.008333333333333333 0.03888888888888889
1 0.328125 0.5717592592592593 0.009895833333333333 0.04537037037037037
1 0.4546875 0.12546296296296297 0.005729166666666666 0.028703703703703703
1 0.4395833333333333 0.4962962962962963 0.010416666666666666 0.04259259259259259
1 0.32786458333333335 0.37546296296296294 0.009375 0.040740740740740744
1 0.6309895833333333 0.14305555555555555 0.007291666666666667 0.028703703703703703
1 0.49765625 0.4375 0.009375 0.04259259259259259
1 0.8479166666666667 0.2814814814814815 0.013020833333333334 0.03796296296296296
2 0.4890625 0.37175925925925923 0.007291666666666667 0.03888888888888889
1 0.6013854166666667 0.17607407407407408 0.006338541666666705 0.02675925925925924
0 0.8858333333333334 0.3229259259259259 0.00951041666666678 0.011972222222222176
2 0.3519947916666667 0.11550925925925926 0.00752604166666669 0.02675925925925925