1 0.28880208333333335 0.2861111111111111 0.008333333333333333 0.040740740740740744
1 0.7192708333333333 0.46574074074074073 0.011458333333333333 0.04722222222222222
1 0.5942708333333333 0.6462962962962963 0.011979166666666667 0.05092592592592592
1 0.48151041666666666 0.19305555555555556 0.00625 0.03518518518518519
1 0.4783854166666667 0.5819444444444445 0.010416666666666666 0.046296296296296294
1 0.6833333333333333 0.275 0.007291666666666667 0.040740740740740744
1 0.4825520833333333 0.25277777777777777 0.0067708333333333336 0.040740740740740744
1 0.38333333333333336 0.36157407407407405 0.009375 0.041666666666666664
1 0.5794270833333334 0.4111111111111111 0.007291666666666667 0.041666666666666664
1 0.3645833333333333 0.3458333333333333 0.008854166666666666 0.040740740740740744
2 0.9125 0.9351851851851852 0.018229166666666668 0.05092592592592592
1 0.99296875 0.33101851851851855 0.011979166666666667 0.04259259259259259
1 0.49166666666666664 0.2773148148148148 0.0067708333333333336 0.037037037037037035
1 0.440625 0.4583333333333333 0.008333333333333333 0.04259259259259259
1 0.6098958333333333 0.337037037037037 0.007291666666666667 0.037037037037037035
1 0.57890625 0.15787037037037038 0.00625 0.030555555555555555
2 0.4588541666666667 0.4064814814814815 0.008333333333333333 0.040740740740740744
1 0.47291666666666665 0.33611111111111114 0.009375 0.03611111111111111
1 0.39869791666666665 0.44166666666666665 0.011458333333333333 0.044444444444444446
1 0.324171875 0.2366851851851852 0.00838020833333329 0.030472222222222192
1 0.42416666666666664 0.3098240740740741 0.007999999999999948 0.0386018518518519
0 0.522640625 0.35282407407407407 0.004572916666666652 0.010833333333333375
2 0.325125 0.11444444444444445 0.007999999999999948 0.029796296296296303
1 0.43997395833333336 0.4185185185185185 0.0076197916666667235 0.03657407407407407