1 0.10625 0.6583333333333333 0.05 0.175
1 0.228125 0.46805555555555556 0.0359375 0.1361111111111111
1 0.184765625 0.55625 0.04765625 0.15138888888888888
1 0.161328125 0.41805555555555557 0.02421875 0.1388888888888889
1 0.0875 0.425 0.0421875 0.11388888888888889
1 0.020703125 0.37569444444444444 0.04140625 0.11805555555555555
1 0.118359375 0.475 0.03046875 0.14722222222222223
1 0.5828125 0.4826388888888889 0.028125 0.13194444444444445
1 0.465234375 0.4465277777777778 0.02890625 0.13194444444444445
1 0.46953125 0.44166666666666665 0.0390625 0.1388888888888889
1 0.47109375 0.4236111111111111 0.0375 0.10555555555555556
1 0.6832499999999999 0.46766666666666673 0.06944531250000008 0.05355555555555548
0 0.8068593749999999 0.41588888888888886 0.018226562499999942 0.02315277777777772
1 0.20659375 0.509263888888889 0.0850703125 0.05555555555555555