1 0.71875 0.2625 0.008333333333333333 0.03611111111111111
1 0.35651041666666666 0.33055555555555555 0.009375 0.03888888888888889
1 0.459375 0.47638888888888886 0.013541666666666667 0.049074074074074076
1 0.22838541666666667 0.3013888888888889 0.010416666666666666 0.03981481481481482
1 0.6380208333333334 0.16620370370370371 0.0067708333333333336 0.02962962962962963
1 0.18828125 0.262037037037037 0.010416666666666666 0.040740740740740744
1 0.31640625 0.42314814814814816 0.011458333333333333 0.04259259259259259
1 0.41015625 0.25324074074074077 0.008854166666666666 0.03888888888888889
1 0.2869791666666667 0.19583333333333333 0.008333333333333333 0.03425925925925926
1 0.3390625 0.2013888888888889 0.008333333333333333 0.030555555555555555
1 0.7106770833333333 0.2162037037037037 0.008333333333333333 0.02962962962962963
1 0.5526041666666667 0.1425925925925926 0.009375 0.03518518518518519
1 0.3888020833333333 0.15416666666666667 0.008854166666666666 0.030555555555555555
2 0.10651041666666666 0.10185185185185185 0.0078125 0.02962962962962963
1 0.296875 0.3287037037037037 0.009895833333333333 0.04351851851851852
1 0.4491510416666667 0.2818425925925926 0.009312500000000057 0.03634259259259259
1 0.45109895833333336 0.16771296296296295 0.008677083333333375 0.030842592592592595
2 0.2759739583333333 0.36964814814814817 0.008677083333333375 0.039518518518518474
1 0.2694635416666667 0.3542314814814815 0.008677083333333346 0.039518518518518474
1 0.77153125 0.19325925925925927 0.010843750000000086 0.022166666666666664
1 0.6964375 0.2419351851851852 0.004880208333333276 0.03470370370370372