1 0.808984375 0.6486111111111111 0.03828125 0.1388888888888889
1 0.38515625 0.5902777777777778 0.0421875 0.13055555555555556
1 0.03671875 0.34097222222222223 0.0265625 0.10694444444444444
1 0.206640625 0.38333333333333336 0.01953125 0.10555555555555556
1 0.65703125 0.5104166666666666 0.0375 0.10972222222222222
1 0.3375 0.6041666666666666 0.028125 0.125
1 0.25625 0.2777777777777778 0.0203125 0.08611111111111111
1 0.067578125 0.5638888888888889 0.03828125 0.11944444444444445
1 0.448046875 0.4361111111111111 0.02421875 0.10277777777777777
1 0.06484375 0.4701388888888889 0.025 0.0875
1 0.495703125 0.4548611111111111 0.03515625 0.10972222222222222
1 0.43671875 0.3472222222222222 0.028125 0.1
1 0.726171875 0.2791666666666667 0.01953125 0.08888888888888889
1 0.37421875 0.35694444444444445 0.0203125 0.10555555555555556
1 0.365234375 0.30625 0.01796875 0.08472222222222223
0 0.76875 0.6875 0.0125 0.022222222222222223