1 0.916796875 0.6055555555555555 0.03203125 0.1527777777777778
1 0.78046875 0.28402777777777777 0.0234375 0.10138888888888889
1 0.53125 0.3347222222222222 0.0203125 0.11666666666666667
1 0.248828125 0.23402777777777778 0.02265625 0.10138888888888889
1 0.990234375 0.17222222222222222 0.01953125 0.08611111111111111
1 0.4734375 0.4791666666666667 0.0421875 0.12222222222222222
1 0.8640625 0.3020833333333333 0.0203125 0.10416666666666667
1 0.68984375 0.26180555555555557 0.021875 0.09861111111111111
2 0.92578125 0.38263888888888886 0.034375 0.12083333333333333
1 0.794921875 0.21666666666666667 0.02421875 0.09444444444444444
1 0.294921875 0.684111111111111 0.03828125 0.17499999999999993
1 0.712109375 0.27291666666666664 0.02109375 0.10694444444444444
1 0.280859375 0.6999166666666666 0.05356249999999996 0.1640416666666667
1 0.398828125 0.5090277777777777 0.03359375 0.12916666666666668
2 0.9953125 0.10972222222222222 0.009375 0.07222222222222222
0 0.282984375 0.7530833333333333 0.022570312499999988 0.027777777777777776