1 0.16484375 0.6798611111111111 0.034375 0.16527777777777777
1 0.097265625 0.4722222222222222 0.04609375 0.11944444444444445
1 0.911328125 0.4479166666666667 0.04453125 0.12916666666666668
1 0.787109375 0.2152777777777778 0.02578125 0.09722222222222222
1 0.5109375 0.23819444444444443 0.0234375 0.09027777777777778
1 0.4546875 0.23958333333333334 0.0234375 0.09305555555555556
1 0.40625 0.3416666666666667 0.040625 0.11388888888888889
1 0.70703125 0.20694444444444443 0.021875 0.09444444444444444
2 0.6640625 0.31527777777777777 0.0234375 0.10833333333333334
1 0.65390625 0.28888888888888886 0.01875 0.09444444444444444
0 0.242578125 0.3020833333333333 0.01171875 0.020833333333333332