1 0.7440104166666667 0.20879629629629629 0.0078125 0.03518518518518519
1 0.7065104166666667 0.42083333333333334 0.0109375 0.040740740740740744
1 0.721875 0.5805555555555556 0.009895833333333333 0.049074074074074076
1 0.9778645833333334 0.3347222222222222 0.009895833333333333 0.041666666666666664
1 0.50703125 0.25046296296296294 0.005729166666666666 0.03796296296296296
1 0.8104166666666667 0.39537037037037037 0.0109375 0.046296296296296294
1 0.7190104166666667 0.39305555555555555 0.009375 0.03796296296296296
1 0.4903645833333333 0.5708333333333333 0.0109375 0.046296296296296294
2 0.5638020833333334 0.38287037037037036 0.0067708333333333336 0.03981481481481482
1 0.7684895833333333 0.39166666666666666 0.008854166666666666 0.046296296296296294
1 0.75703125 0.37962962962962965 0.008333333333333333 0.03888888888888889
1 0.640625 0.3277777777777778 0.007291666666666667 0.03796296296296296
1 0.9453125 0.1111111111111111 0.00625 0.023148148148148147
1 0.49114583333333334 0.2023148148148148 0.0067708333333333336 0.03425925925925926
1 0.7450520833333333 0.36342592592592593 0.007291666666666667 0.027777777777777776
1 0.47599479166666664 0.3373611111111111 0.008317708333333347 0.046481481481481526
0 0.4898645833333333 0.3532037037037037 0.005151041666666719 0.013379629629629672
2 0.4744114583333333 0.11057407407407407 0.00752604166666669 0.03099074074074074
1 0.8002604166666667 0.28453703703703703 0.007130208333333362 0.03802777777777783
1 0.7334166666666667 0.4096574074074074 0.011656250000000057 0.038490740740740784
1 0.7336562499999999 0.37180555555555556 0.010708333333333304 0.029611111111111126
1 0.736390625 0.39211111111111113 0.005234375000000095 0.03045370370370369
1 0.744359375 0.38639814814814816 0.005473958333333447 0.038490740740740784