1 0.25338541666666664 0.4759259259259259 0.013541666666666667 0.03981481481481482
1 0.3453125 0.3125 0.009375 0.03518518518518519
1 0.46510416666666665 0.5902777777777778 0.011979166666666667 0.040740740740740744
1 0.6895833333333333 0.2861111111111111 0.0109375 0.03611111111111111
1 0.53203125 0.2611111111111111 0.009375 0.030555555555555555
1 0.3807291666666667 0.2671296296296296 0.008333333333333333 0.03611111111111111
1 0.428125 0.43148148148148147 0.013020833333333334 0.03611111111111111
1 0.6846354166666667 0.425 0.010416666666666666 0.044444444444444446
1 0.45677083333333335 0.1935185185185185 0.0078125 0.03148148148148148
1 0.4627604166666667 0.1638888888888889 0.007291666666666667 0.028703703703703703
1 0.48880208333333336 0.1736111111111111 0.008333333333333333 0.03148148148148148
1 0.4283854166666667 0.32314814814814813 0.008854166666666666 0.03611111111111111
1 0.5606770833333333 0.25555555555555554 0.009375 0.03333333333333333
1 0.5158854166666667 0.20694444444444443 0.009375 0.03333333333333333
1 0.31614583333333335 0.3773148148148148 0.009895833333333333 0.03148148148148148
1 0.5276041666666667 0.33796296296296297 0.0109375 0.03611111111111111
1 0.3072916666666667 0.3587962962962963 0.009375 0.03518518518518519
2 0.46927083333333336 0.10277777777777777 0.007291666666666667 0.028703703703703703
2 0.3963541666666667 0.3597222222222222 0.008854166666666666 0.03518518518518519
1 0.44140625 0.23287037037037037 0.008854166666666666 0.02962962962962963
1 0.3575520833333333 0.29814814814814816 0.008854166666666666 0.03611111111111111
1 0.40085937499999996 0.24605555555555556 0.008999999999999985 0.03503703703703707
1 0.223890625 0.259 0.008140624999999997 0.03656481481481482
0 0.6834114583333334 0.30379629629629634 0.004015625000000019 0.009990740740740706