1 0.61953125 0.18055555555555555 0.0067708333333333336 0.028703703703703703
1 0.38255208333333335 0.21851851851851853 0.00625 0.03611111111111111
1 0.53828125 0.25092592592592594 0.0067708333333333336 0.03611111111111111
1 0.11927083333333334 0.26342592592592595 0.0078125 0.03796296296296296
1 0.7205729166666667 0.25555555555555554 0.008333333333333333 0.03981481481481482
1 0.3703125 0.30324074074074076 0.0067708333333333336 0.03981481481481482
1 0.49557291666666664 0.2449074074074074 0.007291666666666667 0.03425925925925926
1 0.5119791666666667 0.38425925925925924 0.0078125 0.041666666666666664
1 0.6447916666666667 0.23796296296296296 0.0067708333333333336 0.03796296296296296
1 0.5854166666666667 0.55 0.007291666666666667 0.04722222222222222
1 0.7234375 0.5046296296296297 0.011979166666666667 0.04351851851851852
1 0.48333333333333334 0.18888888888888888 0.00625 0.03148148148148148
1 0.5552083333333333 0.1675925925925926 0.005729166666666666 0.025925925925925925
2 0.5109375 0.28425925925925927 0.0067708333333333336 0.037037037037037035
1 0.6619791666666667 0.2273148148148148 0.007291666666666667 0.03518518518518519
2 0.41692708333333334 0.10462962962962963 0.005729166666666666 0.025
1 0.5359375 0.15601851851851853 0.005729166666666666 0.026851851851851852
1 0.3736041666666667 0.3981851851851852 0.005859375 0.0397222222222222
1 0.4730520833333333 0.19013888888888889 0.004760416666666719 0.028648148148148145
1 0.43550520833333334 0.14878703703703702 0.004395833333333362 0.025398148148148156
1 0.44814583333333335 0.13381481481481483 0.007692708333333324 0.028000000000000008
1 0.5225000000000001 0.15562962962962965 0.006229166666666686 0.026046296296296293
1 0.6012500000000001 0.20023148148148148 0.0069583333333334 0.028000000000000008
0 0.5761770833333333 0.1627685185185185 0.0056927083333332485 0.007916666666666678