1 0.4375 0.19953703703703704 0.00625 0.03148148148148148
1 0.48203125 0.27685185185185185 0.0067708333333333336 0.03981481481481482
1 0.3578125 0.2824074074074074 0.0067708333333333336 0.03981481481481482
1 0.5817708333333333 0.23472222222222222 0.007291666666666667 0.03518518518518519
1 0.26276041666666666 0.3523148148148148 0.008854166666666666 0.03888888888888889
1 0.36796875 0.25416666666666665 0.007291666666666667 0.03888888888888889
1 0.24739583333333334 0.287962962962963 0.009895833333333333 0.03611111111111111
2 0.38229166666666664 0.2972222222222222 0.0067708333333333336 0.037037037037037035
1 0.271875 0.21388888888888888 0.008854166666666666 0.03333333333333333
1 0.3171875 0.4212962962962963 0.009895833333333333 0.04259259259259259
1 0.4466145833333333 0.41898148148148145 0.008333333333333333 0.04537037037037037
1 0.3065104166666667 0.4027777777777778 0.009895833333333333 0.04259259259259259
1 0.6114583333333333 0.4587962962962963 0.009375 0.04537037037037037
1 0.13828125 0.5731481481481482 0.013541666666666667 0.05092592592592592
1 0.16302083333333334 0.4824074074074074 0.010416666666666666 0.044444444444444446
2 0.71328125 0.9532407407407407 0.016666666666666666 0.05
2 0.2713541666666667 0.11574074074074074 0.007291666666666667 0.028703703703703703
1 0.21484375 0.5773148148148148 0.016666666666666666 0.04722222222222222
1 0.0703125 0.8847222222222222 0.020833333333333332 0.05092592592592592
1 0.212703125 0.3697962962962963 0.009385416666666656 0.0481944444444444
1 0.29950520833333333 0.15153703703703703 0.006776041666666662 0.03429629629629632
1 0.46659375000000003 0.12836111111111112 0.005213541666666662 0.025027777777777767
1 0.5268072916666667 0.3016759259259259 0.006776041666666662 0.03243518518518516
0 0.5228958333333333 0.3155833333333333 0.005213541666666662 0.012046296296296288
1 0.8740104166666666 0.35682407407407407 0.008864583333333323 0.0518981481481481