1 0.48020833333333335 0.1699074074074074 0.005729166666666666 0.03148148148148148
1 0.5072916666666667 0.2222222222222222 0.007291666666666667 0.03611111111111111
1 0.45677083333333335 0.4777777777777778 0.0078125 0.046296296296296294
1 0.30442708333333335 0.24861111111111112 0.008333333333333333 0.03981481481481482
1 0.4591145833333333 0.26157407407407407 0.008333333333333333 0.03425925925925926
1 0.5822916666666667 0.1625 0.00625 0.03333333333333333
1 0.06458333333333334 0.24166666666666667 0.007291666666666667 0.03333333333333333
1 0.2638020833333333 0.3439814814814815 0.009895833333333333 0.044444444444444446
1 0.6109375 0.25046296296296294 0.0078125 0.03611111111111111
1 0.37135416666666665 0.2916666666666667 0.008333333333333333 0.037037037037037035
1 0.8940104166666667 0.30787037037037035 0.009895833333333333 0.03796296296296296
1 0.6841145833333333 0.44212962962962965 0.008333333333333333 0.040740740740740744
1 0.32734375 0.4981481481481482 0.011458333333333333 0.05185185185185185
1 0.3143229166666667 0.17685185185185184 0.00625 0.03518518518518519
1 0.5315104166666667 0.1449074074074074 0.00625 0.027777777777777776
1 0.48072916666666665 0.12407407407407407 0.005208333333333333 0.028703703703703703
2 0.8299479166666667 0.9458333333333333 0.01875 0.04537037037037037
2 0.5317708333333333 0.24675925925925926 0.0067708333333333336 0.03611111111111111
1 0.39010416666666664 0.16296296296296298 0.00625 0.030555555555555555
1 0.16848958333333333 0.09259259259259259 0.007291666666666667 0.025
1 0.6065104166666667 0.2518518518518518 0.0067708333333333336 0.03611111111111111
1 0.6719947916666666 0.6798148148148149 0.012510416666666658 0.05282407407407403
1 0.4261875 0.15231481481481482 0.006432291666666619 0.03130555555555556
1 0.4261875 0.11980555555555554 0.006432291666666619 0.027694444444444456
1 0.4155208333333333 0.10776851851851851 0.009484375000000019 0.02287962962962964
1 0.346265625 0.11348148148148149 0.005078125 0.029500000000000012
0 0.3521927083333333 0.12552777777777777 0.0033854166666666668 0.007824074074074063
2 0.32256250000000003 0.09933333333333333 0.007786458333333357 0.03130555555555556