1 0.11328125 0.2604166666666667 0.040625 0.10416666666666667
1 0.802734375 0.3111111111111111 0.03828125 0.11944444444444445
1 0.656640625 0.3034722222222222 0.02890625 0.12083333333333333
1 0.94765625 0.6090277777777777 0.0484375 0.1625
1 0.273046875 0.5395833333333333 0.03984375 0.15694444444444444
1 0.608984375 0.19930555555555557 0.03046875 0.08472222222222223
2 0.0125 0.38472222222222224 0.025 0.1361111111111111
1 0.0731328125 0.226625 0.040015625 0.10509722222222224
1 0.533984375 0.20902777777777778 0.02109375 0.09027777777777778
0 0.9046875 0.24305555555555555 0.0109375 0.022222222222222223
1 0.55815625 0.19830555555555557 0.01909375000000004 0.10030555555555554