1 0.033984375 0.75625 0.03203125 0.1625
1 0.326953125 0.8340277777777778 0.02890625 0.17083333333333334
1 0.078515625 0.5583333333333333 0.03359375 0.14166666666666666
1 0.450390625 0.5868055555555556 0.02421875 0.1375
1 0.112890625 0.33402777777777776 0.02890625 0.07916666666666666
1 0.43125 0.60625 0.03125 0.1486111111111111
1 0.05703125 0.5104166666666666 0.021875 0.11805555555555555
1 0.004296875 0.6069444444444444 0.00859375 0.08055555555555556
1 0.58515625 0.42569444444444443 0.028125 0.07916666666666666
2 0.176953125 0.5868055555555556 0.03359375 0.13472222222222222
1 0.5295156249999999 0.6257777777777778 0.0625 0.04783333333333325
0 0.5798593750000001 0.4444444444444444 0.010414062499999942 0.018513888888888944