1 0.20546875 0.6138888888888889 0.0125 0.05555555555555555
1 0.3184895833333333 0.3509259259259259 0.009375 0.03796296296296296
1 0.34609375 0.5203703703703704 0.010416666666666666 0.044444444444444446
1 0.19348958333333333 0.2523148148148148 0.007291666666666667 0.03611111111111111
1 0.6544270833333333 0.5837962962962963 0.009375 0.05740740740740741
1 0.4552083333333333 0.35833333333333334 0.007291666666666667 0.04259259259259259
1 0.5442708333333334 0.40046296296296297 0.0067708333333333336 0.04351851851851852
1 0.5895833333333333 0.5981481481481481 0.013541666666666667 0.04259259259259259
1 0.49635416666666665 0.5013888888888889 0.008333333333333333 0.04537037037037037
1 0.48203125 0.125 0.00625 0.025
2 0.3890625 0.3921296296296296 0.008333333333333333 0.041666666666666664
1 0.3536458333333333 0.4888888888888889 0.0109375 0.04722222222222222
1 0.7091145833333333 0.3365740740740741 0.008333333333333333 0.04259259259259259
1 0.396875 0.18888888888888888 0.0078125 0.032407407407407406
1 0.246875 0.600462962962963 0.0109375 0.04814814814814815
2 0.45416666666666666 0.09768518518518518 0.00625 0.026851851851851852
1 0.5020833333333333 0.41435185185185186 0.009375 0.044444444444444446
1 0.5264635416666666 0.5335092592592593 0.008677083333333375 0.051083333333333404
1 0.4727864583333333 0.21446296296296297 0.007588541666666633 0.03566666666666665
1 0.43564583333333334 0.23374074074074075 0.011385416666666615 0.03180555555555558
1 0.323953125 0.26796296296296296 0.009218750000000024 0.023129629629629646
1 0.3247708333333333 0.30024999999999996 0.0140989583333333 0.03373148148148143
1 0.29820312499999996 0.33928703703703705 0.008677083333333375 0.04048148148148151
0 0.457421875 0.15844444444444444 0.003854166666666714 0.010666666666666649