1 0.37994791666666666 0.5087962962962963 0.0140625 0.03981481481481482
1 0.5572916666666666 0.3347222222222222 0.008854166666666666 0.03518518518518519
1 0.26953125 0.6078703703703704 0.013541666666666667 0.04722222222222222
1 0.7416666666666667 0.37824074074074077 0.013541666666666667 0.041666666666666664
1 0.69453125 0.7657407407407407 0.0203125 0.05092592592592592
1 0.69609375 0.37592592592592594 0.0125 0.041666666666666664
1 0.34375 0.2 0.0067708333333333336 0.03148148148148148
1 0.7893229166666667 0.26064814814814813 0.010416666666666666 0.037037037037037035
1 0.23723958333333334 0.8574074074074074 0.019791666666666666 0.053703703703703705
1 0.5385416666666667 0.5972222222222222 0.0109375 0.04537037037037037
1 0.8963541666666667 0.3194444444444444 0.011979166666666667 0.03611111111111111
2 0.4317708333333333 0.37037037037037035 0.007291666666666667 0.03888888888888889
1 0.5424479166666667 0.31574074074074077 0.008854166666666666 0.03611111111111111
1 0.44114583333333335 0.4550925925925926 0.009895833333333333 0.044444444444444446
1 0.7591145833333334 0.26666666666666666 0.011979166666666667 0.03148148148148148
1 0.3229166666666667 0.28935185185185186 0.009895833333333333 0.03888888888888889
1 0.5627604166666667 0.13472222222222222 0.0078125 0.028703703703703703
1 0.27708333333333335 0.425462962962963 0.010416666666666666 0.04259259259259259
1 0.27291666666666664 0.39444444444444443 0.009895833333333333 0.041666666666666664
2 0.99453125 0.8634259259259259 0.010416666666666666 0.028703703703703703
1 0.35103645833333336 0.2735740740740741 0.0082395833333333 0.03588888888888888
1 0.37472916666666667 0.13294444444444445 0.007828124999999986 0.030027777777777785
1 0.5255260416666666 0.17982407407407408 0.007828124999999986 0.031499999999999986
0 0.8644114583333333 0.3310740740740741 0.004119791666666591 0.010250000000000046