1 0.59609375 0.3138888888888889 0.0265625 0.11666666666666667
1 0.451171875 0.25555555555555554 0.03359375 0.10555555555555556
1 0.551171875 0.4354166666666667 0.03984375 0.09861111111111111
1 0.536328125 0.24722222222222223 0.02109375 0.08888888888888889
1 0.10859375 0.29930555555555555 0.0265625 0.1125
2 0.893359375 0.4013888888888889 0.03046875 0.13333333333333333
1 0.171484375 0.425 0.02109375 0.1388888888888889
1 0.76875 0.5284722222222222 0.034375 0.1597222222222222
1 0.257421875 0.43194444444444446 0.03203125 0.1388888888888889
1 0.541796875 0.5736111111111111 0.04140625 0.14444444444444443
1 0.740234375 0.5 0.03359375 0.14444444444444443
1 0.9609375 0.3590277777777778 0.0265625 0.10138888888888889
1 0.924609375 0.2791666666666667 0.02109375 0.11666666666666667
1 0.9890625 0.2951388888888889 0.0203125 0.1125
1 0.906640625 0.2625 0.02421875 0.10555555555555556
2 0.30078125 0.14791666666666667 0.01875 0.08194444444444444
0 0.608984375 0.4736111111111111 0.01328125 0.022222222222222223