1 0.48020833333333335 0.287962962962963 0.0109375 0.03148148148148148
1 0.6177083333333333 0.32916666666666666 0.011979166666666667 0.03333333333333333
1 0.2015625 0.39814814814814814 0.014583333333333334 0.03981481481481482
1 0.40546875 0.3111111111111111 0.008333333333333333 0.03333333333333333
1 0.7604166666666666 0.5967592592592592 0.014583333333333334 0.040740740740740744
1 0.6606770833333333 0.40046296296296297 0.013541666666666667 0.03518518518518519
1 0.5895833333333333 0.387037037037037 0.015104166666666667 0.03518518518518519
1 0.871875 0.31574074074074077 0.011458333333333333 0.02962962962962963
1 0.35833333333333334 0.30416666666666664 0.008854166666666666 0.03425925925925926
1 0.5966145833333333 0.19583333333333333 0.0125 0.028703703703703703
1 0.33645833333333336 0.2222222222222222 0.007291666666666667 0.02962962962962963
1 0.37265625 0.4689814814814815 0.015104166666666667 0.03888888888888889
1 0.37109375 0.5648148148148148 0.0125 0.04259259259259259
1 0.5151041666666667 0.4 0.0109375 0.037037037037037035
1 0.26067708333333334 0.34444444444444444 0.008333333333333333 0.037037037037037035
1 0.775 0.4986111111111111 0.015104166666666667 0.04259259259259259
2 0.43828125 0.3337962962962963 0.008854166666666666 0.03333333333333333
1 0.53984375 0.29305555555555557 0.009375 0.02962962962962963
2 0.25807291666666665 0.13796296296296295 0.007291666666666667 0.025
1 0.6361979166666667 0.23472222222222222 0.0125 0.03333333333333333
1 0.6236979166666666 0.4217592592592593 0.011979166666666667 0.04537037037037037
2 0.9356770833333333 0.8583333333333333 0.024479166666666666 0.04537037037037037
1 0.5471354166666667 0.274537037037037 0.009375 0.030555555555555555
1 0.8635416666666667 0.07453703703703704 0.0067708333333333336 0.021296296296296296
0 0.6250260416666666 0.4446111111111111 0.008239583333333418 0.013185185185185194