2 0.5078125 0.21064814814814814 0.010416666666666666 0.03611111111111111
1 0.5375 0.2152777777777778 0.011458333333333333 0.03425925925925926
1 0.46770833333333334 0.2222222222222222 0.008333333333333333 0.03518518518518519
1 0.38125 0.21712962962962962 0.00625 0.03425925925925926
1 0.23776041666666667 0.20324074074074075 0.005729166666666666 0.03425925925925926
1 0.7278645833333334 0.20046296296296295 0.0078125 0.03425925925925926
1 0.6333333333333333 0.13472222222222222 0.007291666666666667 0.030555555555555555
1 0.7645833333333333 0.2763888888888889 0.009375 0.04537037037037037
1 0.4856770833333333 0.24351851851851852 0.008854166666666666 0.03518518518518519
1 0.5815104166666667 0.11851851851851852 0.008854166666666666 0.025925925925925925
1 0.6205729166666667 0.26157407407407407 0.011979166666666667 0.03425925925925926
1 0.39296875 0.3194444444444444 0.008854166666666666 0.044444444444444446
1 0.4088541666666667 0.3148148148148148 0.009375 0.04259259259259259
1 0.5309895833333333 0.11712962962962963 0.0067708333333333336 0.030555555555555555
1 0.46197916666666666 0.18194444444444444 0.008333333333333333 0.03611111111111111
1 0.4466145833333333 0.17222222222222222 0.008854166666666666 0.03333333333333333
1 0.4828125 0.17731481481481481 0.007291666666666667 0.032407407407407406
1 0.7106770833333333 0.19444444444444445 0.009895833333333333 0.02962962962962963
1 0.5619791666666667 0.37083333333333335 0.011458333333333333 0.03981481481481482
1 0.4234375 0.2375 0.008333333333333333 0.03981481481481482
1 0.6135416666666667 0.14675925925925926 0.0125 0.03518518518518519
1 0.6002604166666666 0.2152777777777778 0.011979166666666667 0.03796296296296296
2 0.4739583333333333 0.0587962962962963 0.009895833333333333 0.026851851851851852
0 0.7309895833333333 0.21342592592592594 0.003125 0.006481481481481481