1 0.53046875 0.20185185185185187 0.0078125 0.03888888888888889
2 0.4674479166666667 0.20324074074074075 0.0067708333333333336 0.03796296296296296
1 0.67890625 0.1763888888888889 0.0067708333333333336 0.03425925925925926
1 0.31640625 0.2814814814814815 0.0067708333333333336 0.044444444444444446
1 0.5364583333333334 0.08611111111111111 0.004166666666666667 0.037037037037037035
1 0.5604166666666667 0.3675925925925926 0.007291666666666667 0.046296296296296294
1 0.44375 0.21666666666666667 0.00625 0.037037037037037035
2 0.44479166666666664 0.04953703703703704 0.004166666666666667 0.030555555555555555
1 0.4075520833333333 0.1476851851851852 0.005729166666666666 0.03611111111111111
1 0.34322916666666664 0.15787037037037038 0.00625 0.03425925925925926
1 0.5739583333333333 0.09537037037037037 0.005208333333333333 0.03333333333333333
1 0.44817708333333334 0.19907407407407407 0.007291666666666667 0.03425925925925926
1 0.5614583333333333 0.11944444444444445 0.004166666666666667 0.03518518518518519
1 0.29609375 0.23796296296296296 0.0078125 0.040740740740740744
1 0.31171875 0.19305555555555556 0.005729166666666666 0.03796296296296296
1 0.5 0.1050925925925926 0.0046875 0.028703703703703703
1 0.440625 0.14629629629629629 0.00625 0.03518518518518519
1 0.40208333333333335 0.10601851851851851 0.0046875 0.030555555555555555
1 0.47213541666666664 0.04814814814814815 0.0046875 0.030555555555555555
1 0.2513020833333333 0.19398148148148148 0.0067708333333333336 0.03796296296296296
1 0.39817708333333335 0.1884259259259259 0.005208333333333333 0.03333333333333333
1 0.390625 0.25787037037037036 0.0067708333333333336 0.037037037037037035
2 0.6979166666666666 0.9888888888888889 0.0203125 0.022222222222222223