1 0.375390625 0.5236111111111111 0.02890625 0.13055555555555556
1 0.4859375 0.5055555555555555 0.0375 0.1388888888888889
1 0.74453125 0.2569444444444444 0.028125 0.08055555555555556
1 0.23515625 0.44513888888888886 0.03125 0.10972222222222222
1 0.3953125 0.3590277777777778 0.025 0.10138888888888889
2 0.82578125 0.33958333333333335 0.0296875 0.09861111111111111
1 0.633203125 0.6958333333333333 0.05859375 0.14722222222222223
1 0.365625 0.23194444444444445 0.01875 0.07777777777777778
1 0.541015625 0.47847222222222224 0.03046875 0.11527777777777778
1 0.7796875 0.32430555555555557 0.0203125 0.10138888888888889
1 0.179296875 0.49444444444444446 0.04765625 0.11666666666666667
1 0.0109375 0.3055555555555556 0.021875 0.10555555555555556
1 0.54296875 0.38055555555555554 0.0234375 0.09444444444444444
1 0.21171875 0.22152777777777777 0.028125 0.08472222222222223
1 0.9921875 0.66875 0.015625 0.14027777777777778
1 0.993359375 0.2388888888888889 0.01328125 0.08888888888888889
1 0.980078125 0.19375 0.01953125 0.06805555555555555
0 0.431640625 0.30625 0.01015625 0.020833333333333332