1 0.09348958333333333 0.2222222222222222 0.010416666666666666 0.03333333333333333
1 0.24427083333333333 0.7180555555555556 0.017708333333333333 0.05185185185185185
1 0.09661458333333334 0.29259259259259257 0.0109375 0.037037037037037035
1 0.16848958333333333 0.31712962962962965 0.0109375 0.041666666666666664
1 0.77109375 0.3106481481481482 0.009895833333333333 0.03796296296296296
1 0.039322916666666666 0.4550925925925926 0.014583333333333334 0.041666666666666664
1 0.221875 0.41944444444444445 0.0109375 0.04351851851851852
1 0.047135416666666666 0.5685185185185185 0.0140625 0.049074074074074076
1 0.6169270833333333 0.1550925925925926 0.0067708333333333336 0.024074074074074074
1 0.35520833333333335 0.26481481481481484 0.009375 0.04259259259259259
1 0.46588541666666666 0.2675925925925926 0.0078125 0.032407407407407406
1 0.49635416666666665 0.46111111111111114 0.011458333333333333 0.041666666666666664
1 0.6546875 0.19444444444444445 0.007291666666666667 0.032407407407407406
1 0.159375 0.22824074074074074 0.009895833333333333 0.03518518518518519
1 0.4432291666666667 0.09861111111111111 0.00625 0.024074074074074074
1 0.29791666666666666 0.4810185185185185 0.010416666666666666 0.044444444444444446
1 0.34661458333333334 0.2851851851851852 0.009895833333333333 0.03425925925925926
1 0.19941666666666666 0.2911574074074074 0.009890625000000005 0.04028703703703703
1 0.48700520833333333 0.3259537037037037 0.009062500000000048 0.04394444444444448
0 0.6087552083333333 0.1699351851851852 0.006182291666666609 0.010249999999999993
1 0.6015416666666666 0.5098055555555556 0.009890624999999886 0.04687962962962973
2 0.9635 0.5244537037037037 0.0135989583333334 0.04687962962962973