1 0.78828125 0.5680555555555555 0.0296875 0.15833333333333333
1 0.054296875 0.44583333333333336 0.02734375 0.1361111111111111
1 0.92265625 0.4131944444444444 0.04375 0.10416666666666667
1 0.5703125 0.5180555555555556 0.0390625 0.14444444444444443
2 0.86953125 0.47291666666666665 0.028125 0.13472222222222222
1 0.262890625 0.4201388888888889 0.02734375 0.12361111111111112
1 0.147265625 0.3236111111111111 0.03359375 0.09444444444444444
1 0.247265625 0.5583333333333333 0.02890625 0.1527777777777778
1 0.501953125 0.2638888888888889 0.02734375 0.06944444444444445
1 0.873046875 0.3763888888888889 0.03515625 0.09722222222222222
1 0.389453125 0.24930555555555556 0.02109375 0.07083333333333333
0 0.34609375 0.2833333333333333 0.0125 0.019444444444444445