1 0.016015625 0.675 0.03203125 0.15555555555555556
2 0.24765625 0.3548611111111111 0.021875 0.10972222222222222
1 0.31015625 0.4666666666666667 0.03125 0.12222222222222222
1 0.81484375 0.69375 0.0453125 0.14027777777777778
1 0.9515625 0.46805555555555556 0.0265625 0.11944444444444445
1 0.2734375 0.3111111111111111 0.021875 0.10277777777777777
1 0.564453125 0.7208333333333333 0.03046875 0.13333333333333333
1 0.209375 0.16875 0.0203125 0.07083333333333333
1 0.925390625 0.20069444444444445 0.01796875 0.08472222222222223
1 0.683203125 0.7020833333333333 0.04609375 0.1597222222222222
1 0.255859375 0.5277777777777778 0.02578125 0.13333333333333333
1 0.655859375 0.21805555555555556 0.01484375 0.08611111111111111
1 0.986328125 0.5638888888888889 0.02578125 0.14722222222222223
1 0.659765625 0.15416666666666667 0.01796875 0.06388888888888888
1 0.67578125 0.7041666666666667 0.0328125 0.15833333333333333
1 0.59140625 0.5875 0.0390625 0.14444444444444443
1 0.61875 0.5826388888888889 0.028125 0.14027777777777778
1 0.607421875 0.5916666666666667 0.04296875 0.1361111111111111
0 0.698046875 0.74375 0.01328125 0.02361111111111111