1 0.4942708333333333 0.5634259259259259 0.010416666666666666 0.03981481481481482
1 0.6916666666666667 0.40879629629629627 0.009895833333333333 0.03981481481481482
1 0.5447916666666667 0.25601851851851853 0.008854166666666666 0.03148148148148148
1 0.23802083333333332 0.25092592592592594 0.007291666666666667 0.03333333333333333
1 0.53359375 0.32222222222222224 0.008854166666666666 0.03796296296296296
1 0.559375 0.24537037037037038 0.008854166666666666 0.03425925925925926
1 0.3536458333333333 0.30787037037037035 0.009375 0.037037037037037035
1 0.43984375 0.30648148148148147 0.008854166666666666 0.03611111111111111
1 0.46484375 0.17222222222222222 0.0078125 0.02962962962962963
2 0.47942708333333334 0.10231481481481482 0.0078125 0.030555555555555555
1 0.31640625 0.37453703703703706 0.007291666666666667 0.03333333333333333
1 0.40729166666666666 0.23287037037037037 0.008854166666666666 0.03333333333333333
1 0.38776041666666666 0.25972222222222224 0.008333333333333333 0.03611111111111111
1 0.45286458333333335 0.22546296296296298 0.009895833333333333 0.03333333333333333
2 0.41171875 0.3578703703703704 0.008333333333333333 0.03888888888888889
1 0.49765625 0.1763888888888889 0.009375 0.030555555555555555
1 0.37265625 0.28194444444444444 0.009895833333333333 0.037037037037037035
1 0.47291666666666665 0.18935185185185185 0.011458333333333333 0.030555555555555555
1 0.27543229166666666 0.4449814814814815 0.011947916666666695 0.04175000000000003
1 0.32240104166666667 0.348287037037037 0.008651041666666614 0.03735185185185188
1 0.448890625 0.4292314814814815 0.007828124999999986 0.03955555555555558
1 0.525734375 0.20801851851851852 0.0082395833333333 0.030759259259259233
1 0.7140260416666667 0.2783425925925926 0.006593749999999924 0.030759259259259285
0 0.6991927083333334 0.29921296296296296 0.006593749999999924 0.010990740740740745