1 0.928515625 0.4222222222222222 0.03046875 0.13055555555555556
1 0.3078125 0.19236111111111112 0.0171875 0.09027777777777778
1 0.491796875 0.49583333333333335 0.02734375 0.13055555555555556
1 0.043359375 0.7763888888888889 0.03203125 0.18611111111111112
1 0.66875 0.2875 0.0171875 0.10833333333333334
1 0.104296875 0.36736111111111114 0.02109375 0.12916666666666668
1 0.587109375 0.26319444444444445 0.01953125 0.10416666666666667
1 0.1015625 0.26180555555555557 0.0234375 0.09305555555555556
1 0.3171875 0.36736111111111114 0.03125 0.1125
2 0.317578125 0.36875 0.03046875 0.1125
1 0.16328125 0.3888888888888889 0.0296875 0.1111111111111111
0 0.60859375 0.3451388888888889 0.0109375 0.020833333333333332