1 0.950390625 0.47430555555555554 0.03359375 0.12916666666666668
1 0.571875 0.6409722222222223 0.0375 0.15416666666666667
1 0.6703125 0.6152777777777778 0.040625 0.13055555555555556
1 0.96953125 0.7833333333333333 0.05 0.18888888888888888
2 0.535546875 0.4534722222222222 0.02890625 0.12638888888888888
1 0.63515625 0.3013888888888889 0.0359375 0.07777777777777778
1 0.77265625 0.4479166666666667 0.028125 0.11805555555555555
1 0.976171875 0.3284722222222222 0.03046875 0.09583333333333334
1 0.75 0.9520833333333333 0.034375 0.09305555555555556
1 0.56171875 0.3590277777777778 0.0265625 0.10972222222222222
0 0.624609375 0.3236111111111111 0.01796875 0.030555555555555555