1 0.46979166666666666 0.2175925925925926 0.0078125 0.028703703703703703
1 0.64296875 0.4675925925925926 0.0125 0.046296296296296294
1 0.6674479166666667 0.30648148148148147 0.009375 0.03796296296296296
1 0.26614583333333336 0.5356481481481481 0.009895833333333333 0.046296296296296294
1 0.7388020833333333 0.3476851851851852 0.013020833333333334 0.03796296296296296
1 0.49453125 0.2537037037037037 0.009375 0.032407407407407406
1 0.48541666666666666 0.4 0.009895833333333333 0.04259259259259259
1 0.47760416666666666 0.5921296296296297 0.016145833333333335 0.041666666666666664
1 0.2890625 0.3101851851851852 0.008333333333333333 0.03518518518518519
1 0.34375 0.25833333333333336 0.0078125 0.032407407407407406
1 0.6270833333333333 0.20324074074074075 0.010416666666666666 0.02962962962962963
2 0.46119791666666665 0.387037037037037 0.008854166666666666 0.03888888888888889
1 0.6721354166666667 0.3384259259259259 0.009895833333333333 0.03611111111111111
1 0.47604166666666664 0.6319444444444444 0.014583333333333334 0.05185185185185185
1 0.04964583333333333 0.4504722222222222 0.008651041666666673 0.042481481481481474
1 0.109390625 0.3585462962962963 0.010302083333333349 0.03735185185185188
1 0.24823958333333335 0.28273148148148153 0.005354166666666652 0.030759259259259285
1 0.2540104166666667 0.2779722222222222 0.01030208333333332 0.03442592592592588
1 0.24700520833333334 0.25746296296296295 0.007828124999999986 0.02563888888888894
1 0.2560677083333333 0.23 0.006182291666666669 0.03515740740740738
1 0.3378541666666666 0.2391481481481481 0.004119791666666709 0.022703703703703688
1 0.34011979166666667 0.25013888888888886 0.006182291666666609 0.031499999999999986
0 0.398625 0.15463888888888888 0.0046302083333333854 0.01189814814814817
2 0.4507395833333333 0.07457407407407408 0.005406250000000057 0.02562037037037036