1 0.34661458333333334 0.38842592592592595 0.009895833333333333 0.04351851851851852
1 0.53203125 0.262037037037037 0.0067708333333333336 0.03425925925925926
1 0.38046875 0.18703703703703703 0.007291666666666667 0.03148148148148148
1 0.4080729166666667 0.22546296296296298 0.0067708333333333336 0.03333333333333333
1 0.5635416666666667 0.5194444444444445 0.008333333333333333 0.05
1 0.36770833333333336 0.29907407407407405 0.007291666666666667 0.040740740740740744
1 0.33151041666666664 0.21064814814814814 0.007291666666666667 0.03333333333333333
1 0.43333333333333335 0.324537037037037 0.0067708333333333336 0.03796296296296296
1 0.50703125 0.28055555555555556 0.00625 0.03796296296296296
1 0.22890625 0.3472222222222222 0.010416666666666666 0.04259259259259259
1 0.26588541666666665 0.2671296296296296 0.009375 0.037037037037037035
1 0.47890625 0.39444444444444443 0.007291666666666667 0.044444444444444446
1 0.288609375 0.5345277777777777 0.014718749999999996 0.046675925925926
2 0.8447916666666667 0.9462962962962963 0.018229166666666668 0.04722222222222222
1 0.3754166666666666 0.39744444444444443 0.0078125 0.03981481481481482
1 0.54609375 0.1476851851851852 0.00625 0.02962962962962963
2 0.29609375 0.10787037037037037 0.0067708333333333336 0.027777777777777776
1 0.5536458333333333 0.28888888888888886 0.0067708333333333336 0.03333333333333333
1 0.8885416666666667 0.32083333333333336 0.0125 0.03888888888888889
1 0.6475833333333333 0.2598703703703704 0.0067708333333333336 0.032407407407407406
1 0.12630208333333334 0.6208333333333333 0.015625 0.05277777777777778
1 0.004427083333333333 0.31342592592592594 0.0078125 0.021296296296296296
0 0.15798437499999998 0.48198148148148146 0.011213541666666653 0.04456481481481486
0 0.14875000000000002 0.7839629629629629 0.017812500000000023 0.05980555555555548
2 0.548828125 0.26855555555555555 0.006598958333333372 0.03518518518518519
0 0.5291354166666667 0.30162037037037037 0.006432291666666619 0.012037037037037037