1 0.90546875 0.37407407407407406 0.009895833333333333 0.03981481481481482
1 0.4140625 0.5101851851851852 0.008333333333333333 0.044444444444444446
1 0.68046875 0.4685185185185185 0.009895833333333333 0.03518518518518519
1 0.5692708333333333 0.43148148148148147 0.008854166666666666 0.04814814814814815
1 0.46848958333333335 0.20462962962962963 0.00625 0.03333333333333333
1 0.5427083333333333 0.2884259259259259 0.007291666666666667 0.03981481481481482
1 0.41432291666666665 0.30462962962962964 0.0067708333333333336 0.04351851851851852
1 0.22109375 0.5166666666666667 0.011458333333333333 0.04722222222222222
1 0.28489583333333335 0.9037037037037037 0.0203125 0.04814814814814815
1 0.26328125 0.33796296296296297 0.009895833333333333 0.040740740740740744
1 0.30703125 0.6231481481481481 0.014583333333333334 0.05740740740740741
2 0.35625 0.32175925925925924 0.0078125 0.03796296296296296
1 0.66875 0.3347222222222222 0.008333333333333333 0.03796296296296296
1 0.4158854166666667 0.49583333333333335 0.008854166666666666 0.03888888888888889
1 0.3411458333333333 0.2449074074074074 0.007291666666666667 0.03518518518518519
1 0.3776041666666667 0.4351851851851852 0.010416666666666666 0.05092592592592592
1 0.022135416666666668 0.33287037037037037 0.008854166666666666 0.03148148148148148
1 0.20052083333333334 0.6050925925925926 0.0140625 0.049074074074074076
2 0.3450520833333333 0.11712962962962963 0.005729166666666666 0.026851851851851852
1 0.24782291666666667 0.36789814814814814 0.006203124999999984 0.0481203703703704
1 0.2985729166666667 0.28068518518518515 0.007328124999999967 0.03809259259259258
1 0.3233802083333333 0.21702777777777776 0.008458333333333339 0.037092592592592594
1 0.35129166666666667 0.15137037037037035 0.0056406249999999625 0.03007407407407409
1 0.5156614583333333 0.13382407407407407 0.008458333333333339 0.031074074074074077
1 0.6005260416666667 0.20450000000000002 0.0056406249999999625 0.03809259259259258
0 0.6726979166666667 0.3864444444444445 0.010151041666666553 0.017037037037037017
2 0.7944947916666667 0.9766574074074074 0.020296874999999895 0.046675925925925794