1 0.4953125 0.43194444444444446 0.009375 0.04351851851851852
1 0.49375 0.524537037037037 0.010416666666666666 0.049074074074074076
1 0.45677083333333335 0.37546296296296294 0.008854166666666666 0.04259259259259259
1 0.3541666666666667 0.5412037037037037 0.010416666666666666 0.049074074074074076
1 0.66015625 0.6055555555555555 0.013541666666666667 0.05185185185185185
1 0.1953125 0.26064814814814813 0.008333333333333333 0.03425925925925926
1 0.32838541666666665 0.34675925925925927 0.010416666666666666 0.03796296296296296
1 0.5421875 0.4111111111111111 0.008854166666666666 0.044444444444444446
1 0.48723958333333334 0.22592592592592592 0.008333333333333333 0.03425925925925926
1 0.7174479166666666 0.3439814814814815 0.009895833333333333 0.03888888888888889
1 0.5614583333333333 0.6032407407407407 0.016666666666666666 0.041666666666666664
1 0.2109375 0.6657407407407407 0.0171875 0.05648148148148148
2 0.3888020833333333 0.39490740740740743 0.008333333333333333 0.03981481481481482
1 0.2630208333333333 0.6425925925925926 0.015625 0.05185185185185185
2 0.45677083333333335 0.09768518518518518 0.007291666666666667 0.027777777777777776
1 0.33125 0.30092592592592593 0.009375 0.03425925925925926
1 0.3614583333333333 0.5106481481481482 0.011979166666666667 0.046296296296296294
1 0.3328125 0.2759259259259259 0.008854166666666666 0.028703703703703703
1 0.29946875 0.3525462962962963 0.01069270833333332 0.03961111111111108
1 0.4487552083333333 0.23687962962962963 0.007130208333333362 0.033277777777777774
1 0.39973437500000003 0.2063796296296296 0.008020833333333382 0.03406481481481483
1 0.4982239583333333 0.13190740740740742 0.0098020833333333 0.029314814814814825
0 0.4942083333333333 0.2966944444444444 0.007130208333333362 0.0102962962962963
1 0.5256302083333334 0.572787037037037 0.012921874999999972 0.05228703703703706