1 0.059895833333333336 0.44814814814814813 0.013541666666666667 0.04259259259259259
1 0.09453125 0.2388888888888889 0.010416666666666666 0.03425925925925926
1 0.09348958333333333 0.30925925925925923 0.011979166666666667 0.041666666666666664
1 0.11927083333333334 0.2490740740740741 0.0109375 0.03518518518518519
1 0.04609375 0.5745370370370371 0.014583333333333334 0.041666666666666664
1 0.28541666666666665 0.4671296296296296 0.010416666666666666 0.041666666666666664
1 0.16875 0.324537037037037 0.0125 0.041666666666666664
1 0.6065104166666667 0.15138888888888888 0.0067708333333333336 0.027777777777777776
1 0.34036458333333336 0.262037037037037 0.009375 0.03518518518518519
1 0.20234375 0.30925925925925923 0.009895833333333333 0.03611111111111111
1 0.30052083333333335 0.6828703703703703 0.0140625 0.05
1 0.7552083333333334 0.2726851851851852 0.009375 0.03148148148148148
1 0.3138020833333333 0.2726851851851852 0.009895833333333333 0.03796296296296296
1 0.22599479166666667 0.41150000000000003 0.010947916666666658 0.0444907407407407
1 0.4358333333333333 0.2785092592592593 0.007296874999999995 0.03429629629629626
1 0.4757135416666667 0.33087037037037037 0.010947916666666658 0.042629629629629594
1 0.5116875000000001 0.41103703703703703 0.011989583333333324 0.03985185185185182
1 0.6521875 0.1913888888888889 0.006255208333333447 0.04170370370370372
0 0.6076145833333333 0.16867592592592592 0.004692708333333447 0.00926851851851851
1 0.43922395833333333 0.10055555555555555 0.004692708333333328 0.028731481481481483
1 0.6086562499999999 0.4569166666666667 0.00990624999999999 0.050046296296296255
2 0.9610729166666666 0.525962962962963 0.015119791666666771 0.03985185185185182