1 0.4671875 0.35555555555555557 0.010416666666666666 0.03888888888888889
1 0.5583333333333333 0.337037037037037 0.009375 0.03981481481481482
1 0.6203125 0.4097222222222222 0.011979166666666667 0.03888888888888889
1 0.34140625 0.42407407407407405 0.009375 0.04537037037037037
1 0.35833333333333334 0.22685185185185186 0.007291666666666667 0.032407407407407406
1 0.5877604166666667 0.5861111111111111 0.0140625 0.05185185185185185
1 0.5669270833333333 0.274537037037037 0.008854166666666666 0.032407407407407406
1 0.4317708333333333 0.26296296296296295 0.007291666666666667 0.03611111111111111
1 0.42942708333333335 0.12731481481481483 0.0067708333333333336 0.026851851851851852
1 0.5463541666666667 0.6208333333333333 0.009895833333333333 0.05277777777777778
1 0.4973958333333333 0.28703703703703703 0.009375 0.03333333333333333
1 0.24114583333333334 0.26851851851851855 0.009375 0.03425925925925926
1 0.37265625 0.35694444444444445 0.0109375 0.03796296296296296
1 0.23645833333333333 0.5351851851851852 0.0109375 0.04814814814814815
1 0.7401041666666667 0.2462962962962963 0.0078125 0.03333333333333333
2 0.5130208333333334 0.300462962962963 0.008333333333333333 0.03981481481481482
2 0.84765625 0.7384259259259259 0.020833333333333332 0.04537037037037037
2 0.19244791666666666 0.14537037037037037 0.007291666666666667 0.028703703703703703
1 0.42355208333333333 0.3050740740740741 0.009062500000000048 0.038824074074074025
1 0.502921875 0.1710648148148148 0.006838541666666724 0.0272037037037037
1 0.5081354166666666 0.2920462962962963 0.015953125000000058 0.03184259259259258
1 0.5709791666666667 0.2879907407407407 0.01530208333333339 0.030685185185185173
1 0.5239270833333334 0.3473333333333333 0.008468749999999995 0.04283333333333333
1 0.59865625 0.39335185185185184 0.008140625000000058 0.042259259259259246
0 0.5299479166666666 0.35687962962962966 0.006187500000000057 0.012157407407407403