1 0.751953125 0.5458333333333333 0.03046875 0.14166666666666666
1 0.787890625 0.3486111111111111 0.02421875 0.11388888888888889
1 0.715234375 0.35555555555555557 0.02734375 0.12777777777777777
1 0.305078125 0.3854166666666667 0.02265625 0.13472222222222222
1 0.253515625 0.48194444444444445 0.02734375 0.1388888888888889
1 0.891015625 0.30069444444444443 0.02734375 0.10416666666666667
1 0.1171875 0.2534722222222222 0.01875 0.10416666666666667
1 0.60078125 0.3951388888888889 0.0265625 0.13194444444444445
1 0.269921875 0.2590277777777778 0.01484375 0.09583333333333334
1 0.51484375 0.23819444444444443 0.015625 0.0875
2 0.4375 0.39375 0.0203125 0.13194444444444445
1 0.0046875 0.6722222222222223 0.009375 0.12777777777777777
1 0.065234375 0.25763888888888886 0.01484375 0.09861111111111111
1 0.3307734375 0.24537499999999998 0.019359374999999977 0.10648611111111113
1 0.3125 0.27291666666666664 0.0234375 0.10972222222222222
2 0.0458359375 0.21473611111111113 0.020835937499999995 0.09552777777777775
0 0.791796875 0.3416666666666667 0.00703125 0.019444444444444445