1 0.644921875 0.6625 0.02578125 0.13055555555555556
1 0.44609375 0.7576388888888889 0.0296875 0.1486111111111111
1 0.282421875 0.6805555555555556 0.02890625 0.13333333333333333
1 0.508984375 0.71875 0.02890625 0.1486111111111111
1 0.309375 0.5986111111111111 0.0234375 0.13055555555555556
1 0.93828125 0.4597222222222222 0.0203125 0.10277777777777777
1 0.120703125 0.4652777777777778 0.03515625 0.11666666666666667
1 0.702734375 0.31180555555555556 0.01640625 0.08472222222222223
1 0.185546875 0.6465277777777778 0.03046875 0.12916666666666668
1 0.4234375 0.26180555555555557 0.015625 0.07361111111111111
1 0.270703125 0.32708333333333334 0.01796875 0.0875
1 0.383984375 0.37777777777777777 0.02109375 0.08888888888888889
1 0.35625 0.41180555555555554 0.015625 0.09861111111111111
2 0.4609375 0.4131944444444444 0.021875 0.09861111111111111
1 0.51484375 0.26875 0.0140625 0.0763888888888889
1 0.3421875 0.33125 0.0203125 0.09027777777777778
1 0.822265625 0.4583333333333333 0.02265625 0.10833333333333334
2 0.461328125 0.14166666666666666 0.01328125 0.06111111111111111
1 0.723828125 0.19583333333333333 0.01328125 0.058333333333333334
1 0.790234375 0.15694444444444444 0.01484375 0.05