1 0.4197916666666667 0.19768518518518519 0.0067708333333333336 0.03148148148148148
1 0.7432291666666667 0.5601851851851852 0.013020833333333334 0.05277777777777778
1 0.3575520833333333 0.5550925925925926 0.0109375 0.04351851851851852
1 0.3046875 0.2652777777777778 0.008333333333333333 0.037037037037037035
1 0.50703125 0.549537037037037 0.010416666666666666 0.04537037037037037
1 0.21744791666666666 0.45925925925925926 0.0125 0.03981481481481482
1 0.2916666666666667 0.787962962962963 0.0171875 0.05462962962962963
1 0.6036458333333333 0.8412037037037037 0.010416666666666666 0.05648148148148148
1 0.4557291666666667 0.5916666666666667 0.008854166666666666 0.044444444444444446
1 0.4158854166666667 0.7458333333333333 0.0125 0.049074074074074076
1 0.3234375 0.8763888888888889 0.016145833333333335 0.04537037037037037
1 0.271875 0.3472222222222222 0.008854166666666666 0.03888888888888889
1 0.35859375 0.3611111111111111 0.008333333333333333 0.03981481481481482
1 0.4875 0.3958333333333333 0.007291666666666667 0.040740740740740744
1 0.3028645833333333 0.39351851851851855 0.008854166666666666 0.04259259259259259
1 0.9768229166666667 0.38101851851851853 0.011458333333333333 0.041666666666666664
1 0.684375 0.30833333333333335 0.008333333333333333 0.03981481481481482
2 0.39479166666666665 0.4486111111111111 0.009375 0.03981481481481482
2 0.8841145833333334 0.9550925925925926 0.0203125 0.04722222222222222
2 0.3104166666666667 0.12129629629629629 0.00625 0.028703703703703703
1 0.4767604166666667 0.40270370370370373 0.00781770833333333 0.03614814814814812
1 0.4017135416666667 0.30067592592592596 0.009890625000000005 0.03588888888888888
1 0.4282916666666667 0.29262037037037036 0.009473958333333362 0.03588888888888888
1 0.5479791666666666 0.17139814814814816 0.004119791666666591 0.024907407407407385