1 0.5552083333333333 0.31157407407407406 0.0078125 0.032407407407407406
1 0.25546875 0.3365740740740741 0.009375 0.03518518518518519
1 0.5815104166666667 0.22314814814814815 0.00625 0.03425925925925926
1 0.6833333333333333 0.39675925925925926 0.009895833333333333 0.03888888888888889
1 0.8778645833333333 0.35509259259259257 0.010416666666666666 0.037037037037037035
1 0.34348958333333335 0.37175925925925923 0.010416666666666666 0.04259259259259259
1 0.2328125 0.34629629629629627 0.009375 0.03796296296296296
1 0.20520833333333333 0.46435185185185185 0.0109375 0.04351851851851852
1 0.3611979166666667 0.41574074074074074 0.011979166666666667 0.03611111111111111
1 0.16458333333333333 0.5439814814814815 0.015625 0.044444444444444446
1 0.3033854166666667 0.2 0.008333333333333333 0.03333333333333333
1 0.2578125 0.2722222222222222 0.009375 0.037037037037037035
1 0.49713541666666666 0.38472222222222224 0.008333333333333333 0.04259259259259259
1 0.49322916666666666 0.12361111111111112 0.005729166666666666 0.025
1 0.45364583333333336 0.18564814814814815 0.007291666666666667 0.032407407407407406
1 0.23854166666666668 0.5481481481481482 0.013020833333333334 0.049074074074074076
1 0.36171875 0.2574074074074074 0.009375 0.03518518518518519
1 0.34036458333333336 0.225 0.009375 0.03333333333333333
2 0.73984375 0.9666666666666667 0.018229166666666668 0.05092592592592592
1 0.36614583333333334 0.40879629629629627 0.009375 0.03981481481481482
2 0.3072916666666667 0.11435185185185186 0.0067708333333333336 0.028703703703703703
1 0.6703125 0.3837962962962963 0.008333333333333333 0.03148148148148148
1 0.004791666666666666 0.3282962962962963 0.009583333333333333 0.04310185185185181
1 0.108546875 0.8595925925925926 0.01973437499999999 0.047111111111111215
2 0.36539062499999997 0.30724999999999997 0.01353125000000001 0.039092592592592616
1 0.327328125 0.14234259259259258 0.007328124999999967 0.03007407407407409
1 0.5258125 0.2506111111111111 0.006203125000000043 0.03007407407407409
0 0.5940416666666667 0.27466666666666667 0.006203124999999924 0.008018518518518489