1 0.539453125 0.5125 0.02890625 0.1388888888888889
1 0.18046875 0.42777777777777776 0.0296875 0.11666666666666667
1 0.69296875 0.3236111111111111 0.0234375 0.1111111111111111
2 0.8421875 0.33611111111111114 0.028125 0.1
1 0.534375 0.26805555555555555 0.034375 0.08611111111111111
1 0.623046875 0.47430555555555554 0.03828125 0.11805555555555555
1 0.97265625 0.4618055555555556 0.040625 0.13194444444444445
1 0.57421875 0.39444444444444443 0.0296875 0.10833333333333334
1 0.13671875 0.3993055555555556 0.0390625 0.12361111111111112
1 0.37421875 0.36875 0.028125 0.10138888888888889
1 0.737890625 0.18888888888888888 0.03515625 0.06388888888888888
1 0.334765625 0.33055555555555555 0.03203125 0.09166666666666666
1 0.138671875 0.25625 0.03828125 0.09583333333333334
1 0.54921875 0.36527777777777776 0.028125 0.11666666666666667
2 0.21796875 0.15416666666666667 0.0234375 0.05555555555555555
1 0.74609375 0.93125 0.05 0.13194444444444445