1 0.58125 0.6979166666666666 0.0484375 0.15138888888888888
1 0.489453125 0.2763888888888889 0.02265625 0.1
1 0.8421875 0.42986111111111114 0.0265625 0.1125
1 0.3984375 0.9270833333333334 0.046875 0.14583333333333334
1 0.898828125 0.5215277777777778 0.03046875 0.14305555555555555
1 0.472265625 0.4673611111111111 0.03046875 0.12083333333333333
1 0.857421875 0.31666666666666665 0.02578125 0.09722222222222222
1 0.301171875 0.3706805555555555 0.02578125 0.1253055555555556
1 0.72265625 0.41597222222222224 0.021875 0.1125
2 0.584375 0.19166666666666668 0.0171875 0.08333333333333333
0 0.323046875 0.425 0.01015625 0.022222222222222223