1 0.349609375 0.5881944444444445 0.03046875 0.15416666666666667
2 0.165625 0.4534722222222222 0.0375 0.1375
1 0.577734375 0.6652777777777777 0.02734375 0.16666666666666666
1 0.6703125 0.3 0.0234375 0.11388888888888889
1 0.719921875 0.43819444444444444 0.02734375 0.14027777777777778
1 0.5890625 0.29791666666666666 0.0265625 0.1125
1 0.38359375 0.2743055555555556 0.0265625 0.10416666666666667
1 0.301171875 0.33125 0.01640625 0.12083333333333333
1 0.349609375 0.40208333333333335 0.02421875 0.12361111111111112
1 0.5365859375 0.25833333333333336 0.026304687500000055 0.10555555555555556
1 0.351953125 0.30694444444444446 0.02265625 0.08611111111111111
0 0.52890625 0.30416666666666664 0.0078125 0.019444444444444445