1 0.46796875 0.37916666666666665 0.0328125 0.12222222222222222
1 0.251953125 0.31180555555555556 0.02578125 0.11527777777777778
1 0.3125 0.3784722222222222 0.0375 0.12916666666666668
1 0.423046875 0.3923611111111111 0.03046875 0.10694444444444444
2 0.102734375 0.3333333333333333 0.02421875 0.125
1 0.3515625 0.21805555555555556 0.0296875 0.09722222222222222
1 0.783984375 0.34305555555555556 0.02890625 0.10833333333333334
1 0.36328125 0.37430555555555556 0.028125 0.12083333333333333
1 0.332421875 0.3013888888888889 0.02109375 0.11666666666666667
1 0.45625 0.2625 0.0296875 0.10833333333333334
1 0.487109375 0.3263888888888889 0.02578125 0.1111111111111111
1 0.577734375 0.4048611111111111 0.04296875 0.10416666666666667
1 0.559375 0.3923611111111111 0.0328125 0.13472222222222222
1 0.662671875 0.35084722222222225 0.02690625000000004 0.11836111111111115
0 0.58940625 0.4251527777777778 0.015625 0.029319444444444464