1 0.46484375 0.7243055555555555 0.040625 0.14027777777777778
1 0.4328125 0.5138888888888888 0.0265625 0.11388888888888889
1 0.6234375 0.5513888888888889 0.0296875 0.12222222222222222
1 0.580078125 0.64375 0.04140625 0.13472222222222222
1 0.795703125 0.5486111111111112 0.03203125 0.11666666666666667
1 0.17734375 0.47291666666666665 0.03125 0.11527777777777778
1 0.348046875 0.4736111111111111 0.02265625 0.10555555555555556
1 0.91484375 0.475 0.028125 0.1111111111111111
1 0.540625 0.40694444444444444 0.0234375 0.08333333333333333
1 0.640234375 0.38055555555555554 0.01640625 0.09444444444444444
1 0.471484375 0.4736111111111111 0.02734375 0.09444444444444444
2 0.6765625 0.4111111111111111 0.0265625 0.09722222222222222
1 0.693359375 0.275 0.02109375 0.06111111111111111
1 0.81875 0.3875 0.0234375 0.09722222222222222
1 0.778125 0.45625 0.015625 0.10138888888888889
1 0.10234375 0.9361111111111111 0.0296875 0.12222222222222222
1 0.808984375 0.32569444444444445 0.01953125 0.0625
2 0.02265625 0.2423611111111111 0.021875 0.07083333333333333