1 0.35572916666666665 0.2796296296296296 0.008333333333333333 0.03518518518518519
1 0.6565104166666667 0.2569444444444444 0.0067708333333333336 0.03425925925925926
1 0.39375 0.20416666666666666 0.008854166666666666 0.03148148148148148
1 0.28854166666666664 0.37777777777777777 0.008854166666666666 0.03888888888888889
1 0.6421875 0.42685185185185187 0.009895833333333333 0.04814814814814815
1 0.5661458333333333 0.16944444444444445 0.007291666666666667 0.030555555555555555
1 0.31744791666666666 0.32916666666666666 0.008854166666666666 0.03888888888888889
1 0.36666666666666664 0.41064814814814815 0.009895833333333333 0.041666666666666664
1 0.7341145833333333 0.2361111111111111 0.007291666666666667 0.03333333333333333
2 0.45807291666666666 0.0837962962962963 0.00625 0.027777777777777776
1 0.5635416666666667 0.11898148148148148 0.00625 0.024074074074074074
1 0.4044270833333333 0.2523148148148148 0.008333333333333333 0.037037037037037035
1 0.37942708333333336 0.23796296296296296 0.008333333333333333 0.03611111111111111
1 0.22109375 0.22268518518518518 0.007291666666666667 0.03148148148148148
1 0.40729166666666666 0.19490740740740742 0.008854166666666666 0.03148148148148148
1 0.37838541666666664 0.40370370370370373 0.0109375 0.03425925925925926
1 0.5408854166666667 0.16666666666666666 0.008333333333333333 0.027777777777777776
1 0.38828125 0.5555555555555556 0.013541666666666667 0.04722222222222222
1 0.37447916666666664 0.5671296296296297 0.013020833333333334 0.04537037037037037
2 0.4744114583333333 0.2983240740740741 0.010843749999999966 0.03373148148148143
1 0.4502864583333333 0.2019351851851852 0.009218750000000024 0.03566666666666665
1 0.5402864583333333 0.14024074074074075 0.005963541666666572 0.020240740740740754
1 0.5770520833333334 0.11860185185185186 0.0074479166666667615 0.026490740740740752
1 0.5365885416666667 0.10505555555555555 0.006432291666666619 0.02468518518518518
1 0.5272760416666666 0.10716666666666666 0.005416666666666714 0.020472222222222208
0 0.5380208333333333 0.11426851851851852 0.002843750000000019 0.004453703703703705
2 0.6951770833333334 0.9869814814814816 0.019921875 0.026027777777777896