1 0.62265625 0.32222222222222224 0.0203125 0.11944444444444445
1 0.705859375 0.3326388888888889 0.01796875 0.11527777777777778
1 0.2265625 0.3590277777777778 0.0296875 0.11805555555555555
1 0.7321171875 0.4486111111111111 0.04670312499999998 0.13055555555555556
1 0.3375 0.2701388888888889 0.0328125 0.08194444444444444
1 0.311328125 0.43819444444444444 0.02578125 0.13194444444444445
1 0.18984375 0.2965277777777778 0.0265625 0.09861111111111111
1 0.831640625 0.30625 0.01796875 0.10138888888888889
1 0.528125 0.2365 0.015625 0.10477777777777778
1 0.370703125 0.25555555555555554 0.01796875 0.08611111111111111
1 0.287890625 0.26805555555555555 0.03515625 0.07222222222222222
1 0.004296875 0.23958333333333334 0.00859375 0.0625
2 0.47265625 0.4041666666666667 0.028125 0.12777777777777777
1 0.2359375 0.2875 0.0265625 0.1
2 0.052734375 0.21458333333333332 0.02578125 0.10138888888888889