1 0.8794270833333333 0.36944444444444446 0.014583333333333334 0.04259259259259259
1 0.4921875 0.5615740740740741 0.0109375 0.04814814814814815
1 0.75859375 0.5287037037037037 0.010416666666666666 0.046296296296296294
1 0.6583333333333333 0.31712962962962965 0.0078125 0.037037037037037035
1 0.8033854166666666 0.225 0.008333333333333333 0.03333333333333333
1 0.8098958333333334 0.2796296296296296 0.009375 0.03796296296296296
1 0.5541666666666667 0.2574074074074074 0.007291666666666667 0.037037037037037035
2 0.6213541666666667 0.36944444444444446 0.008854166666666666 0.03981481481481482
1 0.76953125 0.42592592592592593 0.010416666666666666 0.037037037037037035
1 0.49635416666666665 0.19953703703703704 0.0067708333333333336 0.032407407407407406
1 0.80390625 0.40185185185185185 0.011458333333333333 0.04351851851851852
1 0.7666666666666667 0.38333333333333336 0.010416666666666666 0.03611111111111111
1 0.48541666666666666 0.3296296296296296 0.0067708333333333336 0.03796296296296296
1 0.99609375 0.33240740740740743 0.0078125 0.027777777777777776
2 0.47890625 0.10601851851851851 0.00625 0.027777777777777776
1 0.770296875 0.3988703703703703 0.006421874999999962 0.024537037037037038
1 0.778625 0.38575925925925925 0.00880208333333338 0.04399074074074073
1 0.787546875 0.40902777777777777 0.008088541666666772 0.04314814814814817
1 0.78659375 0.3764537037037037 0.004281249999999895 0.01776851851851857
1 0.7956354166666666 0.38089814814814815 0.007135416666666572 0.04187962962962965
1 0.8056249999999999 0.37497222222222226 0.007614583333333276 0.019037037037036988
0 0.4932552083333333 0.3474074074074074 0.0060781250000000375 0.00964814814814811