1 0.5184895833333333 0.20277777777777778 0.0078125 0.032407407407407406
1 0.48020833333333335 0.26944444444444443 0.007291666666666667 0.03148148148148148
1 0.6638020833333333 0.262037037037037 0.009375 0.03611111111111111
1 0.3033854166666667 0.4625 0.016145833333333335 0.05277777777777778
1 0.7065104166666667 0.4462962962962963 0.0109375 0.03888888888888889
1 0.36302083333333335 0.1736111111111111 0.007291666666666667 0.03518518518518519
1 0.5552083333333333 0.1726851851851852 0.007291666666666667 0.027777777777777776
1 0.8973958333333333 0.3138888888888889 0.0109375 0.03518518518518519
1 0.40598958333333335 0.1125 0.005208333333333333 0.024074074074074074
1 0.27265625 0.32314814814814813 0.010416666666666666 0.041666666666666664
1 0.06041666666666667 0.25462962962962965 0.0109375 0.03518518518518519
1 0.29791666666666666 0.24259259259259258 0.010416666666666666 0.037037037037037035
2 0.31875 0.10138888888888889 0.007291666666666667 0.026851851851851852
1 0.58828125 0.1787037037037037 0.007291666666666667 0.028703703703703703
2 0.5145833333333333 0.25601851851851853 0.0078125 0.030555555555555555
1 0.4278645833333333 0.16944444444444445 0.0078125 0.030555555555555555
1 0.3984375 0.30092592592592593 0.011458333333333333 0.03796296296296296
1 0.47682291666666665 0.47962962962962963 0.010416666666666666 0.04537037037037037
2 0.85390625 0.9717592592592592 0.01875 0.04537037037037037
1 0.64890625 0.6260462962962963 0.01353645833333322 0.04723148148148147
1 0.471953125 0.1523888888888889 0.007520833333333362 0.03208333333333331
1 0.5095520833333333 0.14080555555555554 0.007520833333333362 0.02851851851851853
1 0.47596354166666666 0.12431481481481481 0.007520833333333362 0.02762962962962962
1 0.440875 0.12342592592592594 0.008520833333333281 0.03119444444444444
1 0.35941666666666666 0.1105 0.006015624999999977 0.024953703703703693