1 0.9791666666666666 0.3421296296296296 0.009895833333333333 0.04259259259259259
1 0.4635416666666667 0.20601851851851852 0.0067708333333333336 0.03425925925925926
1 0.10338541666666666 0.2800925925925926 0.008333333333333333 0.037037037037037035
1 0.53046875 0.2638888888888889 0.0067708333333333336 0.03611111111111111
1 0.7388020833333333 0.24953703703703703 0.009895833333333333 0.03888888888888889
1 0.6638020833333333 0.16620370370370371 0.005729166666666666 0.02962962962962963
1 0.45546875 0.15046296296296297 0.005208333333333333 0.030555555555555555
1 0.5143229166666666 0.17037037037037037 0.005729166666666666 0.03333333333333333
1 0.7518229166666667 0.4236111111111111 0.0109375 0.03981481481481482
1 0.5091145833333334 0.40046296296296297 0.007291666666666667 0.04537037037037037
1 0.5575520833333333 0.1300925925925926 0.005208333333333333 0.028703703703703703
1 0.4796875 0.14722222222222223 0.005208333333333333 0.028703703703703703
1 0.4395833333333333 0.25925925925925924 0.00625 0.03796296296296296
1 0.7151041666666667 0.18055555555555555 0.007291666666666667 0.03425925925925926
1 0.6419270833333334 0.1300925925925926 0.005208333333333333 0.023148148148148147
1 0.6140625 0.15462962962962962 0.005208333333333333 0.026851851851851852
1 0.4270833333333333 0.34814814814814815 0.009375 0.03796296296296296
1 0.6223489583333334 0.5101666666666667 0.011947916666666695 0.044685185185185175
2 0.4987447916666667 0.26625 0.007005208333333357 0.03442592592592588
1 0.5887708333333334 0.23512037037037037 0.006593749999999924 0.03369444444444443
1 0.63965625 0.16737037037037036 0.007005208333333238 0.030027777777777785
1 0.5735260416666667 0.16407407407407407 0.004119791666666591 0.035157407407407436
1 0.6366666666666667 0.2358425925925926 0.007203124999999962 0.03431481481481482
2 0.42809375000000005 0.10750925925925925 0.007979166666666633 0.024703703703703696