1 0.7440104166666667 0.47175925925925927 0.011458333333333333 0.04259259259259259
1 0.41328125 0.3560185185185185 0.007291666666666667 0.041666666666666664
1 0.4578125 0.23055555555555557 0.00625 0.03611111111111111
1 0.5950520833333334 0.4726851851851852 0.010416666666666666 0.040740740740740744
1 0.5421875 0.23935185185185184 0.0067708333333333336 0.03425925925925926
1 0.7161458333333334 0.24953703703703703 0.008854166666666666 0.037037037037037035
1 0.12890625 0.27361111111111114 0.008854166666666666 0.03611111111111111
1 0.5919270833333333 0.1726851851851852 0.00625 0.03148148148148148
1 0.5453125 0.15092592592592594 0.005729166666666666 0.027777777777777776
1 0.4903645833333333 0.3851851851851852 0.008854166666666666 0.040740740740740744
1 0.6830729166666667 0.20972222222222223 0.007291666666666667 0.037037037037037035
1 0.61328125 0.1648148148148148 0.00625 0.028703703703703703
1 0.4703125 0.15648148148148147 0.005729166666666666 0.03518518518518519
1 0.6044270833333333 0.14351851851851852 0.00625 0.028703703703703703
1 0.4466145833333333 0.24212962962962964 0.007291666666666667 0.03888888888888889
2 0.509375 0.2712962962962963 0.008333333333333333 0.03425925925925926
1 0.6606770833333333 0.17962962962962964 0.00625 0.03148148148148148
1 0.5747604166666667 0.22303703703703703 0.005765625000000085 0.031499999999999986
1 0.626375 0.2280648148148148 0.0061770833333334 0.03339814814814817
1 0.5521302083333333 0.19398148148148148 0.004890624999999934 0.03476851851851853
1 0.6235468750000001 0.1875740740740741 0.014927083333333258 0.018296296296296286
2 0.44661979166666665 0.10705555555555556 0.006947916666666624 0.027453703703703695