1 0.61953125 0.3365740740740741 0.007291666666666667 0.03796296296296296
1 0.6541666666666667 0.6185185185185185 0.013020833333333334 0.04814814814814815
1 0.76640625 0.4023148148148148 0.009375 0.04537037037037037
1 0.48854166666666665 0.20879629629629629 0.0067708333333333336 0.03518518518518519
1 0.48880208333333336 0.2569444444444444 0.00625 0.03518518518518519
1 0.64765625 0.4162037037037037 0.010416666666666666 0.03888888888888889
1 0.4869791666666667 0.5736111111111111 0.011458333333333333 0.04722222222222222
1 0.6890625 0.19537037037037036 0.00625 0.03518518518518519
1 0.7635416666666667 0.27314814814814814 0.008854166666666666 0.03888888888888889
1 0.6740885416666667 0.41180555555555554 0.009375 0.044444444444444446
1 0.6802083333333333 0.34444444444444444 0.007291666666666667 0.03425925925925926
2 0.509375 0.3921296296296296 0.0078125 0.03796296296296296
1 0.709375 0.39814814814814814 0.008333333333333333 0.03981481481481482
2 0.4669270833333333 0.11388888888888889 0.005729166666666666 0.025925925925925925
1 0.6966145833333334 0.38564814814814813 0.009375 0.03981481481481482
1 0.6703229166666667 0.3551388888888889 0.007317708333333428 0.036203703703703724
1 0.70859375 0.36712962962962964 0.0078125 0.03518518518518519
1 0.4724114583333333 0.34014814814814814 0.006093750000000024 0.03973148148148145
0 0.48646875 0.35700925925925925 0.008468749999999995 0.008425925925925948
1 0.6818645833333333 0.3937314814814815 0.006432291666666619 0.03852777777777779
1 0.6705208333333333 0.3783796296296296 0.014223958333333305 0.03672222222222219
1 0.6910104166666666 0.3666388888888889 0.008468750000000113 0.0313055555555555
1 0.6981197916666667 0.36814814814814817 0.006432291666666619 0.022277777777777726