1 0.535546875 0.5263888888888889 0.04140625 0.14166666666666666
1 0.49765625 0.43819444444444444 0.0296875 0.13194444444444445
1 0.434375 0.49722222222222223 0.0375 0.12222222222222222
1 0.7234375 0.6284722222222222 0.034375 0.17083333333333334
1 0.785546875 0.35347222222222224 0.02890625 0.13194444444444445
1 0.845703125 0.30069444444444443 0.02421875 0.12083333333333333
1 0.724609375 0.45 0.02734375 0.14722222222222223
1 0.33359375 0.4861111111111111 0.028125 0.1388888888888889
1 0.664453125 0.4215277777777778 0.02578125 0.1375
1 0.692578125 0.40625 0.02578125 0.14305555555555555
1 0.498046875 0.33055555555555555 0.02734375 0.10833333333333334
1 0.729296875 0.35347222222222224 0.02578125 0.08472222222222223
1 0.82109375 0.33819444444444446 0.0328125 0.12638888888888888
1 0.99453125 0.2465277777777778 0.0109375 0.10138888888888889
0 0.50825 0.5733055555555555 0.01996874999999996 0.04783333333333341