1 0.5552083333333333 0.2847222222222222 0.008854166666666666 0.03333333333333333
1 0.6434895833333333 0.17453703703703705 0.007291666666666667 0.028703703703703703
1 0.15625 0.23842592592592593 0.009375 0.03425925925925926
1 0.4830729166666667 0.2962962962962963 0.008854166666666666 0.037037037037037035
1 0.34713541666666664 0.28564814814814815 0.009895833333333333 0.03518518518518519
1 0.3536458333333333 0.4222222222222222 0.015104166666666667 0.04537037037037037
1 0.67109375 0.1814814814814815 0.0078125 0.028703703703703703
1 0.4713541666666667 0.17037037037037037 0.007291666666666667 0.03148148148148148
1 0.36666666666666664 0.22962962962962963 0.008854166666666666 0.03611111111111111
1 0.9903645833333333 0.34305555555555556 0.014583333333333334 0.03611111111111111
2 0.5796875 0.2675925925925926 0.008333333333333333 0.030555555555555555
1 0.7388020833333333 0.26342592592592595 0.008333333333333333 0.030555555555555555
1 0.5377604166666666 0.12314814814814815 0.005729166666666666 0.024074074074074074
1 0.43769270833333335 0.11027777777777777 0.007421875 0.029444444444444454
1 0.7515625 0.4671296296296296 0.011458333333333333 0.03981481481481482
1 0.6697239583333333 0.5802685185185186 0.012114583333333448 0.04317592592592603
1 0.55796875 0.14578703703703702 0.005729166666666666 0.02962962962962963
1 0.7432291666666667 0.26990740740740743 0.008333333333333333 0.03425925925925926
1 0.6014375 0.18813888888888888 0.0074479166666667615 0.03431481481481482
1 0.5475937500000001 0.17248148148148149 0.0074479166666667615 0.02588888888888887
1 0.5770520833333334 0.1420833333333333 0.0074479166666667615 0.03130555555555556
1 0.5533489583333334 0.12341666666666666 0.005416666666666714 0.027694444444444456
2 0.40028125 0.09121296296296297 0.008124999999999953 0.027092592592592585
1 0.5142552083333334 0.10912962962962963 0.00540104166666661 0.027287037037037037
1 0.46752604166666667 0.4597037037037037 0.011458333333333333 0.044444444444444446