1 0.54765625 0.5173611111111112 0.0296875 0.14027777777777778
1 0.61015625 0.46319444444444446 0.028125 0.11805555555555555
1 0.275390625 0.5854166666666667 0.03359375 0.14027777777777778
1 0.46640625 0.5493055555555556 0.0375 0.14583333333333334
1 0.366015625 0.4798611111111111 0.02890625 0.12916666666666668
1 0.821484375 0.5034722222222222 0.02265625 0.1375
1 0.640625 0.5361111111111111 0.0234375 0.14166666666666666
1 0.476953125 0.4486111111111111 0.02734375 0.125
1 0.06953125 0.2673611111111111 0.028125 0.09305555555555556
1 0.321875 0.34097222222222223 0.0421875 0.09861111111111111
1 0.81796875 0.3527777777777778 0.028125 0.08611111111111111
2 0.03828125 0.4326388888888889 0.021875 0.1375
1 0.425390625 0.3277777777777778 0.02734375 0.09722222222222222
1 0.44765625 0.4111111111111111 0.028125 0.10555555555555556
1 0.4066875 0.43418055555555557 0.0609375 0.10477777777777786
1 0.42882031249999997 0.3876527777777778 0.0375 0.10833333333333334
0 0.3745625 0.4722222222222222 0.0078125 0.018513888888888944