1 0.09453125 0.24768518518518517 0.008333333333333333 0.03611111111111111
1 0.5083333333333333 0.4097222222222222 0.008854166666666666 0.046296296296296294
1 0.30572916666666666 0.3699074074074074 0.009375 0.044444444444444446
1 0.36302083333333335 0.1726851851851852 0.0067708333333333336 0.03333333333333333
1 0.45625 0.16064814814814815 0.007291666666666667 0.030555555555555555
1 0.5671875 0.17222222222222222 0.007291666666666667 0.030555555555555555
1 0.39453125 0.2518518518518518 0.007291666666666667 0.03611111111111111
1 0.30885416666666665 0.2625 0.0078125 0.03796296296296296
1 0.5205729166666667 0.2273148148148148 0.007291666666666667 0.03425925925925926
1 0.9080729166666667 0.30833333333333335 0.008854166666666666 0.03888888888888889
2 0.3153385416666667 0.10068518518518518 0.00625 0.025
1 0.43645833333333334 0.16111111111111112 0.00625 0.03148148148148148
1 0.68203125 0.6976851851851852 0.013541666666666667 0.05277777777777778
1 0.4588541666666667 0.21666666666666667 0.007291666666666667 0.032407407407407406
1 0.4036458333333333 0.4777777777777778 0.008333333333333333 0.04722222222222222
1 0.6861979166666666 0.45185185185185184 0.0140625 0.03981481481481482
2 0.7908854166666667 0.9671296296296297 0.020833333333333332 0.049074074074074076
1 0.5721354166666667 0.23703703703703705 0.008854166666666666 0.03796296296296296
1 0.328125 0.17546296296296296 0.008333333333333333 0.032407407407407406
2 0.5328125 0.25 0.0067708333333333336 0.03333333333333333
1 0.5083333333333333 0.12546296296296297 0.005729166666666666 0.02962962962962963
1 0.41041666666666665 0.13287037037037036 0.00625 0.027777777777777776
1 0.39401041666666664 0.11527777777777778 0.005729166666666666 0.025925925925925925
1 0.29851041666666667 0.11674074074074074 0.009526041666666648 0.023166666666666676
1 0.596703125 0.17858333333333334 0.006187500000000057 0.030685185185185173
0 0.3915625 0.1270648148148148 0.004234375000000057 0.008685185185185181