1 0.5690104166666666 0.1736111111111111 0.0067708333333333336 0.03333333333333333
1 0.3419270833333333 0.7069444444444445 0.0125 0.049074074074074076
1 0.38307291666666665 0.22824074074074074 0.0078125 0.03148148148148148
1 0.44479166666666664 0.14629629629629629 0.00625 0.026851851851851852
1 0.5325520833333334 0.08842592592592592 0.005729166666666666 0.025
2 0.41744791666666664 0.27314814814814814 0.007291666666666667 0.03518518518518519
1 0.5291666666666667 0.3888888888888889 0.008333333333333333 0.04351851851851852
1 0.54140625 0.11203703703703703 0.00625 0.026851851851851852
1 0.60390625 0.2050925925925926 0.007291666666666667 0.032407407407407406
1 0.5158854166666667 0.1648148148148148 0.007291666666666667 0.032407407407407406
2 0.16875 0.14814814814814814 0.00625 0.025
1 0.24947916666666667 0.4842592592592593 0.013020833333333334 0.05
1 0.6506822916666667 0.25377777777777777 0.009895833333333333 0.040037037037037045
1 0.7177083333333333 0.5435185185185185 0.0109375 0.04814814814814815
1 0.22352083333333334 0.23438888888888887 0.011125000000000006 0.03662037037037035
1 0.24927083333333336 0.2120462962962963 0.007416666666666671 0.03588888888888888
1 0.36524999999999996 0.23255555555555554 0.004531250000000024 0.03442592592592593
1 0.4270520833333334 0.14100000000000001 0.007005208333333357 0.030027777777777785
1 0.4515677083333333 0.08533333333333333 0.005765624999999967 0.022703703703703712
1 0.51934375 0.07141666666666666 0.007005208333333357 0.022703703703703712
1 0.5234687499999999 0.11462962962962962 0.004531250000000024 0.02856481481481481
0 0.46310416666666665 0.09851851851851852 0.005765624999999967 0.013916666666666667
1 0.7263854166666667 0.18201851851851852 0.005765625000000085 0.030027777777777785