1 0.51796875 0.15324074074074073 0.0067708333333333336 0.027777777777777776
1 0.37942708333333336 0.6847222222222222 0.011458333333333333 0.05277777777777778
1 0.41953125 0.1310185185185185 0.0067708333333333336 0.030555555555555555
1 0.60703125 0.2351851851851852 0.007291666666666667 0.03611111111111111
1 0.28177083333333336 0.17546296296296296 0.007291666666666667 0.028703703703703703
1 0.54296875 0.16805555555555557 0.00625 0.03148148148148148
1 0.40651041666666665 0.15231481481481482 0.0067708333333333336 0.02962962962962963
1 0.5799479166666667 0.2175925925925926 0.007291666666666667 0.030555555555555555
1 0.43020833333333336 0.21388888888888888 0.0078125 0.037037037037037035
1 0.271875 0.4449074074074074 0.009895833333333333 0.040740740740740744
1 0.5861979166666667 0.11898148148148148 0.00625 0.028703703703703703
1 0.7138020833333333 0.5023148148148148 0.014583333333333334 0.040740740740740744
1 0.24635416666666668 0.19675925925925927 0.0078125 0.03333333333333333
1 0.41901041666666666 0.22453703703703703 0.009375 0.03333333333333333
2 0.19348958333333333 0.13425925925925927 0.0067708333333333336 0.027777777777777776
1 0.5143229166666666 0.36018518518518516 0.009895833333333333 0.037037037037037035
1 0.48802083333333335 0.12314814814814815 0.007291666666666667 0.02962962962962963
1 0.5333333333333333 0.1300925925925926 0.007291666666666667 0.026851851851851852
2 0.43854166666666666 0.24675925925925926 0.007291666666666667 0.037037037037037035
2 0.9622395833333334 0.6277777777777778 0.016145833333333335 0.03888888888888889
1 0.446875 0.1125 0.0078125 0.026851851851851852
1 0.4817708333333333 0.12731481481481483 0.0067708333333333336 0.028703703703703703
1 0.4868645833333333 0.09310185185185185 0.006953124999999952 0.028009259259259258
1 0.7276354166666666 0.17714814814814814 0.004635416666666714 0.032953703703703735