1 0.757421875 0.6111111111111112 0.04765625 0.1638888888888889
1 0.91171875 0.6277777777777778 0.034375 0.15
1 0.912890625 0.43333333333333335 0.03203125 0.12777777777777777
1 0.803515625 0.4152777777777778 0.03671875 0.125
1 0.540234375 0.4097222222222222 0.02890625 0.10833333333333334
1 0.733203125 0.47430555555555554 0.03203125 0.12638888888888888
1 0.476171875 0.38819444444444445 0.03828125 0.10694444444444444
1 0.44609375 0.49027777777777776 0.0296875 0.11944444444444445
1 0.191796875 0.8770833333333333 0.06171875 0.18472222222222223
1 0.39921875 0.4444444444444444 0.0296875 0.10277777777777777
1 0.719140625 0.37916666666666665 0.02890625 0.10555555555555556
1 0.987890625 0.5854166666666667 0.02421875 0.12916666666666668
1 0.097265625 0.8722222222222222 0.05703125 0.16666666666666666
1 0.978125 0.38055555555555554 0.025 0.12222222222222222
0 0.31328125 0.4527777777777778 0.0125 0.022222222222222223
2 0.363671875 0.47638888888888886 0.03046875 0.1361111111111111