1 0.0796875 0.32731481481481484 0.009895833333333333 0.03888888888888889
1 0.49505208333333334 0.20879629629629629 0.007291666666666667 0.02962962962962963
2 0.8713541666666667 0.9412037037037037 0.021875 0.05
1 0.3421875 0.36666666666666664 0.008854166666666666 0.04351851851851852
1 0.5955729166666667 0.29907407407407405 0.008854166666666666 0.041666666666666664
1 0.5463541666666667 0.5509259259259259 0.010416666666666666 0.05092592592592592
1 0.7380208333333333 0.5416666666666666 0.011458333333333333 0.05
1 0.8942708333333333 0.32083333333333336 0.009895833333333333 0.040740740740740744
1 0.4049479166666667 0.2574074074074074 0.00625 0.03148148148148148
1 0.63046875 0.21481481481481482 0.007291666666666667 0.03611111111111111
1 0.43203125 0.6638888888888889 0.008854166666666666 0.05740740740740741
1 0.3033854166666667 0.38935185185185184 0.008333333333333333 0.04537037037037037
1 0.44479166666666664 0.21296296296296297 0.0067708333333333336 0.03333333333333333
1 0.43333333333333335 0.14814814814814814 0.00625 0.026851851851851852
1 0.7255208333333333 0.7083333333333334 0.017708333333333333 0.053703703703703705
2 0.5606770833333333 0.25416666666666665 0.0067708333333333336 0.03518518518518519
1 0.5450520833333333 0.1449074074074074 0.005729166666666666 0.025925925925925925
1 0.45364583333333336 0.1648148148148148 0.007291666666666667 0.025
1 0.5341145833333333 0.2828703703703704 0.0067708333333333336 0.03888888888888889
2 0.33359375 0.11805555555555555 0.0067708333333333336 0.025925925925925925
1 0.2883802083333334 0.23310185185185187 0.010286458333333333 0.03656481481481482
1 0.34751041666666665 0.21938888888888888 0.009427083333333286 0.03199074074074075
1 0.45184895833333333 0.2578611111111111 0.007286458333333338 0.03427777777777776
1 0.6241041666666667 0.2033888888888889 0.004713541666666762 0.02742592592592593