1 0.2453125 0.3837962962962963 0.011458333333333333 0.03888888888888889
1 0.5119791666666667 0.13055555555555556 0.0067708333333333336 0.030555555555555555
1 0.24453125 0.2152777777777778 0.009375 0.03333333333333333
1 0.6302083333333334 0.26990740740740743 0.008854166666666666 0.03425925925925926
1 0.7307291666666667 0.19722222222222222 0.008333333333333333 0.030555555555555555
1 0.46927083333333336 0.5060185185185185 0.009895833333333333 0.044444444444444446
1 0.29192708333333334 0.3726851851851852 0.0125 0.044444444444444446
1 0.36953125 0.2101851851851852 0.008854166666666666 0.03611111111111111
1 0.24505208333333334 0.4740740740740741 0.011979166666666667 0.03981481481481482
1 0.23645833333333333 0.3138888888888889 0.009895833333333333 0.037037037037037035
1 0.76875 0.24768518518518517 0.009375 0.032407407407407406
1 0.17265625 0.32222222222222224 0.013020833333333334 0.04259259259259259
1 0.27734375 0.2023148148148148 0.0109375 0.032407407407407406
1 0.400796875 0.3495740740740741 0.010416666666666666 0.03425925925925926
1 0.3645833333333333 0.2851851851851852 0.009375 0.03611111111111111
1 0.396875 0.31805555555555554 0.008854166666666666 0.037037037037037035
1 0.44817708333333334 0.4888888888888889 0.013020833333333334 0.03425925925925926
1 0.40208333333333335 0.2074074074074074 0.0109375 0.03425925925925926
1 0.6125 0.26944444444444443 0.0109375 0.03425925925925926
1 0.6033854166666667 0.13333333333333333 0.0067708333333333336 0.026851851851851852
1 0.675828125 0.31484259259259256 0.007291666666666667 0.03333333333333333
2 0.22443229166666667 0.42494444444444446 0.010947916666666658 0.037999999999999964
2 0.05395833333333333 0.1390185185185185 0.009906250000000005 0.03150925925925924