1 0.77421875 0.5486111111111112 0.040625 0.15
1 0.8625 0.24097222222222223 0.0328125 0.10694444444444444
1 0.8828125 0.44166666666666665 0.040625 0.125
1 0.651953125 0.14652777777777778 0.01640625 0.08472222222222223
1 0.207421875 0.4222222222222222 0.02734375 0.12777777777777777
1 0.18984375 0.5159722222222223 0.040625 0.12083333333333333
1 0.804296875 0.36180555555555555 0.02109375 0.11527777777777778
1 0.546875 0.2534722222222222 0.0265625 0.10416666666666667
2 0.684375 0.3576388888888889 0.0296875 0.11805555555555555
1 0.634765625 0.21666666666666667 0.01640625 0.09166666666666666
1 0.45625 0.44583333333333336 0.046875 0.1111111111111111
1 0.244140625 0.31875 0.02578125 0.10972222222222222
1 0.450390625 0.19236111111111112 0.02109375 0.09583333333333334
1 0.357421875 0.2791666666666667 0.03671875 0.10555555555555556
1 0.4359375 0.37083333333333335 0.028125 0.10277777777777777
1 0.79140625 0.2861111111111111 0.01875 0.10277777777777777
1 0.369921875 0.24444444444444444 0.02578125 0.08888888888888889
2 0.6678359375 0.07847222222222222 0.028210937499999922 0.08472222222222223
1 0.43828125 0.42083333333333334 0.028125 0.1
0 0.41796875 0.475 0.0125 0.025