1 0.41822916666666665 0.3486111111111111 0.009895833333333333 0.03888888888888889
1 0.3182291666666667 0.4425925925925926 0.011979166666666667 0.040740740740740744
1 0.32135416666666666 0.2337962962962963 0.010416666666666666 0.03611111111111111
1 0.3572916666666667 0.2800925925925926 0.008333333333333333 0.037037037037037035
1 0.7380208333333333 0.24722222222222223 0.007291666666666667 0.030555555555555555
1 0.6580729166666667 0.43796296296296294 0.008333333333333333 0.03981481481481482
1 0.61953125 0.30092592592592593 0.007291666666666667 0.03796296296296296
1 0.6390625 0.3416666666666667 0.007291666666666667 0.03425925925925926
1 0.45755208333333336 0.22037037037037038 0.0078125 0.03425925925925926
2 0.9059895833333333 0.7111111111111111 0.013541666666666667 0.046296296296296294
1 0.46848958333333335 0.23287037037037037 0.008333333333333333 0.02962962962962963
2 0.5075520833333333 0.2791666666666667 0.007291666666666667 0.03518518518518519
1 0.5338541666666666 0.3143518518518518 0.0067708333333333336 0.03888888888888889
1 0.5973958333333333 0.36574074074074076 0.008333333333333333 0.037037037037037035
1 0.690625 0.5032407407407408 0.009375 0.044444444444444446
2 0.5119791666666667 0.262037037037037 0.0078125 0.03611111111111111
1 0.6143229166666667 0.26342592592592595 0.0067708333333333336 0.03425925925925926
1 0.50175 0.32820370370370366 0.008317708333333347 0.03802777777777783
1 0.40052604166666667 0.21446296296296297 0.009510416666666662 0.03732407407407408
1 0.42568229166666666 0.12360185185185187 0.010697916666666647 0.026055555555555544
1 0.49699479166666666 0.14966666666666664 0.010697916666666647 0.028879629629629627
1 0.6019791666666666 0.25495370370370374 0.005942708333333257 0.03380555555555555
1 0.49818229166666667 0.22995370370370366 0.008317708333333347 0.031694444444444435
0 0.3325833333333333 0.25002777777777774 0.00752604166666669 0.0084537037037037