1 0.78359375 0.6069444444444444 0.0203125 0.07222222222222222
1 0.362109375 0.45069444444444445 0.01171875 0.04861111111111111
1 0.758984375 0.4979166666666667 0.01171875 0.06527777777777778
1 0.462890625 0.5611111111111111 0.02109375 0.06666666666666667
2 0.205078125 0.5659722222222222 0.01328125 0.07361111111111111
1 0.62734375 0.50625 0.0140625 0.0625
1 0.262109375 0.6458333333333334 0.01484375 0.07777777777777778
1 0.354296875 0.7305555555555555 0.02734375 0.08611111111111111
1 0.58359375 0.5444444444444444 0.0125 0.06388888888888888
1 0.402734375 0.5229166666666667 0.01328125 0.059722222222222225
1 0.012109375 0.56875 0.02265625 0.06805555555555555
1 0.78203125 0.5458333333333333 0.0125 0.058333333333333334
1 0.265234375 0.5541666666666667 0.01640625 0.06944444444444445
1 0.120703125 0.44305555555555554 0.01640625 0.05277777777777778
1 0.1 0.4826388888888889 0.0140625 0.059722222222222225
1 0.428125 0.41458333333333336 0.0109375 0.04583333333333333
1 0.43671875 0.4861111111111111 0.0109375 0.05
2 0.167578125 0.39444444444444443 0.01171875 0.041666666666666664
1 0.642578125 0.4395833333333333 0.01171875 0.04861111111111111
1 0.2734375 0.5097222222222222 0.0125 0.058333333333333334
1 0.4109375 0.4736111111111111 0.0109375 0.04722222222222222
0 0.6228281250000001 0.5324027777777778 0.0078125 0.018513888888888944