1 0.29739583333333336 0.24212962962962964 0.013020833333333334 0.03333333333333333
1 0.6833333333333333 0.737037037037037 0.019270833333333334 0.05185185185185185
1 0.4622395833333333 0.4203703703703704 0.0109375 0.03796296296296296
1 0.4125 0.537962962962963 0.011458333333333333 0.046296296296296294
1 0.4153645833333333 0.18518518518518517 0.010416666666666666 0.030555555555555555
1 0.64765625 0.5083333333333333 0.011979166666666667 0.041666666666666664
1 0.5091145833333334 0.17037037037037037 0.008333333333333333 0.03148148148148148
1 0.3578125 0.12129629629629629 0.007291666666666667 0.02962962962962963
1 0.46510416666666665 0.24814814814814815 0.0078125 0.03148148148148148
1 0.6278645833333333 0.26666666666666666 0.008854166666666666 0.03611111111111111
1 0.5286458333333334 0.12638888888888888 0.0067708333333333336 0.025
1 0.18645833333333334 0.17916666666666667 0.008854166666666666 0.02962962962962963
1 0.4674479166666667 0.1050925925925926 0.00625 0.025925925925925925
1 0.32760416666666664 0.38564814814814813 0.018229166666666668 0.04259259259259259
2 0.3852083333333333 0.09307407407407407 0.00625 0.025
1 0.42630208333333336 0.26481481481481484 0.011979166666666667 0.03518518518518519
1 0.3984375 0.1986111111111111 0.011458333333333333 0.032407407407407406
2 0.5940104166666667 0.2708333333333333 0.008854166666666666 0.030555555555555555
1 0.6476458333333334 0.1928425925925926 0.00604166666666662 0.03801851851851852
1 0.603296875 0.26711111111111113 0.007291666666666667 0.030555555555555555
1 0.6746666666666666 0.20415740740740743 0.009000000000000103 0.03503703703703707
0 0.3074635416666667 0.15339814814814814 0.00845312500000001 0.010018518518518512
1 0.376140625 0.1296111111111111 0.006338541666666705 0.023796296296296284
1 0.5258229166666667 0.17719444444444446 0.007750000000000057 0.026296296296296276
1 0.6871302083333333 0.9864537037037036 0.014791666666666713 0.02692592592592586