1 0.78359375 0.5409722222222222 0.028125 0.12916666666666668
1 0.575390625 0.3458333333333333 0.02890625 0.1111111111111111
1 0.833984375 0.7875 0.03359375 0.175
1 0.68046875 0.4618055555555556 0.0328125 0.13194444444444445
1 0.381640625 0.2847222222222222 0.02265625 0.08611111111111111
1 0.340234375 0.5277777777777778 0.03828125 0.14444444444444443
1 0.337109375 0.3090277777777778 0.01796875 0.09305555555555556
2 0.15390625 0.39791666666666664 0.034375 0.12083333333333333
1 0.308203125 0.2701388888888889 0.01953125 0.08194444444444444
1 0.77265625 0.44513888888888886 0.04375 0.10972222222222222
1 0.433203125 0.4284722222222222 0.03984375 0.12361111111111112
1 0.4203125 0.35833333333333334 0.021875 0.10277777777777777
1 0.44453125 0.4409722222222222 0.028125 0.12361111111111112
1 0.443359375 0.3486111111111111 0.02265625 0.09444444444444444