1 0.559765625 0.5208333333333334 0.02421875 0.13055555555555556
1 0.7421875 0.4152777777777778 0.0296875 0.12777777777777777
1 0.44765625 0.2375 0.0203125 0.09444444444444444
1 0.23515625 0.2604166666666667 0.021875 0.09861111111111111
1 0.461328125 0.3576388888888889 0.02109375 0.11805555555555555
1 0.21484375 0.40069444444444446 0.0234375 0.12638888888888888
1 0.327734375 0.3958333333333333 0.02421875 0.12222222222222222
1 0.300390625 0.4888888888888889 0.02265625 0.125
1 0.075390625 0.375 0.03203125 0.11388888888888889
1 0.098046875 0.3701388888888889 0.03046875 0.11527777777777778
1 0.305859375 0.34097222222222223 0.03515625 0.10138888888888889
1 0.67734375 0.3055555555555556 0.0296875 0.11666666666666667
1 0.010546875 0.5645833333333333 0.02109375 0.1125
1 0.561328125 0.3909722222222222 0.02890625 0.10416666666666667
0 0.719921875 0.4638888888888889 0.01171875 0.022222222222222223