1 0.203125 0.6037037037037037 0.0125 0.05648148148148148
1 0.3463541666666667 0.2175925925925926 0.008854166666666666 0.03425925925925926
1 0.56640625 0.7101851851851851 0.014583333333333334 0.06111111111111111
1 0.40677083333333336 0.4615740740740741 0.009895833333333333 0.04351851851851852
1 0.3684895833333333 0.1699074074074074 0.007291666666666667 0.03148148148148148
1 0.3924479166666667 0.29398148148148145 0.0067708333333333336 0.03796296296296296
1 0.7158854166666667 0.4689814814814815 0.010416666666666666 0.041666666666666664
1 0.58984375 0.3912037037037037 0.008333333333333333 0.05
1 0.340625 0.28703703703703703 0.008854166666666666 0.03981481481481482
1 0.23203125 0.5361111111111111 0.011458333333333333 0.049074074074074076
1 0.5630208333333333 0.5449074074074074 0.008854166666666666 0.05092592592592592
1 0.12135416666666667 0.8236111111111111 0.018229166666666668 0.05185185185185185
1 0.26641666666666663 0.6680370370370371 0.011499999999999991 0.062018518518518535
1 0.26015625 0.34814814814814815 0.009375 0.040740740740740744
1 0.6458333333333334 0.21296296296296297 0.0078125 0.032407407407407406
1 0.27239583333333334 0.3726851851851852 0.009375 0.041666666666666664
2 0.36363541666666666 0.09961111111111111 0.0067708333333333336 0.028703703703703703
1 0.3971354166666667 0.32592592592592595 0.008333333333333333 0.040740740740740744
1 0.990625 0.44583333333333336 0.015625 0.03888888888888889
1 0.048177083333333336 0.30694444444444446 0.010416666666666666 0.03333333333333333
2 0.36426041666666664 0.3739074074074074 0.010151041666666671 0.04611111111111107
1 0.45194270833333333 0.20149074074074075 0.007328124999999967 0.03207407407407406
1 0.48352083333333334 0.11026851851851852 0.006203125000000043 0.02405555555555556
0 0.6867968750000001 0.3869444444444444 0.0056406249999999625 0.012027777777777787
2 0.8170520833333333 0.9716481481481483 0.018041666666666602 0.0567037037037036
1 0.42540625 0.47267592592592594 0.011468749999999991 0.042629629629629594