1 0.489453125 0.41458333333333336 0.02734375 0.14305555555555555
1 0.3578125 0.6270833333333333 0.0453125 0.15694444444444444
1 0.02109375 0.5347222222222222 0.0421875 0.1361111111111111
1 0.6859375 0.6694444444444444 0.034375 0.16944444444444445
1 0.222265625 0.2916666666666667 0.02265625 0.1111111111111111
1 0.89453125 0.39861111111111114 0.03125 0.1361111111111111
1 0.4578125 0.17708333333333334 0.015625 0.10138888888888889
1 0.161328125 0.8479166666666667 0.03203125 0.18472222222222223
1 0.31328125 0.2777777777777778 0.0203125 0.1111111111111111
1 0.963671875 0.21875 0.02265625 0.1125
0 0.65859375 0.7430555555555556 0.0140625 0.027777777777777776