1 0.5434895833333333 0.5486111111111112 0.0125 0.044444444444444446
1 0.6567708333333333 0.2972222222222222 0.008854166666666666 0.03981481481481482
1 0.5377604166666666 0.2412037037037037 0.0067708333333333336 0.03611111111111111
1 0.8911458333333333 0.30462962962962964 0.009375 0.03888888888888889
1 0.8572916666666667 0.4625 0.011458333333333333 0.03981481481481482
1 0.865625 0.41203703703703703 0.0109375 0.046296296296296294
1 0.740625 0.324537037037037 0.008333333333333333 0.03981481481481482
2 0.50546875 0.1111111111111111 0.00625 0.028703703703703703
1 0.665625 0.325 0.008333333333333333 0.03796296296296296
1 0.903125 0.4513888888888889 0.011458333333333333 0.03981481481481482
1 0.84375 0.4027777777777778 0.010416666666666666 0.03888888888888889
1 0.8309895833333333 0.40185185185185185 0.010416666666666666 0.03888888888888889
1 0.8927083333333333 0.42685185185185187 0.013020833333333334 0.04351851851851852
1 0.9260416666666667 0.2777777777777778 0.011979166666666667 0.03888888888888889
1 0.9229166666666667 0.44027777777777777 0.014583333333333334 0.044444444444444446
1 0.8408854166666667 0.41898148148148145 0.010416666666666666 0.041666666666666664
1 0.9125 0.42268518518518516 0.0109375 0.04259259259259259
1 0.5755885416666667 0.382962962962963 0.009140625000000095 0.046731481481481506
2 0.7256770833333334 0.35587962962962966 0.006859375000000038 0.03725000000000002
0 0.5375989583333334 0.2688055555555556 0.0069010416666666664 0.011416666666666705