1 0.69921875 0.7104166666666667 0.0390625 0.17083333333333334
1 0.139453125 0.6743055555555556 0.05234375 0.14305555555555555
1 0.5234375 0.33958333333333335 0.0265625 0.10694444444444444
1 0.587109375 0.4125 0.02578125 0.10277777777777777
1 0.600390625 0.3368055555555556 0.02109375 0.09583333333333334
1 0.341015625 0.41041666666666665 0.02890625 0.11805555555555555
1 0.360546875 0.4027777777777778 0.02265625 0.1
1 0.865234375 0.46944444444444444 0.02421875 0.10833333333333334
1 0.8609375 0.4930555555555556 0.01875 0.10555555555555556
2 0.599609375 0.2263888888888889 0.02109375 0.06666666666666667
1 0.6015625 0.34791666666666665 0.01875 0.09027777777777778
0 0.684765625 0.4222222222222222 0.01328125 0.025