1 0.18619791666666666 0.262037037037037 0.0067708333333333336 0.03425925925925926
1 0.22760416666666666 0.2199074074074074 0.0067708333333333336 0.032407407407407406
1 0.44895833333333335 0.31805555555555554 0.005729166666666666 0.030555555555555555
1 0.44427083333333334 0.24583333333333332 0.00625 0.03611111111111111
2 0.5356770833333333 0.21064814814814814 0.00625 0.03148148148148148
1 0.39427083333333335 0.3212962962962963 0.007291666666666667 0.024074074074074074
1 0.50078125 0.20694444444444443 0.0067708333333333336 0.03425925925925926
1 0.4890625 0.22361111111111112 0.00625 0.03333333333333333
1 0.55 0.32685185185185184 0.0067708333333333336 0.012962962962962963
0 0.59375 0.2569444444444444 0.004166666666666667 0.010185185185185186
1 0.5955885416666666 0.33316666666666667 0.006802083333333334 0.0385462962962963
1 0.6924479166666667 0.20879629629629629 0.005729166666666666 0.03148148148148148
1 0.5912447916666667 0.3309351851851852 0.005921874999999999 0.03779629629629629
1 0.15364583333333334 0.5171296296296296 0.013541666666666667 0.04722222222222222
1 0.12526041666666668 0.42083333333333334 0.011458333333333333 0.04259259259259259
1 0.5955729166666667 0.42314814814814816 0.007291666666666667 0.041666666666666664
1 0.39505208333333336 0.32916666666666666 0.008333333333333333 0.03888888888888889
1 0.5192708333333333 0.3435185185185185 0.008333333333333333 0.037037037037037035
1 0.55 0.3402777777777778 0.0078125 0.03796296296296296
1 0.60390625 0.35694444444444445 0.007291666666666667 0.037037037037037035
1 0.5322916666666667 0.31203703703703706 0.00625 0.03888888888888889
1 0.48880208333333336 0.26296296296296295 0.00625 0.03611111111111111
1 0.6317708333333333 0.38657407407407407 0.009375 0.03981481481481482
1 0.5817708333333333 0.2625 0.0067708333333333336 0.03333333333333333
1 0.6578125 0.3851851851851852 0.008333333333333333 0.03796296296296296
2 0.8466145833333333 0.36527777777777776 0.008854166666666666 0.03611111111111111