1 0.19296875 0.24259259259259258 0.007291666666666667 0.03333333333333333
1 0.21770833333333334 0.20694444444444443 0.0067708333333333336 0.03148148148148148
2 0.09505208333333333 0.1685185185185185 0.009375 0.030555555555555555
1 0.5799479166666667 0.29907407407407405 0.007291666666666667 0.037037037037037035
1 0.4669270833333333 0.2791666666666667 0.0067708333333333336 0.03611111111111111
2 0.5080729166666667 0.2111111111111111 0.00625 0.032407407407407406
1 0.59453125 0.23194444444444445 0.0067708333333333336 0.03333333333333333
1 0.5026041666666666 0.23564814814814813 0.00625 0.03425925925925926
1 0.6067708333333334 0.27175925925925926 0.0078125 0.032407407407407406
1 0.6497395833333334 0.2574074074074074 0.008333333333333333 0.03518518518518519
1 0.6309895833333333 0.18611111111111112 0.0078125 0.028703703703703703
1 0.5947916666666667 0.2962962962962963 0.007291666666666667 0.03425925925925926
1 0.6794270833333333 0.31805555555555554 0.00625 0.030555555555555555
1 0.6356770833333333 0.21574074074074073 0.0067708333333333336 0.030555555555555555
1 0.6796875 0.22361111111111112 0.00625 0.028703703703703703
1 0.6015885416666666 0.3371574074074074 0.006307291666666667 0.033574074074074076
1 0.09244791666666667 0.4222222222222222 0.013020833333333334 0.04259259259259259
1 0.1703125 0.4976851851851852 0.016666666666666666 0.044444444444444446
1 0.19375 0.24814814814814815 0.0067708333333333336 0.014814814814814815
1 0.5205729166666667 0.4337962962962963 0.0067708333333333336 0.03888888888888889
1 0.49322916666666666 0.3611111111111111 0.0067708333333333336 0.03981481481481482
1 0.3763020833333333 0.30787037037037035 0.008854166666666666 0.03518518518518519
1 0.503125 0.2462962962962963 0.0046875 0.011111111111111112
1 0.6065104166666667 0.3972222222222222 0.008333333333333333 0.03888888888888889
2 0.8416666666666667 0.40555555555555556 0.008333333333333333 0.03425925925925926
0 0.6837864583333333 0.20360185185185184 0.003942708333333334 0.006592592592592593