1 0.19765625 0.2351851851851852 0.00625 0.03425925925925926
1 0.2203125 0.2037037037037037 0.005729166666666666 0.03148148148148148
2 0.09869791666666666 0.16620370370370371 0.0078125 0.03148148148148148
1 0.6 0.24768518518518517 0.0078125 0.03148148148148148
1 0.5708333333333333 0.287962962962963 0.0078125 0.037037037037037035
1 0.49661458333333336 0.2564814814814815 0.008333333333333333 0.03611111111111111
1 0.5510416666666667 0.22175925925925927 0.007291666666666667 0.032407407407407406
2 0.5252604166666667 0.1962962962962963 0.00625 0.03148148148148148
1 0.5403645833333334 0.21296296296296297 0.009895833333333333 0.03796296296296296
1 0.57734375 0.31666666666666665 0.011458333333333333 0.03333333333333333
1 0.6994791666666667 0.2375 0.009375 0.021296296296296296
1 0.5986979166666667 0.3263888888888889 0.008854166666666666 0.013888888888888888
1 0.19036458333333334 0.4930555555555556 0.011979166666666667 0.049074074074074076
1 0.13255208333333332 0.41898148148148145 0.013020833333333334 0.037037037037037035
1 0.5046875 0.3662037037037037 0.007291666666666667 0.03888888888888889
1 0.44244791666666666 0.31574074074074077 0.0078125 0.03518518518518519
1 0.6088541666666667 0.39444444444444443 0.008854166666666666 0.03888888888888889
1 0.596875 0.3365740740740741 0.009375 0.03611111111111111
1 0.39739583333333334 0.3263888888888889 0.0078125 0.03888888888888889
1 0.6052083333333333 0.3138888888888889 0.007291666666666667 0.03518518518518519
1 0.6125 0.35185185185185186 0.004166666666666667 0.03425925925925926
1 0.6354166666666666 0.3800925925925926 0.008333333333333333 0.03981481481481482
1 0.5885416666666666 0.4074074074074074 0.007291666666666667 0.03796296296296296
1 0.6145833333333334 0.34953703703703703 0.008333333333333333 0.03611111111111111
0 0.6453125 0.24583333333333332 0.004166666666666667 0.007407407407407408
2 0.8489583333333334 0.36435185185185187 0.008333333333333333 0.03611111111111111