1 0.19791666666666666 0.23796296296296296 0.0067708333333333336 0.03425925925925926
1 0.21979166666666666 0.20787037037037037 0.00625 0.03148148148148148
2 0.09921875 0.16898148148148148 0.007291666666666667 0.03148148148148148
1 0.5151041666666667 0.24953703703703703 0.005729166666666666 0.03611111111111111
2 0.52421875 0.19907407407407407 0.005208333333333333 0.032407407407407406
1 0.5940104166666667 0.31712962962962965 0.008333333333333333 0.032407407407407406
1 0.6645833333333333 0.31342592592592594 0.0078125 0.03333333333333333
1 0.63828125 0.2050925925925926 0.005729166666666666 0.02962962962962963
1 0.62109375 0.28888888888888886 0.007291666666666667 0.03333333333333333
1 0.6200520833333333 0.24953703703703703 0.00625 0.03333333333333333
1 0.6380208333333334 0.26851851851851855 0.007291666666666667 0.03425925925925926
1 0.6057291666666667 0.20787037037037037 0.005729166666666666 0.03333333333333333
1 0.6453125 0.2652777777777778 0.0067708333333333336 0.03333333333333333
1 0.62421875 0.2162037037037037 0.005208333333333333 0.02962962962962963
1 0.67890625 0.2300925925925926 0.009895833333333333 0.01574074074074074
1 0.19140625 0.49675925925925923 0.011979166666666667 0.049074074074074076
1 0.13359375 0.42268518518518516 0.013541666666666667 0.03796296296296296
1 0.19869791666666667 0.24722222222222223 0.0067708333333333336 0.012962962962962963
1 0.49895833333333334 0.3736111111111111 0.008854166666666666 0.03796296296296296
1 0.4549479166666667 0.3074074074074074 0.00625 0.03518518518518519
1 0.4005208333333333 0.325 0.008333333333333333 0.03888888888888889
1 0.5635416666666667 0.41805555555555557 0.007291666666666667 0.03796296296296296
1 0.60859375 0.3976851851851852 0.009375 0.03981481481481482
1 0.6432291666666666 0.3763888888888889 0.0067708333333333336 0.03981481481481482
2 0.8513020833333333 0.3768518518518518 0.008333333333333333 0.03425925925925926
0 0.68046875 0.17930555555555555 0.003348958333333333 0.005324074074074074