1 0.19192708333333333 0.2550925925925926 0.007291666666666667 0.03333333333333333
1 0.22864583333333333 0.21574074074074073 0.0067708333333333336 0.03333333333333333
1 0.44973958333333336 0.3189814814814815 0.005729166666666666 0.028703703703703703
1 0.58203125 0.26435185185185184 0.00625 0.03425925925925926
1 0.44427083333333334 0.24722222222222223 0.005729166666666666 0.037037037037037035
2 0.5341145833333333 0.20787037037037037 0.00625 0.032407407407407406
1 0.5330729166666667 0.31296296296296294 0.00625 0.03981481481481482
1 0.39620833333333333 0.32999074074074075 0.010651041666666666 0.03962037037037037
1 0.48932291666666666 0.26481481481481484 0.00625 0.03518518518518519
1 0.50078125 0.20787037037037037 0.007291666666666667 0.03518518518518519
1 0.48984375 0.22453703703703703 0.0067708333333333336 0.03333333333333333
1 0.59453125 0.3226851851851852 0.008854166666666666 0.021296296296296296
0 0.5947916666666667 0.25787037037037036 0.0046875 0.010185185185185186
1 0.6916666666666667 0.2101851851851852 0.0067708333333333336 0.032407407407407406
1 0.13229166666666667 0.4236111111111111 0.0125 0.03888888888888889
1 0.16796875 0.5138888888888888 0.0125 0.04814814814814815
1 0.5989583333333334 0.41388888888888886 0.007291666666666667 0.03981481481481482
1 0.51796875 0.3476851851851852 0.00625 0.037037037037037035
1 0.5518229166666667 0.3435185185185185 0.00625 0.03796296296296296
1 0.6325520833333333 0.38796296296296295 0.008854166666666666 0.03981481481481482
1 0.6455729166666667 0.3925925925925926 0.008333333333333333 0.03796296296296296
1 0.6049479166666667 0.35833333333333334 0.0078125 0.03611111111111111
1 0.5966145833333333 0.3402777777777778 0.007291666666666667 0.03425925925925926
2 0.8471354166666667 0.3662037037037037 0.008333333333333333 0.037037037037037035
1 0.5911458333333334 0.33425925925925926 0.0067708333333333336 0.03796296296296296
0 0.5932291666666667 0.925 0.007291666666666667 0.013888888888888888
2 0.08559375 0.17337962962962963 0.009645833333333333 0.030435185185185183