1 0.19791666666666666 0.23842592592592593 0.007291666666666667 0.03425925925925926
1 0.21979166666666666 0.20787037037037037 0.00625 0.03148148148148148
2 0.09947916666666666 0.16898148148148148 0.007291666666666667 0.030555555555555555
1 0.45755208333333336 0.3037037037037037 0.007291666666666667 0.03611111111111111
1 0.5924479166666666 0.3162037037037037 0.008854166666666666 0.03425925925925926
2 0.5244791666666667 0.19907407407407407 0.005208333333333333 0.03148148148148148
1 0.6463541666666667 0.19907407407407407 0.00625 0.02962962962962963
1 0.6401041666666667 0.2726851851851852 0.007291666666666667 0.032407407407407406
1 0.6489583333333333 0.262037037037037 0.00625 0.028703703703703703
1 0.6307291666666667 0.2162037037037037 0.0067708333333333336 0.02962962962962963
1 0.6739583333333333 0.30925925925925923 0.007291666666666667 0.030555555555555555
1 0.609375 0.20601851851851852 0.005208333333333333 0.03148148148148148
1 0.6208333333333333 0.24537037037037038 0.005729166666666666 0.032407407407407406
1 0.6171875 0.12222222222222222 0.00625 0.027777777777777776
1 0.67890625 0.2310185185185185 0.0109375 0.017592592592592594
1 0.19296875 0.49722222222222223 0.013541666666666667 0.04722222222222222
1 0.13359375 0.42268518518518516 0.013020833333333334 0.03796296296296296
1 0.19869791666666667 0.24722222222222223 0.0067708333333333336 0.012962962962962963
1 0.55859375 0.41944444444444445 0.009895833333333333 0.03796296296296296
1 0.4979166666666667 0.3731481481481482 0.0078125 0.03796296296296296
1 0.6088541666666667 0.39814814814814814 0.009375 0.03981481481481482
1 0.39817708333333335 0.3236111111111111 0.007291666666666667 0.03888888888888889
1 0.5171875 0.25324074074074077 0.0067708333333333336 0.025
1 0.6442708333333333 0.37453703703703706 0.0078125 0.041666666666666664
1 0.6221354166666667 0.28379629629629627 0.00625 0.03425925925925926
2 0.8515625 0.3773148148148148 0.008854166666666666 0.03425925925925926
0 0.6752135416666667 0.1819537037037037 0.0031354166666666666 0.006425925925925926