1 0.19609375 0.24953703703703703 0.007291666666666667 0.03425925925925926
1 0.22526041666666666 0.21157407407407408 0.00625 0.03148148148148148
2 0.09375 0.1712962962962963 0.008333333333333333 0.030555555555555555
1 0.5822916666666667 0.2652777777777778 0.00625 0.03425925925925926
1 0.45 0.3194444444444444 0.005729166666666666 0.027777777777777776
1 0.44583333333333336 0.24768518518518517 0.007291666666666667 0.037037037037037035
2 0.5307291666666667 0.20416666666666666 0.0067708333333333336 0.032407407407407406
1 0.3953125 0.3226851851851852 0.008333333333333333 0.021296296296296296
1 0.5333333333333333 0.3138888888888889 0.0067708333333333336 0.03888888888888889
1 0.50234375 0.20925925925925926 0.0078125 0.03425925925925926
1 0.5940104166666667 0.32314814814814813 0.009895833333333333 0.020370370370370372
1 0.4895833333333333 0.2657407407407407 0.00625 0.03518518518518519
1 0.4901041666666667 0.22546296296296298 0.0067708333333333336 0.03333333333333333
0 0.5950520833333334 0.2587962962962963 0.0046875 0.011111111111111112
1 0.69140625 0.20972222222222223 0.0067708333333333336 0.03333333333333333
1 0.17864583333333334 0.5060185185185185 0.011979166666666667 0.04537037037037037
1 0.13255208333333332 0.42453703703703705 0.0125 0.03888888888888889
1 0.39609375 0.33101851851851855 0.0078125 0.03888888888888889
1 0.5119791666666667 0.35648148148148145 0.0067708333333333336 0.03611111111111111
1 0.603125 0.4060185185185185 0.0067708333333333336 0.040740740740740744
1 0.5541666666666667 0.3449074074074074 0.00625 0.03796296296296296
1 0.5919270833333333 0.3333333333333333 0.0067708333333333336 0.040740740740740744
1 0.6328125 0.39444444444444443 0.009375 0.04814814814814815
1 0.6052083333333333 0.3574074074074074 0.007291666666666667 0.03796296296296296
1 0.59609375 0.34074074074074073 0.007291666666666667 0.03518518518518519
2 0.8481770833333333 0.3685185185185185 0.008333333333333333 0.03611111111111111