1 0.18489583333333334 0.26481481481481484 0.007291666666666667 0.03425925925925926
1 0.22734375 0.22268518518518518 0.0067708333333333336 0.03425925925925926
1 0.44869791666666664 0.31805555555555554 0.005729166666666666 0.030555555555555555
1 0.44453125 0.24583333333333332 0.005729166666666666 0.037037037037037035
2 0.5372395833333333 0.21203703703703702 0.00625 0.032407407407407406
1 0.5322916666666667 0.31203703703703706 0.00625 0.03888888888888889
1 0.39453645833333334 0.3292777777777778 0.008338541666666668 0.04003703703703704
1 0.5013020833333334 0.2074074074074074 0.0067708333333333336 0.03518518518518519
1 0.48880208333333336 0.22453703703703703 0.00625 0.03333333333333333
1 0.5505208333333333 0.32731481481481484 0.0067708333333333336 0.012037037037037037
0 0.59375 0.2574074074074074 0.004166666666666667 0.010185185185185186
1 0.6927083333333334 0.20185185185185187 0.00625 0.037037037037037035
1 0.5986979166666667 0.3236111111111111 0.008333333333333333 0.019444444444444445
1 0.5927083333333333 0.3226851851851852 0.009895833333333333 0.021296296296296296
1 0.14947916666666666 0.5189814814814815 0.011979166666666667 0.04814814814814815
1 0.12005208333333334 0.42268518518518516 0.0125 0.040740740740740744
1 0.5825520833333333 0.2625 0.007291666666666667 0.03333333333333333
1 0.5947916666666667 0.425462962962963 0.007291666666666667 0.03981481481481482
1 0.5192708333333333 0.3439814814814815 0.008333333333333333 0.03611111111111111
1 0.5505208333333333 0.34120370370370373 0.0078125 0.03796296296296296
1 0.6036458333333333 0.3578703703703704 0.007291666666666667 0.03611111111111111
1 0.48854166666666665 0.26342592592592595 0.00625 0.03611111111111111
1 0.5986979166666667 0.33287037037037037 0.0067708333333333336 0.03611111111111111
1 0.6317708333333333 0.38657407407407407 0.009375 0.03981481481481482
1 0.6619791666666667 0.3819444444444444 0.0078125 0.03796296296296296
1 0.59140625 0.33194444444444443 0.008333333333333333 0.040740740740740744
2 0.8463541666666666 0.36527777777777776 0.008333333333333333 0.03611111111111111