1 0.1984375 0.23657407407407408 0.007291666666666667 0.03148148148148148
1 0.21979166666666666 0.20787037037037037 0.0067708333333333336 0.03148148148148148
2 0.09947916666666666 0.16944444444444445 0.0078125 0.030555555555555555
2 0.5216145833333333 0.20185185185185187 0.005729166666666666 0.02962962962962963
1 0.5171875 0.24074074074074073 0.0067708333333333336 0.03518518518518519
1 0.6385416666666667 0.2152777777777778 0.0067708333333333336 0.032407407407407406
1 0.5888020833333333 0.3125 0.007291666666666667 0.041666666666666664
1 0.6513020833333333 0.2574074074074074 0.0078125 0.03611111111111111
1 0.6893229166666667 0.30972222222222223 0.00625 0.030555555555555555
1 0.6473958333333333 0.18888888888888888 0.0067708333333333336 0.030555555555555555
1 0.61953125 0.2759259259259259 0.0067708333333333336 0.032407407407407406
1 0.61484375 0.23842592592592593 0.00625 0.03148148148148148
1 0.61796875 0.2050925925925926 0.0067708333333333336 0.030555555555555555
1 0.6799479166666667 0.23148148148148148 0.013541666666666667 0.017592592592592594
1 0.19244791666666666 0.49583333333333335 0.015104166666666667 0.04722222222222222
1 0.12786458333333334 0.4222222222222222 0.016145833333333335 0.040740740740740744
1 0.5427083333333333 0.42592592592592593 0.010416666666666666 0.037037037037037035
1 0.4627604166666667 0.2912037037037037 0.007291666666666667 0.03518518518518519
1 0.4940104166666667 0.3699074074074074 0.008333333333333333 0.03796296296296296
1 0.6088541666666667 0.39814814814814814 0.009375 0.03888888888888889
1 0.39140625 0.3143518518518518 0.009895833333333333 0.03796296296296296
1 0.5171875 0.2490740740740741 0.00625 0.016666666666666666
1 0.6361979166666667 0.36435185185185187 0.0078125 0.03981481481481482
1 0.62734375 0.2851851851851852 0.007291666666666667 0.03333333333333333
2 0.8486979166666667 0.38796296296296295 0.008333333333333333 0.03425925925925926
0 0.6804791666666666 0.20032407407407407 0.002932291666666667 0.005861111111111111