1 0.18072916666666666 0.2875 0.007291666666666667 0.03611111111111111
1 0.22552083333333334 0.24027777777777778 0.00625 0.03333333333333333
2 0.5497395833333333 0.23333333333333334 0.00625 0.03148148148148148
1 0.4471354166666667 0.2537037037037037 0.007291666666666667 0.03611111111111111
1 0.53203125 0.31712962962962965 0.00625 0.032407407407407406
1 0.48802083333333335 0.2722222222222222 0.00625 0.03425925925925926
1 0.49114583333333334 0.23333333333333334 0.005729166666666666 0.032407407407407406
1 0.5013020833333334 0.21481481481481482 0.007291666666666667 0.03333333333333333
1 0.39427083333333335 0.32592592592592595 0.0078125 0.014814814814814815
1 0.5885416666666666 0.2574074074074074 0.007291666666666667 0.03425925925925926
1 0.68828125 0.2175925925925926 0.007291666666666667 0.02962962962962963
1 0.6140625 0.32546296296296295 0.00625 0.01574074074074074
1 0.5893229166666667 0.32685185185185184 0.008854166666666666 0.012962962962962963
1 0.13958333333333334 0.5328703703703703 0.015625 0.04814814814814815
1 0.0890625 0.4398148148148148 0.0109375 0.04259259259259259
1 0.22630208333333332 0.24814814814814815 0.007291666666666667 0.014814814814814815
1 0.5927083333333333 0.4537037037037037 0.007291666666666667 0.044444444444444446
1 0.3958333333333333 0.33796296296296297 0.0078125 0.03888888888888889
1 0.44921875 0.32916666666666666 0.005729166666666666 0.03425925925925926
1 0.51953125 0.3523148148148148 0.008333333333333333 0.03611111111111111
1 0.5526041666666667 0.3472222222222222 0.0067708333333333336 0.03796296296296296
1 0.49140625 0.2518518518518518 0.0067708333333333336 0.022222222222222223
1 0.6138020833333333 0.3365740740740741 0.008854166666666666 0.03796296296296296
1 0.63125 0.39490740740740743 0.009375 0.03888888888888889
1 0.6825520833333333 0.38055555555555554 0.0078125 0.037037037037037035
1 0.6018229166666667 0.36435185185185187 0.007291666666666667 0.03796296296296296
1 0.5890625 0.3402777777777778 0.0078125 0.03796296296296296
0 0.5934895833333333 0.2652777777777778 0.0036458333333333334 0.008333333333333333
2 0.8450520833333334 0.37407407407407406 0.008333333333333333 0.03611111111111111