1 0.19817708333333334 0.2351851851851852 0.00625 0.03425925925925926
1 0.22135416666666666 0.20416666666666666 0.00625 0.032407407407407406
2 0.09869791666666666 0.16666666666666666 0.0078125 0.03148148148148148
1 0.4434895833333333 0.3162037037037037 0.0067708333333333336 0.03425925925925926
1 0.39609375 0.32037037037037036 0.008333333333333333 0.025925925925925925
1 0.4921875 0.2587962962962963 0.00625 0.037037037037037035
1 0.5486979166666667 0.2986111111111111 0.0078125 0.037037037037037035
2 0.5260416666666666 0.19722222222222222 0.0067708333333333336 0.030555555555555555
1 0.5067708333333333 0.2324074074074074 0.0078125 0.030555555555555555
1 0.5122395833333333 0.2152777777777778 0.0067708333333333336 0.026851851851851852
1 0.6026041666666667 0.2462962962962963 0.007291666666666667 0.03148148148148148
1 0.5958333333333333 0.31805555555555554 0.009895833333333333 0.030555555555555555
1 0.19010416666666666 0.4935185185185185 0.0125 0.049074074074074076
1 0.1328125 0.4199074074074074 0.013020833333333334 0.037037037037037035
1 0.5075520833333333 0.3648148148148148 0.008333333333333333 0.037037037037037035
1 0.5981770833333333 0.40694444444444444 0.008854166666666666 0.03796296296296296
1 0.6088541666666667 0.39444444444444443 0.008854166666666666 0.03888888888888889
1 0.5973958333333333 0.33796296296296297 0.008333333333333333 0.03333333333333333
1 0.6338541666666667 0.3837962962962963 0.0078125 0.041666666666666664
1 0.5697916666666667 0.3287037037037037 0.0078125 0.03796296296296296
1 0.6091145833333333 0.350462962962963 0.008333333333333333 0.037037037037037035
2 0.8479166666666667 0.36342592592592593 0.0078125 0.037037037037037035
1 0.8481770833333333 0.36435185185185187 0.008333333333333333 0.03518518518518519
1 0.6917500000000001 0.21512037037037038 0.012130208333333333 0.017046296296296296
0 0.6880833333333333 0.21307407407407408 0.0031041666666666665 0.006518518518518519