1 0.22578125 0.23796296296296296 0.00625 0.03333333333333333
2 0.5458333333333333 0.23055555555555557 0.005729166666666666 0.030555555555555555
1 0.44557291666666665 0.25277777777777777 0.00625 0.03611111111111111
1 0.53203125 0.31712962962962965 0.00625 0.032407407407407406
1 0.5872395833333334 0.25925925925925924 0.0067708333333333336 0.03333333333333333
1 0.490625 0.2324074074074074 0.00625 0.03148148148148148
1 0.5015625 0.21481481481481482 0.0067708333333333336 0.03333333333333333
1 0.39401041666666664 0.32546296296296295 0.0078125 0.01574074074074074
1 0.6104166666666667 0.32546296296296295 0.00625 0.01574074074074074
1 0.6903645833333333 0.21666666666666667 0.00625 0.03148148148148148
1 0.590625 0.32685185185185184 0.008333333333333333 0.012962962962962963
1 0.13932291666666666 0.5328703703703703 0.015104166666666667 0.04814814814814815
1 0.09661458333333334 0.4388888888888889 0.0140625 0.041666666666666664
1 0.18177083333333333 0.28425925925925927 0.0078125 0.03333333333333333
1 0.3958333333333333 0.3375 0.0078125 0.03888888888888889
1 0.44895833333333335 0.32916666666666666 0.005729166666666666 0.03425925925925926
1 0.5921875 0.4486111111111111 0.007291666666666667 0.041666666666666664
1 0.5192708333333333 0.3523148148148148 0.008333333333333333 0.03611111111111111
1 0.5526041666666667 0.34814814814814815 0.0067708333333333336 0.03888888888888889
1 0.48854166666666665 0.27175925925925926 0.00625 0.03518518518518519
1 0.49114583333333334 0.24675925925925926 0.0067708333333333336 0.012037037037037037
1 0.67734375 0.3824074074074074 0.008854166666666666 0.03518518518518519
1 0.63125 0.39490740740740743 0.009375 0.03888888888888889
1 0.58984375 0.3398148148148148 0.0078125 0.03888888888888889
1 0.6026041666666667 0.36527777777777776 0.007291666666666667 0.037037037037037035
1 0.6096354166666667 0.33611111111111114 0.00625 0.037037037037037035
0 0.5934895833333333 0.26435185185185184 0.0036458333333333334 0.007407407407407408
2 0.8447916666666667 0.3736111111111111 0.008333333333333333 0.03611111111111111
2 0.061286458333333335 0.1870277777777778 0.007984375 0.030055555555555558