1 0.22864583333333333 0.21666666666666667 0.00625 0.032407407407407406
1 0.44947916666666665 0.31851851851851853 0.005729166666666666 0.02962962962962963
1 0.5817708333333333 0.2638888888888889 0.00625 0.03425925925925926
2 0.534375 0.20833333333333334 0.00625 0.03148148148148148
1 0.4440104166666667 0.24722222222222223 0.005729166666666666 0.03611111111111111
1 0.5328125 0.3125 0.00625 0.03796296296296296
1 0.39526041666666667 0.32881481481481484 0.00875 0.039101851851851846
1 0.48932291666666666 0.26435185185185184 0.00625 0.03518518518518519
1 0.50078125 0.20694444444444443 0.0067708333333333336 0.03425925925925926
1 0.4895833333333333 0.22407407407407406 0.0067708333333333336 0.03333333333333333
1 0.5510416666666667 0.3277777777777778 0.0067708333333333336 0.011111111111111112
0 0.59453125 0.2574074074074074 0.0046875 0.010185185185185186
1 0.6924479166666667 0.2074074074074074 0.00625 0.03425925925925926
1 0.13125 0.42268518518518516 0.011979166666666667 0.03888888888888889
1 0.16302083333333334 0.5175925925925926 0.011979166666666667 0.05092592592592592
1 0.18958333333333333 0.25787037037037036 0.0078125 0.02962962962962963
1 0.51875 0.3458333333333333 0.0067708333333333336 0.03611111111111111
1 0.5510416666666667 0.3425925925925926 0.0067708333333333336 0.03888888888888889
1 0.6494791666666667 0.38935185185185184 0.008333333333333333 0.037037037037037035
1 0.5979166666666667 0.41759259259259257 0.007291666666666667 0.04259259259259259
1 0.6322916666666667 0.387037037037037 0.008854166666666666 0.03981481481481482
1 0.6046875 0.3574074074074074 0.0078125 0.03611111111111111
1 0.59609375 0.33935185185185185 0.007291666666666667 0.03425925925925926
1 0.5908854166666667 0.3347222222222222 0.00625 0.037037037037037035
2 0.8471354166666667 0.36574074074074076 0.008854166666666666 0.03611111111111111
1 0.8934895833333333 0.6717592592592593 0.011458333333333333 0.04351851851851852
0 0.59296875 0.924074074074074 0.0067708333333333336 0.012962962962962963