1 0.18255208333333334 0.2791666666666667 0.007291666666666667 0.03425925925925926
1 0.22630208333333332 0.23425925925925925 0.0067708333333333336 0.03333333333333333
1 0.4453125 0.2518518518518518 0.0067708333333333336 0.03611111111111111
2 0.5432291666666667 0.225 0.00625 0.03148148148148148
1 0.5322916666666667 0.31666666666666665 0.00625 0.03333333333333333
1 0.4901041666666667 0.2310185185185185 0.007291666666666667 0.03333333333333333
1 0.5015625 0.21342592592592594 0.0067708333333333336 0.03333333333333333
1 0.39427083333333335 0.325 0.0078125 0.016666666666666666
1 0.5861979166666667 0.26157407407407407 0.00625 0.03333333333333333
1 0.6059895833333333 0.32546296296296295 0.007291666666666667 0.01574074074074074
1 0.59140625 0.32546296296296295 0.0078125 0.01574074074074074
1 0.6921875 0.21435185185185185 0.00625 0.03148148148148148
1 0.14088541666666668 0.5310185185185186 0.013020833333333334 0.04814814814814815
1 0.10208333333333333 0.43472222222222223 0.0109375 0.044444444444444446
1 0.39557291666666666 0.3365740740740741 0.0078125 0.03888888888888889
1 0.5192708333333333 0.3509259259259259 0.008854166666666666 0.037037037037037035
1 0.44895833333333335 0.3277777777777778 0.005729166666666666 0.03518518518518519
1 0.553125 0.3472222222222222 0.0067708333333333336 0.03888888888888889
1 0.48880208333333336 0.26990740740740743 0.00625 0.03611111111111111
1 0.6315104166666666 0.39351851851851855 0.009375 0.03981481481481482
1 0.6734375 0.3819444444444444 0.0067708333333333336 0.037037037037037035
1 0.5927083333333333 0.44537037037037036 0.0078125 0.04351851851851852
1 0.6028645833333334 0.36435185185185187 0.007291666666666667 0.03611111111111111
1 0.6065104166666667 0.3351851851851852 0.0067708333333333336 0.03518518518518519
1 0.590625 0.33796296296296297 0.008333333333333333 0.040740740740740744
0 0.5934895833333333 0.26342592592592595 0.004166666666666667 0.008333333333333333
2 0.8450520833333334 0.37222222222222223 0.008333333333333333 0.037037037037037035
2 0.064453125 0.1852962962962963 0.010552083333333333 0.028009259259259258