1 0.19791666666666666 0.2351851851851852 0.00625 0.03425925925925926
1 0.21979166666666666 0.20462962962962963 0.00625 0.03148148148148148
2 0.09869791666666666 0.16666666666666666 0.0078125 0.03148148148148148
1 0.50078125 0.25555555555555554 0.00625 0.037037037037037035
2 0.5247395833333334 0.1962962962962963 0.0067708333333333336 0.03148148148148148
1 0.55625 0.2101851851851852 0.009375 0.037037037037037035
1 0.5598958333333334 0.21712962962962962 0.008333333333333333 0.03425925925925926
1 0.6067708333333334 0.25277777777777777 0.0078125 0.02962962962962963
1 0.5713541666666667 0.22083333333333333 0.0067708333333333336 0.032407407407407406
1 0.5859375 0.3101851851851852 0.0078125 0.032407407407407406
1 0.61328125 0.30324074074074076 0.0078125 0.03518518518518519
1 0.5859375 0.2773148148148148 0.010416666666666666 0.03518518518518519
1 0.6947916666666667 0.23287037037037037 0.009375 0.021296296296296296
1 0.5640625 0.21805555555555556 0.003125 0.03148148148148148
1 0.19088541666666667 0.4935185185185185 0.011979166666666667 0.049074074074074076
1 0.1328125 0.41944444444444445 0.013541666666666667 0.037037037037037035
1 0.5044270833333333 0.3675925925925926 0.007291666666666667 0.03796296296296296
1 0.58359375 0.4101851851851852 0.008854166666666666 0.03796296296296296
1 0.44453125 0.31527777777777777 0.00625 0.03611111111111111
1 0.6088541666666667 0.39490740740740743 0.008854166666666666 0.03888888888888889
1 0.39869791666666665 0.32592592592592595 0.008854166666666666 0.03796296296296296
1 0.5973958333333333 0.33194444444444443 0.008854166666666666 0.03888888888888889
1 0.6372395833333333 0.37962962962962965 0.009375 0.040740740740740744
2 0.8484375 0.36574074074074076 0.008333333333333333 0.03518518518518519
1 0.6223958333333334 0.3421296296296296 0.009375 0.03796296296296296
0 0.6296875 0.24537037037037038 0.0046875 0.008333333333333333