1 0.73203125 0.4328125 0.01875 0.0421875
1 0.553125 0.29375 0.0140625 0.0359375
1 0.09296875 0.26640625 0.0171875 0.0359375
1 0.446875 0.29765625 0.0140625 0.0375
1 0.8046875 0.396875 0.01875 0.040625
1 0.20390625 0.1765625 0.0125 0.0296875
1 0.396875 0.18359375 0.0109375 0.028125
1 0.7859375 0.26640625 0.0140625 0.0375
2 0.39921875 0.28125 0.0109375 0.0328125
1 0.16640625 0.4515625 0.01875 0.040625
2 0.68828125 0.090625 0.0109375 0.025
1 0.34140625 0.51015625 0.0328125 0.0359375
1 0.7625 0.234375 0.0171875 0.040625
1 0.63359375 0.14453125 0.0140625 0.0328125
1 0.503125 0.17265625 0.015625 0.034375
1 0.32109375 0.175 0.0125 0.0265625
1 0.38203125 0.14375 0.0078125 0.0265625
1 0.31328125 0.1515625 0.015625 0.0328125
1 0.41953125 0.1265625 0.0078125 0.025
1 0.42890625 0.11875 0.0078125 0.028125
1 0.4078125 0.11875 0.0078125 0.0234375
1 0.41015625 0.13359375 0.009375 0.0234375
0 0.4703125 0.11796875 0.0046875 0.0078125