1 0.11328125 0.32578125 0.01875 0.03125
1 0.18125 0.44140625 0.0171875 0.04375
1 0.42109375 0.34921875 0.0171875 0.0390625
1 0.746875 0.3484375 0.0125 0.0375
1 0.090625 0.4515625 0.01875 0.040625
1 0.44375 0.34453125 0.0171875 0.0390625
1 0.91171875 0.30625 0.0125 0.0328125
1 0.39609375 0.21953125 0.0140625 0.03125
1 0.3140625 0.25546875 0.015625 0.03125
1 0.75546875 0.275 0.0140625 0.03125
1 0.07265625 0.33828125 0.021875 0.0359375
1 0.73359375 0.259375 0.0125 0.0328125
1 0.51171875 0.4953125 0.021875 0.046875
1 0.271875 0.228125 0.015625 0.0328125
1 0.7734375 0.2 0.0125 0.0265625
2 0.38203125 0.31171875 0.015625 0.034375
1 0.66171875 0.20703125 0.0125 0.03125
1 0.56171875 0.24921875 0.0125 0.034375
1 0.81640625 0.25078125 0.0109375 0.0265625
1 0.8796875 0.23984375 0.0109375 0.034375
1 0.94140625 0.28359375 0.0109375 0.0375