1 0.20625 0.7390625 0.0328125 0.053125
1 0.2015625 0.26328125 0.0171875 0.03125
1 0.53515625 0.13671875 0.0125 0.0265625
1 0.1984375 0.303125 0.0171875 0.0375
1 0.73046875 0.17890625 0.0109375 0.0265625
1 0.5390625 0.40546875 0.01875 0.0359375
1 0.56875 0.25625 0.0140625 0.0359375
1 0.1765625 0.18515625 0.0171875 0.028125
1 0.15859375 0.14921875 0.0125 0.025
1 0.80703125 0.45859375 0.0203125 0.0375
2 0.246875 0.27109375 0.0140625 0.0328125
1 0.1171875 0.23125 0.0171875 0.03125
1 0.22578125 0.1484375 0.0140625 0.025
1 0.40703125 0.23515625 0.01875 0.0296875
1 0.41640625 0.2140625 0.021875 0.0359375
1 0.634375 0.22421875 0.015625 0.0328125
1 0.634375 0.16484375 0.015625 0.0328125
1 0.30390625 0.1 0.015625 0.025
1 0.2296875 0.16953125 0.0125 0.0265625