1 0.978125 0.64453125 0.028125 0.06875
1 0.9046875 0.425 0.025 0.0578125
1 0.34140625 0.86015625 0.025 0.075
2 0.97578125 0.48203125 0.0203125 0.0640625
1 0.7375 0.9453125 0.0296875 0.084375
1 0.88828125 0.2953125 0.021875 0.05
1 0.48671875 0.390625 0.0234375 0.059375
1 0.58125 0.41171875 0.0203125 0.0609375
1 0.3296875 0.43671875 0.034375 0.0625
1 0.93828125 0.27890625 0.01875 0.046875
1 0.696875 0.37265625 0.01875 0.05625
1 0.6234375 0.3234375 0.0234375 0.053125
0 0.89453125 0.2453125 0.0125 0.0125
1 0.9953125 0.27109375 0.009375 0.046875