1 0.240625 0.43203125 0.025 0.0453125
1 0.846875 0.21953125 0.0140625 0.0375
1 0.1109375 0.446875 0.0203125 0.040625
1 0.3109375 0.28828125 0.01875 0.040625
1 0.13125 0.2109375 0.0171875 0.0375
1 0.64296875 0.29296875 0.0171875 0.0421875
1 0.8640625 0.446875 0.0203125 0.05625
1 0.92421875 0.35234375 0.0171875 0.04375
1 0.428125 0.37890625 0.01875 0.0453125
2 0.46640625 0.27421875 0.0171875 0.0390625
1 0.4859375 0.38203125 0.0171875 0.0453125
1 0.81328125 0.63046875 0.025 0.05
1 0.321875 0.55078125 0.0296875 0.053125
1 0.34921875 0.16796875 0.0171875 0.0328125
1 0.63671875 0.40078125 0.01875 0.04375
1 0.40703125 0.14296875 0.0171875 0.034375
1 0.79140625 0.45625 0.0171875 0.046875
1 0.05234375 0.32578125 0.021875 0.0328125
1 0.98671875 0.35078125 0.0203125 0.0453125
1 0.34375 0.53359375 0.0234375 0.053125
1 0.58828125 0.54921875 0.025 0.05
1 0.403125 0.03046875 0.015625 0.0296875