1 0.2515625 0.5203125 0.0609375 0.1203125
1 0.59453125 0.390625 0.0328125 0.090625
1 0.825 0.66484375 0.05625 0.1296875
1 0.80703125 0.4859375 0.04375 0.10625
1 0.728125 0.56875 0.05625 0.1265625
1 0.396875 0.63125 0.0453125 0.1203125
1 0.703125 0.384375 0.046875 0.09375
1 0.065625 0.3171875 0.03125 0.08125
1 0.40078125 0.3609375 0.0296875 0.0921875
2 0.015625 0.390625 0.03125 0.1
1 0.28515625 0.24140625 0.0265625 0.075
1 0.89140625 0.64296875 0.0609375 0.10625
1 0.48046875 0.3328125 0.03125 0.090625
1 0.48671875 0.3 0.0296875 0.078125
0 0.81796875 0.7015625 0.025 0.0234375