1 0.290625 0.45546875 0.0203125 0.0484375
1 0.5515625 0.584375 0.0234375 0.046875
1 0.53359375 0.246875 0.0171875 0.03125
1 0.21328125 0.33046875 0.0140625 0.0421875
1 0.89375 0.5046875 0.01875 0.046875
1 0.11328125 0.34453125 0.0140625 0.040625
1 0.24921875 0.30625 0.0140625 0.0375
1 0.840625 0.30625 0.015625 0.034375
1 0.575 0.2109375 0.0140625 0.03125
1 0.58359375 0.6140625 0.01875 0.0515625
1 0.79140625 0.24921875 0.0125 0.0328125
1 0.30390625 0.21328125 0.0140625 0.0328125
1 0.9359375 0.271875 0.0109375 0.0359375
1 0.91953125 0.28125 0.0109375 0.0328125
2 0.58203125 0.38515625 0.0140625 0.0375
0 0.7671875 0.2546875 0.0140625 0.0375
0 0.9234375 0.2265625 0.0140625 0.03125
1 0.9296875 0.25546875 0.0125 0.021875
1 0.546875 0.38203125 0.015625 0.046875
1 0.59375 0.0765625 0.009375 0.0265625
0 0.5765625 0.14296875 0.009375 0.0078125