1 0.846875 0.25 0.01875 0.0359375
1 0.44453125 0.38984375 0.015625 0.0390625
1 0.89296875 0.46328125 0.01875 0.0421875
1 0.5359375 0.24453125 0.0109375 0.0328125
1 0.3140625 0.3609375 0.0171875 0.0390625
1 0.78671875 0.20390625 0.0140625 0.0328125
1 0.68671875 0.22578125 0.0125 0.0328125
1 0.74765625 0.17421875 0.0125 0.03125
1 0.6546875 0.1671875 0.0109375 0.028125
1 0.55078125 0.19375 0.0125 0.0328125
1 0.61015625 0.1671875 0.0109375 0.0296875
2 0.4765625 0.27109375 0.0125 0.0359375
1 0.63671875 0.471875 0.01875 0.0421875
1 0.70546875 0.1796875 0.0125 0.03125
1 0.36796875 0.2453125 0.0109375 0.03125
1 0.3921875 0.2328125 0.0140625 0.0375
1 0.40546875 0.14921875 0.0109375 0.0296875
1 0.415625 0.16171875 0.0078125 0.0296875
2 0.3625 0.1078125 0.009375 0.0265625
1 0.54765625 0.146875 0.0109375 0.0296875
1 0.59609375 0.22578125 0.0109375 0.028125
1 0.65703125 0.1390625 0.015625 0.0234375