2 0.962500 0.298438 0.017188 0.051562
1 0.838281 0.346875 0.020312 0.056250
1 0.768750 0.458594 0.018750 0.026563
1 0.528906 0.275000 0.018750 0.053125
1 0.828125 0.460938 0.025000 0.021875
1 0.823438 0.666406 0.021875 0.070312
1 0.942188 0.496875 0.020312 0.065625
1 0.567969 0.554688 0.026563 0.059375
1 0.706250 0.575781 0.028125 0.065625
1 0.830469 0.482812 0.023438 0.065625
1 0.792188 0.525781 0.021875 0.062500
1 0.771094 0.476562 0.018750 0.062500
0 0.819531 0.355469 0.010938 0.012500
2 0.065625 0.539844 0.025000 0.060938
