1 0.56875 0.4734375 0.0140625 0.0390625
1 0.78125 0.4484375 0.0140625 0.0375
1 0.31015625 0.234375 0.015625 0.03125
1 0.78125 0.34140625 0.0125 0.0359375
1 0.346875 0.16171875 0.0125 0.028125
1 0.4859375 0.21796875 0.0125 0.034375
1 0.21953125 0.209375 0.0140625 0.0265625
1 0.49140625 0.321875 0.0171875 0.0359375
1 0.1390625 0.3640625 0.0171875 0.040625
1 0.24921875 0.30703125 0.0140625 0.0359375
1 0.86796875 0.23359375 0.0125 0.03125
1 0.4484375 0.228125 0.0125 0.0296875
2 0.4625 0.26484375 0.0125 0.0359375
1 0.703125 0.26015625 0.0109375 0.0359375
1 0.31171875 0.11640625 0.0109375 0.021875
1 0.228125 0.25390625 0.01875 0.03125
1 0.6328125 0.415625 0.0234375 0.040625
1 0.54921875 0.2890625 0.0125 0.0296875
1 0.715625 0.26171875 0.0171875 0.0359375
1 0.1484375 0.21796875 0.028125 0.0265625
1 0.325 0.16328125 0.0078125 0.0296875
0 0.21484375 0.2625 0.009375 0.0078125