1 0.26796875 0.25 0.0171875 0.0359375
1 0.53125 0.1796875 0.0140625 0.03125
1 0.00703125 0.24921875 0.0140625 0.0328125
1 0.434375 0.15546875 0.015625 0.028125
1 0.7890625 0.27109375 0.015625 0.0375
1 0.03125 0.52578125 0.028125 0.046875
1 0.546875 0.40234375 0.021875 0.034375
1 0.58125 0.075 0.0125 0.0203125
1 0.1875 0.72734375 0.0265625 0.053125
1 0.3828125 0.1515625 0.015625 0.0265625
1 0.23359375 0.25859375 0.0203125 0.0328125
2 0.28046875 0.2953125 0.0171875 0.034375
1 0.2234375 0.11875 0.0203125 0.0296875
1 0.30546875 0.0984375 0.0109375 0.0234375
1 0.55625 0.06796875 0.01875 0.01875
0 0.43515625 0.09140625 0.009375 0.0078125
1 0.609375 0.1859375 0.0109375 0.0296875
1 0.59296875 0.1234375 0.0140625 0.025
1 0.59140625 0.10625 0.0109375 0.0171875
1 0.721875 0.20703125 0.01875 0.03125
1 0.896875 0.18515625 0.009375 0.0359375
1 0.8953125 0.56015625 0.0296875 0.05