1 0.13125 0.2921875 0.0171875 0.0375
1 0.2484375 0.40703125 0.025 0.04375
1 0.83046875 0.41875 0.0140625 0.0421875
1 0.2984375 0.24609375 0.0140625 0.0328125
1 0.49296875 0.55390625 0.0171875 0.0484375
1 0.440625 0.32109375 0.015625 0.0375
1 0.59453125 0.49453125 0.015625 0.0453125
1 0.840625 0.290625 0.0140625 0.0375
1 0.64609375 0.3 0.0140625 0.040625
1 0.89296875 0.33828125 0.015625 0.0328125
1 0.73671875 0.265625 0.0125 0.0328125
2 0.6046875 0.37265625 0.0140625 0.0375
1 0.57578125 0.19921875 0.0171875 0.028125
2 0.56484375 0.08359375 0.0140625 0.0296875
1 0.60546875 0.25 0.015625 0.034375
1 0.3609375 0.26796875 0.0140625 0.034375
1 0.340625 0.26484375 0.0140625 0.0328125
1 0.759375 0.2734375 0.0125 0.034375
1 0.73046875 0.24375 0.0125 0.034375
1 0.90546875 0.23203125 0.0125 0.034375
1 0.50078125 0.1796875 0.0125 0.0296875
1 0.31953125 0.24453125 0.0125 0.0265625
0 0.31328125 0.228125 0.009375 0.009375