1 0.6265625 0.69296875 0.0234375 0.059375
1 0.61875 0.52421875 0.015625 0.0484375
1 0.04453125 0.51796875 0.021875 0.0515625
1 0.36015625 0.44609375 0.021875 0.046875
1 0.88125 0.46015625 0.0171875 0.0421875
1 0.315625 0.29375 0.0140625 0.0375
1 0.24296875 0.21796875 0.015625 0.034375
1 0.42421875 0.1921875 0.0125 0.034375
1 0.759375 0.2078125 0.0140625 0.0328125
1 0.10859375 0.6390625 0.0265625 0.05625
1 0.09765625 0.34609375 0.01875 0.0421875
1 0.33359375 0.29453125 0.0125 0.0375
1 0.0671875 0.50078125 0.01875 0.0421875
1 0.2296875 0.28046875 0.015625 0.0375
1 0.12109375 0.36484375 0.01875 0.0421875
1 0.321875 0.44609375 0.01875 0.0390625
1 0.68125 0.37578125 0.0171875 0.0421875
2 0.27734375 0.3671875 0.0125 0.034375
1 0.2796875 0.1703125 0.015625 0.03125
2 0.27421875 0.09921875 0.0109375 0.025
1 0.48203125 0.1109375 0.0109375 0.0234375
0 0.790625 0.29140625 0.0109375 0.009375