1 0.24921875 0.5 0.025 0.053125
1 0.390625 0.29296875 0.01875 0.0390625
1 0.11171875 0.2953125 0.01875 0.0390625
1 0.9640625 0.65625 0.0203125 0.0515625
1 0.71171875 0.1203125 0.0109375 0.0328125
2 0.41953125 0.225 0.0125 0.0328125
1 0.13125 0.13046875 0.0109375 0.0296875
1 0.03359375 0.17421875 0.0140625 0.034375
1 0.82578125 0.18671875 0.0125 0.040625
1 0.9578125 0.80078125 0.0359375 0.05625
1 0.3609375 0.1234375 0.0125 0.0328125
2 0.334375 0.01796875 0.0109375 0.0234375
1 0.51328125 0.21875 0.0140625 0.0359375
1 0.528125 0.21953125 0.0140625 0.0359375
1 0.36328125 0.290625 0.01875 0.040625
1 0.5296875 0.04921875 0.0109375 0.0265625
0 0.06953125 0.17734375 0.00625 0.0078125
1 0.85390625 0.215625 0.0109375 0.04375