1 0.63984375 0.3828125 0.0265625 0.0359375
1 0.80390625 0.38203125 0.021875 0.0328125
1 0.99296875 0.50546875 0.0140625 0.0421875
1 0.065625 0.34375 0.0140625 0.0375
1 0.775 0.23359375 0.0171875 0.03125
1 0.93828125 0.6 0.03125 0.0453125
1 0.4875 0.278125 0.0140625 0.03125
1 0.68671875 0.1921875 0.0140625 0.0265625
1 0.36015625 0.29921875 0.0171875 0.0390625
1 0.284375 0.44921875 0.01875 0.040625
1 0.26640625 0.290625 0.0171875 0.0359375
1 0.24765625 0.5546875 0.01875 0.0421875
1 0.525 0.3890625 0.0234375 0.0375
1 0.7015625 0.32734375 0.021875 0.034375
1 0.23828125 0.52421875 0.0265625 0.0359375
1 0.725 0.40390625 0.0203125 0.040625
2 0.1109375 0.13125 0.0125 0.0234375
2 0.4109375 0.33125 0.0203125 0.040625
1 0.23515625 0.20859375 0.0125 0.0328125
1 0.5875 0.271875 0.0296875 0.034375
1 0.5875 0.28828125 0.025 0.0359375
0 0.7265625 0.42578125 0.0109375 0.0109375