1 0.534375 0.73125 0.0359375 0.071875
1 0.9453125 0.26015625 0.01875 0.04375
1 0.49140625 0.934375 0.03125 0.0796875
1 0.69140625 0.41640625 0.028125 0.0578125
1 0.95625 0.81953125 0.0265625 0.0734375
1 0.83828125 0.428125 0.025 0.0578125
1 0.73203125 0.28515625 0.0203125 0.0453125
1 0.83125 0.228125 0.0171875 0.0390625
1 0.8765625 0.26953125 0.0203125 0.04375
1 0.8375 0.20546875 0.01875 0.0359375
1 0.69921875 0.29140625 0.0203125 0.05
0 0.8265625 0.259375 0.009375 0.0140625
2 0.8171875 0.40234375 0.01875 0.059375