1 0.15859375 0.76640625 0.0390625 0.0515625
1 0.86640625 0.22734375 0.0203125 0.0296875
1 0.06953125 0.284375 0.01875 0.0359375
1 0.24921875 0.31171875 0.01875 0.0359375
1 0.52890625 0.25390625 0.01875 0.0328125
1 0.790625 0.31328125 0.0171875 0.0375
1 0.084375 0.44296875 0.028125 0.040625
1 0.690625 0.46796875 0.0375 0.046875
1 0.60390625 0.25703125 0.0140625 0.0328125
1 0.715625 0.7421875 0.04375 0.046875
2 0.41640625 0.3875 0.0234375 0.0375
1 0.94609375 0.45625 0.025 0.046875
1 0.21796875 0.21328125 0.01875 0.03125
2 0.34609375 0.0859375 0.0125 0.025
1 0.72265625 0.6828125 0.0421875 0.0734375
1 0.14140625 0.2734375 0.01875 0.0359375
1 0.21328125 0.2328125 0.0234375 0.03125
1 0.72265625 0.16875 0.009375 0.0296875