1 0.55703125 0.35078125 0.0140625 0.0390625
1 0.309375 0.31171875 0.0140625 0.0359375
1 0.15390625 0.2734375 0.0171875 0.0359375
1 0.33125 0.4015625 0.0171875 0.04375
1 0.93359375 0.25703125 0.0140625 0.0375
1 0.55703125 0.17421875 0.0125 0.03125
1 0.6859375 0.36171875 0.0140625 0.040625
1 0.4921875 0.3625 0.015625 0.0421875
1 0.10625 0.48203125 0.01875 0.04375
1 0.80234375 0.54453125 0.0171875 0.05
1 0.73359375 0.2859375 0.0125 0.0390625
1 0.7734375 0.4859375 0.0171875 0.04375
1 0.44296875 0.12734375 0.0125 0.028125
1 0.46875 0.23828125 0.0125 0.0328125
1 0.3375 0.22421875 0.0125 0.034375
2 0.57890625 0.31875 0.0140625 0.0390625
1 0.459375 0.3015625 0.0171875 0.0359375
1 0.76484375 0.3453125 0.0125 0.0390625
1 0.5625 0.28125 0.01875 0.0390625
1 0.58671875 0.26953125 0.0171875 0.03125
1 0.6796875 0.271875 0.0171875 0.0390625
2 0.01328125 0.15234375 0.0125 0.028125
0 0.45390625 0.246875 0.0078125 0.009375
1 0.4609375 0.23515625 0.009375 0.0296875