1 0.29375 0.43984375 0.01875 0.0484375
1 0.81875 0.340625 0.0171875 0.034375
1 0.225 0.24921875 0.0171875 0.0359375
1 0.15703125 0.90546875 0.0328125 0.046875
1 0.56796875 0.284375 0.0109375 0.0375
1 0.68515625 0.2015625 0.0125 0.03125
1 0.1375 0.28203125 0.0171875 0.0375
1 0.44140625 0.203125 0.0109375 0.03125
1 0.184375 0.6234375 0.0328125 0.0578125
1 0.07265625 0.3390625 0.015625 0.0375
1 0.51953125 0.12890625 0.0109375 0.025
1 0.05859375 0.36328125 0.01875 0.040625
2 0.2234375 0.115625 0.0109375 0.028125
1 0.35078125 0.30625 0.0125 0.040625
2 0.23828125 0.32578125 0.0171875 0.0375
1 0.190625 0.215625 0.0171875 0.034375
1 0.2359375 0.15 0.015625 0.0296875
1 0.63671875 0.42265625 0.021875 0.046875
1 0.81171875 0.49921875 0.028125 0.04375
1 0.365625 0.53203125 0.0171875 0.0421875