1 0.3796875 0.3109375 0.0140625 0.0390625
1 0.3765625 0.1828125 0.0140625 0.0328125
1 0.56875 0.1328125 0.0109375 0.03125
1 0.2578125 0.33671875 0.0140625 0.0375
1 0.12890625 0.446875 0.0234375 0.0390625
1 0.4375 0.4828125 0.021875 0.046875
1 0.8015625 0.25078125 0.0140625 0.028125
1 0.03203125 0.3015625 0.01875 0.0375
1 0.92890625 0.240625 0.0140625 0.0328125
1 0.11953125 0.35390625 0.01875 0.0421875
1 0.96640625 0.19609375 0.0125 0.0421875
1 0.103125 0.20078125 0.01875 0.0328125
1 0.20859375 0.17734375 0.0140625 0.028125
1 0.3265625 0.26875 0.0203125 0.0328125
1 0.628125 0.13984375 0.0125 0.0328125
2 0.103125 0.38359375 0.01875 0.0390625
1 0.0890625 0.36875 0.01875 0.0328125
1 0.23125 0.20546875 0.0125 0.03125
1 0.72734375 0.2140625 0.0109375 0.0296875
1 0.85234375 0.28203125 0.0125 0.0375