1 0.37890625 0.20078125 0.0109375 0.0328125
1 0.41875 0.415625 0.0140625 0.046875
1 0.24375 0.24921875 0.0140625 0.0375
1 0.24296875 0.2828125 0.0140625 0.034375
1 0.06015625 0.35546875 0.01875 0.040625
1 0.6390625 0.234375 0.0140625 0.0328125
1 0.5390625 0.30390625 0.0140625 0.0359375
1 0.15859375 0.396875 0.0203125 0.04375
1 0.196875 0.40546875 0.0140625 0.0359375
1 0.4328125 0.125 0.0109375 0.0234375
2 0.271875 0.30078125 0.0140625 0.0359375
1 0.1859375 0.421875 0.01875 0.0359375
1 0.471875 0.2734375 0.0140625 0.0359375
2 0.87265625 0.95546875 0.03125 0.0515625
1 0.721875 0.43359375 0.0140625 0.04375
1 0.05390625 0.29296875 0.0140625 0.0421875
1 0.1 0.215625 0.015625 0.0375
2 0.10234375 0.1171875 0.0171875 0.028125
1 0.14296875 0.153125 0.0140625 0.028125
0 0.578125 0.2734375 0.0125 0.0109375