1 0.6859375 0.5609375 0.0171875 0.0421875
1 0.1140625 0.6484375 0.0234375 0.0421875
1 0.88828125 0.33203125 0.0140625 0.0390625
1 0.95390625 0.47109375 0.01875 0.040625
1 0.24453125 0.41484375 0.0125 0.040625
1 0.19609375 0.37109375 0.015625 0.0390625
1 0.75703125 0.56875 0.0140625 0.046875
1 0.67578125 0.89453125 0.04375 0.053125
1 0.509375 0.39921875 0.0140625 0.0421875
1 0.61875 0.21875 0.0109375 0.034375
1 0.88515625 0.24296875 0.0125 0.034375
1 0.80546875 0.31171875 0.0140625 0.0375
1 0.83125 0.771875 0.0265625 0.046875
2 0.71171875 0.36953125 0.0140625 0.0390625
1 0.184375 0.6265625 0.0203125 0.0453125
1 0.903125 0.4421875 0.0203125 0.0390625
0 0.35390625 0.4796875 0.0203125 0.015625
1 0.146875 0.22265625 0.0140625 0.034375
1 0.496875 0.1484375 0.0125 0.0265625
1 0.896875 0.1609375 0.0171875 0.0328125