1 0.58359375 0.7 0.0296875 0.046875
1 0.97421875 0.19921875 0.0140625 0.0265625
1 0.07890625 0.525 0.0203125 0.053125
1 0.48125 0.5203125 0.03125 0.040625
1 0.2140625 0.2484375 0.0125 0.034375
1 0.5578125 0.22421875 0.0140625 0.0328125
1 0.26484375 0.17265625 0.0125 0.028125
1 0.43203125 0.20078125 0.0140625 0.0296875
1 0.709375 0.16640625 0.0140625 0.03125
1 0.01875 0.353125 0.015625 0.0390625
1 0.0609375 0.203125 0.015625 0.03125
1 0.10546875 0.31171875 0.0140625 0.034375
1 0.39453125 0.1796875 0.0140625 0.0265625
2 0.3546875 0.26171875 0.0140625 0.0328125
1 0.59453125 0.35078125 0.0140625 0.0390625
1 0.30390625 0.36484375 0.0171875 0.0375
2 0.04453125 0.1390625 0.0140625 0.0265625
1 0.0984375 0.728125 0.0234375 0.0515625
1 0.23359375 0.36640625 0.0171875 0.0359375
1 0.10078125 0.26875 0.021875 0.0390625
1 0.34296875 0.19609375 0.0140625 0.028125
1 0.55078125 0.11796875 0.0109375 0.021875