1 0.0859375 0.57421875 0.025 0.04375
1 0.61171875 0.17421875 0.015625 0.0296875
1 0.240625 0.209375 0.015625 0.03125
1 0.85390625 0.75234375 0.028125 0.0546875
1 0.46640625 0.1984375 0.0140625 0.0265625
1 0.46953125 0.08828125 0.0109375 0.0234375
1 0.6421875 0.17421875 0.0171875 0.0296875
1 0.4625 0.41796875 0.015625 0.0421875
1 0.90546875 0.1515625 0.0171875 0.0234375
1 0.334375 0.125 0.0125 0.021875
1 0.33359375 0.10703125 0.0125 0.021875
1 0.7921875 0.11640625 0.0109375 0.0234375
1 0.7734375 0.2890625 0.01875 0.0375
1 0.41484375 0.20234375 0.015625 0.0265625
1 0.10625 0.1921875 0.0140625 0.028125
1 0.19140625 0.28984375 0.0125 0.0421875
1 0.43984375 0.07421875 0.015625 0.028125
2 0.81015625 0.32421875 0.015625 0.034375