1 0.41796875 0.47109375 0.01875 0.0484375
1 0.17421875 0.51640625 0.021875 0.05
1 0.29140625 0.16171875 0.0140625 0.028125
1 0.65625 0.24140625 0.0140625 0.0328125
1 0.39296875 0.26796875 0.0125 0.0359375
1 0.56640625 0.15546875 0.0109375 0.028125
1 0.06953125 0.353125 0.0140625 0.0453125
1 0.78515625 0.446875 0.015625 0.0421875
1 0.46484375 0.12734375 0.0078125 0.028125
1 0.1484375 0.253125 0.0171875 0.0375
1 0.26171875 0.28828125 0.0125 0.0375
2 0.55859375 0.24921875 0.0125 0.0359375
1 0.3546875 0.10859375 0.009375 0.0234375
1 0.14375 0.16796875 0.0171875 0.0328125
1 0.234375 0.11015625 0.009375 0.0234375
1 0.37265625 0.12578125 0.0140625 0.025
1 0.634375 0.165625 0.015625 0.0296875
1 0.50078125 0.22421875 0.015625 0.0328125
1 0.4109375 0.16328125 0.0109375 0.0296875
1 0.3640625 0.15234375 0.0140625 0.0296875
2 0.18515625 0.103125 0.0125 0.03125