1 0.8640625 0.23984375 0.0125 0.0359375
1 0.91328125 0.478125 0.0203125 0.0421875
1 0.6890625 0.2234375 0.0125 0.034375
1 0.31328125 0.35703125 0.0140625 0.040625
1 0.7890625 0.20859375 0.0125 0.034375
1 0.53046875 0.15 0.0109375 0.0296875
1 0.47578125 0.3859375 0.0171875 0.0421875
1 0.6859375 0.1703125 0.0109375 0.0296875
1 0.3609375 0.24921875 0.015625 0.034375
2 0.4953125 0.275 0.0140625 0.034375
1 0.6375 0.178125 0.009375 0.0375
1 0.53828125 0.23125 0.0125 0.0328125
1 0.559375 0.190625 0.0109375 0.0359375
1 0.63671875 0.48125 0.01875 0.04375
2 0.3859375 0.1078125 0.0109375 0.028125
1 0.38984375 0.23359375 0.0140625 0.034375
1 0.40703125 0.1546875 0.009375 0.028125
1 0.4296875 0.14296875 0.0078125 0.03125
1 0.6296875 0.13828125 0.015625 0.021875
1 0.7234375 0.1765625 0.009375 0.0265625
1 0.640625 0.178125 0.015625 0.025
0 0.64765625 0.15 0.0109375 0.0109375
1 0.5953125 0.2265625 0.009375 0.028125