1 0.56015625 0.44296875 0.0203125 0.040625
1 0.44453125 0.234375 0.0125 0.0375
1 0.21875 0.24765625 0.015625 0.03125
1 0.49140625 0.51640625 0.021875 0.0390625
1 0.84609375 0.23671875 0.0125 0.034375
1 0.484375 0.30390625 0.015625 0.0359375
1 0.02578125 0.2265625 0.021875 0.03125
1 0.15703125 0.26171875 0.015625 0.0328125
1 0.1640625 0.33828125 0.0203125 0.0390625
1 0.40546875 0.253125 0.015625 0.0359375
1 0.31171875 0.1734375 0.0125 0.03125
2 0.44140625 0.26640625 0.0125 0.0328125
1 0.66328125 0.253125 0.0125 0.03125
1 0.1484375 0.2265625 0.01875 0.03125
1 0.65625 0.271875 0.0171875 0.0375
1 0.76640625 0.51640625 0.01875 0.05
1 0.76953125 0.38203125 0.015625 0.028125
1 0.409375 0.3359375 0.021875 0.0328125
1 0.05625 0.37890625 0.0140625 0.0453125
0 0.153125 0.27578125 0.0078125 0.0078125
1 0.3015625 0.17890625 0.0109375 0.03125
1 0.2671875 0.11875 0.0125 0.025
1 0.40859375 0.140625 0.0140625 0.0296875