1 0.00546875 0.8625 0.0109375 0.109375
1 0.76171875 0.59609375 0.0421875 0.0890625
1 0.5953125 0.52734375 0.025 0.0640625
1 0.0015625 0.4484375 0.003125 0.053125
1 0.84453125 0.59453125 0.0421875 0.0828125
1 0.68828125 0.68046875 0.0640625 0.0921875
1 0.253125 0.465625 0.021875 0.059375
1 0.025 0.58515625 0.03125 0.0734375
1 0.028125 0.7 0.05625 0.09375
1 0.09375 0.6625 0.0375 0.08125
1 0.6671875 0.62734375 0.034375 0.0859375
2 0.01015625 0.96953125 0.0203125 0.0609375
2 0.01015625 0.96953125 0.0203125 0.0609375
2 0.14140625 0.39296875 0.0265625 0.0546875
0 0.0609375 0.64140625 0.0171875 0.015625