1 0.8765625 0.50234375 0.0671875 0.0984375
2 0.9984440109375001 0.000737846875 0.00009114531249991842 0.00015624999999999998
1 0.56171875 0.44765625 0.040625 0.090625
1 0.16328125 0.41640625 0.0375 0.09375
1 0.13828125 0.34296875 0.0265625 0.09375
1 0.65859375 0.55546875 0.071875 0.13125
1 0.20546875 0.36796875 0.0421875 0.1
1 0.0296875 0.38828125 0.040625 0.0984375
1 0.65546875 0.284375 0.0359375 0.0890625
1 0.65390625 0.47890625 0.0265625 0.0765625
1 0.63203125 0.48203125 0.0421875 0.08125
0 0.62421875 0.55 0.0203125 0.0203125