1 0.7796875 0.315625 0.0140625 0.0375
1 0.48515625 0.559375 0.01875 0.046875
1 0.58125 0.25390625 0.0125 0.0390625
1 0.49140625 0.19609375 0.0109375 0.0359375
1 0.4640625 0.32890625 0.0125 0.0390625
1 0.9578125 0.41875 0.01875 0.0390625
1 0.94140625 0.528125 0.01875 0.046875
2 0.69921875 0.36875 0.0140625 0.03125
1 0.9671875 0.37421875 0.0125 0.0234375
1 0.96328125 0.39453125 0.0109375 0.025
1 0.98203125 0.3796875 0.00625 0.040625
1 0.99296875 0.3859375 0.0140625 0.0359375
2 0.46015625 0.10625 0.0140625 0.0328125