1 0.6234375 0.28046875 0.01875 0.0390625
1 0.10703125 0.22265625 0.0140625 0.0296875
1 0.74765625 0.484375 0.028125 0.046875
1 0.9375 0.25625 0.015625 0.034375
1 0.06953125 0.759375 0.028125 0.0578125
1 0.62578125 0.121875 0.0140625 0.028125
1 0.13671875 0.1921875 0.0140625 0.0359375
1 0.5296875 0.203125 0.015625 0.034375
1 0.59296875 0.27265625 0.01875 0.0421875
1 0.9265625 0.178125 0.0140625 0.0296875
2 0.6203125 0.0140625 0.0125 0.021875
1 0.44765625 0.053125 0.0125 0.0234375
2 0.51171875 0.22265625 0.0140625 0.034375
1 0.809375 0.1046875 0.015625 0.0296875
1 0.23203125 0.12109375 0.0140625 0.0328125
1 0.53125 0.2078125 0.015625 0.028125