1 0.534375 0.5890625 0.021875 0.04375
1 0.21875 0.36328125 0.0125 0.034375
1 0.9328125 0.3609375 0.015625 0.0375
1 0.86328125 0.275 0.015625 0.0359375
1 0.29765625 0.2 0.0125 0.03125
1 0.684375 0.29453125 0.0140625 0.0375
1 0.746875 0.24453125 0.0125 0.0328125
1 0.8203125 0.2109375 0.0125 0.0328125
1 0.703125 0.4609375 0.015625 0.040625
1 0.778125 0.6109375 0.0296875 0.053125
1 0.26953125 0.609375 0.021875 0.046875
1 0.9265625 0.33125 0.0171875 0.0390625
1 0.94921875 0.90390625 0.0328125 0.0515625
1 0.4265625 0.4546875 0.0171875 0.0390625
1 0.4609375 0.28359375 0.0140625 0.0359375
2 0.9109375 0.10546875 0.0125 0.0265625
2 0.76171875 0.3359375 0.0171875 0.0375
1 0.7734375 0.14296875 0.0125 0.028125
1 0.5875 0.18984375 0.0171875 0.0296875
1 0.509375 0.121875 0.0125 0.025
0 0.271875 0.459375 0.0109375 0.015625