1 0.35625 0.57890625 0.0734375 0.13125
1 0.178125 0.59375 0.046875 0.14375
1 0.3703125 0.20625 0.0296875 0.0703125
1 0.8421875 0.41953125 0.040625 0.10625
1 0.25546875 0.2640625 0.025 0.08125
1 0.690625 0.70859375 0.078125 0.15
1 0.93828125 0.315625 0.0375 0.090625
1 0.159375 0.34453125 0.0296875 0.0921875
1 0.65 0.553125 0.0390625 0.1265625
1 0.49921875 0.33515625 0.040625 0.0875
1 0.70078125 0.71171875 0.05625 0.1484375
1 0.62578125 0.4890625 0.03125 0.1171875
1 0.88515625 0.28359375 0.0296875 0.0890625
2 0.88515625 0.28359375 0.0296875 0.0890625
1 0.675 0.7046875 0.05 0.1484375
0 0.67109375 0.7546875 0.0171875 0.0234375