1 0.79609375 0.42421875 0.021875 0.0390625
1 0.04140625 0.15703125 0.0140625 0.0328125
1 0.64609375 0.16875 0.0125 0.034375
1 0.40625 0.428125 0.0171875 0.046875
1 0.5703125 0.221875 0.0125 0.0359375
1 0.17109375 0.49375 0.015625 0.046875
1 0.75703125 0.61171875 0.021875 0.0484375
1 0.41875 0.15390625 0.0109375 0.0296875
1 0.03828125 0.3640625 0.0203125 0.0421875
1 0.3796875 0.14453125 0.0109375 0.03125
1 0.1046875 0.26484375 0.0140625 0.0421875
1 0.38359375 0.18828125 0.0125 0.03125
2 0.48125 0.240625 0.0109375 0.0359375
2 0.97734375 0.93046875 0.03125 0.046875
1 0.3578125 0.11171875 0.0078125 0.03125
1 0.48203125 0.1171875 0.0109375 0.025
1 0.58671875 0.1671875 0.0125 0.034375
1 0.32265625 0.2 0.015625 0.034375
1 0.1875 0.1625 0.0140625 0.034375
1 0.18828125 0.10703125 0.0109375 0.0265625
2 0.10390625 0.09609375 0.01875 0.03125
0 0.23828125 0.12109375 0.0125 0.009375
1 0.2328125 0.2328125 0.0203125 0.0375