1 0.71328125 0.50859375 0.025 0.0390625
1 0.3984375 0.334375 0.015625 0.0359375
1 0.909375 0.6078125 0.0234375 0.046875
1 0.0703125 0.378125 0.0234375 0.0421875
1 0.15390625 0.765625 0.0359375 0.0515625
1 0.1515625 0.37578125 0.021875 0.0421875
1 0.778125 0.2 0.0125 0.03125
1 0.9671875 0.85703125 0.0359375 0.053125
1 0.43125 0.596875 0.01875 0.0453125
2 0.62109375 0.3703125 0.0125 0.0390625
1 0.42421875 0.315625 0.015625 0.0359375
1 0.6046875 0.45546875 0.0171875 0.04375
1 0.0390625 0.26640625 0.021875 0.03125
1 0.81484375 0.2890625 0.0171875 0.0390625
1 0.38828125 0.134375 0.0140625 0.028125
1 0.89609375 0.42578125 0.01875 0.0421875
1 0.90390625 0.39453125 0.0171875 0.0421875
1 0.76484375 0.2734375 0.0140625 0.0359375
1 0.72265625 0.1328125 0.0140625 0.0296875
1 0.4546875 0.1796875 0.0140625 0.03125