1 0.6890625 0.2890625 0.0125 0.0359375
1 0.35390625 0.50078125 0.0171875 0.04375
1 0.4671875 0.228125 0.0125 0.034375
1 0.5515625 0.80625 0.01875 0.05625
1 0.84375 0.415625 0.0171875 0.0359375
1 0.3796875 0.34921875 0.0140625 0.0375
1 0.43359375 0.33125 0.0125 0.0375
1 0.48984375 0.13671875 0.0109375 0.0296875
1 0.20625 0.58125 0.025 0.0515625
1 0.77421875 0.41328125 0.01875 0.0375
1 0.74140625 0.290625 0.0171875 0.0390625
2 0.6890625 0.3671875 0.0125 0.0390625
1 0.89140625 0.446875 0.0171875 0.028125
1 0.55078125 0.31796875 0.0140625 0.0375
1 0.828125 0.34921875 0.0140625 0.040625
1 0.1015625 0.34296875 0.0140625 0.040625
1 0.76640625 0.57578125 0.0265625 0.04375
1 0.771875 0.303125 0.0125 0.0390625
1 0.63671875 0.21796875 0.009375 0.0265625
1 0.54765625 0.19375 0.0109375 0.0265625
0 0.31015625 0.6703125 0.0125 0.015625