1 0.28671875 0.221875 0.0125 0.0359375
1 0.3765625 0.178125 0.0140625 0.0328125
1 0.55859375 0.4359375 0.025 0.0453125
1 0.2265625 0.35859375 0.01875 0.0375
1 0.56875 0.17109375 0.0125 0.03125
1 0.78828125 0.165625 0.0125 0.028125
1 0.9640625 0.30625 0.0171875 0.0375
1 0.4484375 0.271875 0.015625 0.0359375
2 0.55859375 0.28671875 0.0140625 0.034375
1 0.596875 0.11328125 0.0109375 0.0234375
1 0.4640625 0.2828125 0.0140625 0.0328125
1 0.6625 0.1234375 0.0109375 0.025
1 0.690625 0.1453125 0.0109375 0.0328125
2 0.3875 0.08359375 0.0125 0.025
1 0.38515625 0.178125 0.0140625 0.03125
1 0.72109375 0.47109375 0.0234375 0.0375
1 0.815625 0.15703125 0.021875 0.021875
1 0.7265625 0.13046875 0.0125 0.0296875
1 0.70625 0.1265625 0.009375 0.0296875
1 0.69765625 0.13515625 0.0046875 0.021875
0 0.73203125 0.14140625 0.0046875 0.00625
1 0.27421875 0.24765625 0.0109375 0.0328125
1 0.6046875 0.18359375 0.0140625 0.0296875
1 0.14609375 0.39375 0.025 0.0328125