2 0.936719 0.312500 0.018750 0.054688
1 0.828125 0.341406 0.023438 0.053125
1 0.746094 0.457812 0.018750 0.028125
1 0.541406 0.276563 0.021875 0.050000
1 0.832031 0.461719 0.025000 0.020312
1 0.942187 0.494531 0.021875 0.062500
1 0.706250 0.575781 0.029688 0.067188
1 0.747656 0.475781 0.020312 0.064062
1 0.821094 0.677344 0.025000 0.073437
1 0.796094 0.522656 0.021875 0.065625
1 0.536719 0.546875 0.020312 0.062500
1 0.833594 0.484375 0.023438 0.065625
2 0.064844 0.540625 0.025000 0.059375
0 0.818844 0.356375 0.010844 0.014469
