1 0.159375 0.37890625 0.021875 0.040625
1 0.46640625 0.39765625 0.025 0.0328125
1 0.6203125 0.1734375 0.0203125 0.03125
1 0.59375 0.2734375 0.01875 0.0375
1 0.775 0.43125 0.0171875 0.0390625
1 0.2484375 0.2515625 0.0171875 0.0359375
1 0.33671875 0.21328125 0.0203125 0.0328125
1 0.584375 0.39609375 0.0234375 0.0375
1 0.24375 0.321875 0.0265625 0.0375
1 0.959375 0.23125 0.0203125 0.0375
1 0.36171875 0.303125 0.021875 0.0375
1 0.7921875 0.3734375 0.01875 0.040625
1 0.39375 0.253125 0.01875 0.0375
1 0.46171875 0.3515625 0.0234375 0.0265625
1 0.3234375 0.40703125 0.0328125 0.04375
1 0.65703125 0.27578125 0.0171875 0.034375
2 0.40390625 0.03984375 0.0125 0.021875
2 0.41484375 0.34375 0.0234375 0.0375
1 0.921875 0.63125 0.040625 0.0546875