1 0.7578125 0.5109375 0.0515625 0.11875
1 0.40078125 0.5 0.0515625 0.121875
1 0.4484375 0.49609375 0.05 0.125
1 0.68828125 0.44453125 0.04375 0.1140625
1 0.584375 0.5546875 0.059375 0.134375
1 0.60625 0.528125 0.0515625 0.1375
1 0.36171875 0.40625 0.0484375 0.134375
1 0.5078125 0.4453125 0.0625 0.10625
2 0.57890625 0.3484375 0.04375 0.0921875
1 0.690625 0.41328125 0.040625 0.09375
1 0.51875 0.44453125 0.059375 0.1109375
1 0.36171875 0.41796875 0.0359375 0.1203125
0 0.6234375 0.4265625 0.01875 0.0203125