1 0.69921875 0.43828125 0.0140625 0.0390625
1 0.82421875 0.20234375 0.015625 0.03125
1 0.165625 0.425 0.021875 0.04375
1 0.734375 0.3875 0.0171875 0.0421875
1 0.3109375 0.315625 0.0109375 0.03125
1 0.8796875 0.2640625 0.015625 0.0375
1 0.4765625 0.1265625 0.0109375 0.025
1 0.34140625 0.215625 0.0125 0.0359375
1 0.68359375 0.265625 0.0140625 0.0328125
1 0.7734375 0.13984375 0.0125 0.028125
1 0.471875 0.403125 0.0125 0.046875
1 0.91953125 0.334375 0.015625 0.0375
1 0.91953125 0.5578125 0.0390625 0.046875
1 0.30625 0.3203125 0.0140625 0.03125
2 0.74140625 0.30703125 0.0140625 0.040625
1 0.78359375 0.228125 0.015625 0.0359375
1 0.55078125 0.1953125 0.0125 0.0328125
1 0.94765625 0.3578125 0.01875 0.0390625
2 0.80859375 0.115625 0.0125 0.028125
1 0.4125 0.2625 0.01875 0.040625
0 0.22265625 0.41640625 0.015625 0.0140625