1 0.240625 0.49296875 0.0171875 0.040625
1 0.55078125 0.42734375 0.0171875 0.0421875
1 0.37734375 0.696875 0.021875 0.0484375
1 0.08984375 0.24609375 0.0109375 0.0359375
1 0.57890625 0.340625 0.0171875 0.0359375
1 0.77265625 0.47734375 0.0171875 0.04375
1 0.6484375 0.3609375 0.01875 0.0359375
1 0.43203125 0.22265625 0.0125 0.034375
1 0.30546875 0.63515625 0.0171875 0.05
1 0.7140625 0.278125 0.0125 0.0359375
1 0.30390625 0.39375 0.0140625 0.04375
1 0.38046875 0.26875 0.0140625 0.0390625
1 0.35078125 0.27109375 0.0125 0.0421875
2 0.51796875 0.30390625 0.0140625 0.0390625
1 0.3890625 0.3171875 0.0140625 0.0390625
1 0.36484375 0.50234375 0.0234375 0.0515625
1 0.3859375 0.41171875 0.015625 0.0390625
0 0.66640625 0.39296875 0.0125 0.015625
1 0.67578125 0.44140625 0.01875 0.04375
1 0.55078125 0.28125 0.01875 0.034375
1 0.6359375 0.1578125 0.0140625 0.028125
1 0.896875 0.3140625 0.015625 0.0390625