1 0.79375 0.7390625 0.0328125 0.053125
1 0.7984375 0.26328125 0.0171875 0.03125
1 0.46484375 0.13671875 0.0125 0.0265625
1 0.8015625 0.303125 0.0171875 0.0375
1 0.26953125 0.17890625 0.0109375 0.0265625
1 0.4609375 0.40546875 0.01875 0.0359375
1 0.43125 0.25625 0.0140625 0.0359375
1 0.8234375 0.18515625 0.0171875 0.028125
1 0.84140625 0.14921875 0.0125 0.025
1 0.19296875 0.45859375 0.0203125 0.0375
2 0.753125 0.27109375 0.0140625 0.0328125
1 0.8828125 0.23125 0.0171875 0.03125
1 0.77421875 0.1484375 0.0140625 0.025
1 0.59296875 0.23515625 0.01875 0.0296875
1 0.58359375 0.2140625 0.021875 0.0359375
1 0.365625 0.22421875 0.015625 0.0328125
1 0.365625 0.16484375 0.015625 0.0328125
1 0.69609375 0.1 0.015625 0.025
1 0.7703125 0.16953125 0.0125 0.0265625