1 0.0765625 0.3375 0.015625 0.0375
1 0.646875 0.32734375 0.015625 0.0359375
1 0.77890625 0.52265625 0.015625 0.046875
1 0.73359375 0.41953125 0.015625 0.0453125
1 0.46953125 0.346875 0.0171875 0.0390625
1 0.69140625 0.52578125 0.021875 0.0453125
1 0.17890625 0.5015625 0.01875 0.0484375
1 0.640625 0.7015625 0.025 0.05
1 0.5765625 0.24453125 0.0125 0.0375
1 0.8890625 0.23671875 0.0109375 0.0328125
1 0.30234375 0.17734375 0.0125 0.0328125
1 0.31640625 0.35078125 0.0171875 0.0390625
1 0.7015625 0.63203125 0.01875 0.05
1 0.6109375 0.25546875 0.0125 0.0375
1 0.671875 0.4328125 0.0140625 0.0421875
2 0.446875 0.30234375 0.0125 0.0390625
1 0.3640625 0.475 0.025 0.0390625
1 0.47265625 0.45859375 0.0140625 0.04375
1 0.4625 0.2859375 0.0125 0.0375
1 0.3234375 0.2703125 0.0171875 0.0359375
1 0.63828125 0.26015625 0.0109375 0.0359375