1 0.709375 0.45546875 0.0203125 0.0484375
1 0.4484375 0.584375 0.0234375 0.046875
1 0.46640625 0.246875 0.0171875 0.03125
1 0.78671875 0.33046875 0.0140625 0.0421875
1 0.10625 0.5046875 0.01875 0.046875
1 0.88671875 0.34453125 0.0140625 0.040625
1 0.75078125 0.30625 0.0140625 0.0375
1 0.159375 0.30625 0.015625 0.034375
1 0.425 0.2109375 0.0140625 0.03125
1 0.41640625 0.6140625 0.01875 0.0515625
1 0.20859375 0.24921875 0.0125 0.0328125
1 0.69609375 0.21328125 0.0140625 0.0328125
1 0.0640625 0.271875 0.0109375 0.0359375
1 0.08046875 0.28125 0.0109375 0.0328125
2 0.41796875 0.38515625 0.0140625 0.0375
0 0.2328125 0.2546875 0.0140625 0.0375
0 0.0765625 0.2265625 0.0140625 0.03125
1 0.0703125 0.25546875 0.0125 0.021875
1 0.453125 0.38203125 0.015625 0.046875
1 0.40625 0.0765625 0.009375 0.0265625
0 0.4234375 0.14296875 0.009375 0.0078125