1 0.900781 0.456250 0.025000 0.031250
1 0.806250 0.460156 0.023438 0.023438
1 0.807813 0.325000 0.023438 0.043750
1 0.533594 0.269531 0.018750 0.035937
1 0.981250 0.425781 0.025000 0.062500
1 0.774219 0.503125 0.025000 0.064062
1 0.788281 0.591406 0.020312 0.062500
1 0.807031 0.479687 0.023438 0.057812
1 0.700000 0.557031 0.025000 0.068750
1 0.901563 0.471875 0.021875 0.065625
1 0.819531 0.462500 0.025000 0.075000
1 0.772656 0.575781 0.021875 0.068750
2 0.057031 0.522656 0.025000 0.062500
0 0.796312 0.333531 0.014406 0.014406
