1 0.89140625 0.18125 0.0125 0.028125
1 0.2640625 0.2609375 0.0125 0.0359375
1 0.29765625 0.4359375 0.0140625 0.040625
1 0.6640625 0.303125 0.0125 0.0359375
1 0.73515625 0.2984375 0.0140625 0.0375
1 0.803125 0.4515625 0.015625 0.046875
1 0.53359375 0.1625 0.0109375 0.0296875
1 0.79609375 0.25859375 0.0140625 0.034375
1 0.35078125 0.50859375 0.0140625 0.0453125
1 0.75234375 0.16640625 0.0125 0.0296875
1 0.8359375 0.2578125 0.0125 0.034375
1 0.4640625 0.1703125 0.0125 0.028125
1 0.4296875 0.26484375 0.0125 0.0359375
1 0.37265625 0.1546875 0.0140625 0.0265625
1 0.44765625 0.134375 0.0109375 0.0265625
1 0.015625 0.18125 0.0171875 0.0296875
1 0.62734375 0.15625 0.0125 0.028125
2 0.96796875 0.13125 0.0125 0.028125
1 0.378125 0.12421875 0.0109375 0.0265625
1 0.634375 0.51484375 0.0203125 0.046875
1 0.98828125 0.19765625 0.021875 0.034375
1 0.42890625 0.153125 0.0125 0.0265625
0 0.071875 0.17890625 0.0078125 0.0109375
2 0.5640625 0.234375 0.0125 0.03125