1 0.93515625 0.37421875 0.0171875 0.0421875
1 0.48671875 0.66875 0.0265625 0.0484375
1 0.25703125 0.55234375 0.0171875 0.046875
1 0.51171875 0.24296875 0.0125 0.0359375
1 0.04140625 0.759375 0.028125 0.0515625
1 0.5328125 0.13203125 0.009375 0.03125
1 0.83515625 0.64140625 0.0203125 0.0515625
1 0.521875 0.43046875 0.0203125 0.0421875
1 0.33671875 0.22109375 0.0125 0.0328125
1 0.16484375 0.340625 0.0140625 0.0359375
1 0.24140625 0.3109375 0.0140625 0.0359375
1 0.10625 0.70546875 0.0234375 0.05625
1 0.40703125 0.3890625 0.01875 0.0390625
1 0.4640625 0.5796875 0.025 0.046875
1 0.240625 0.52421875 0.0171875 0.0375
2 0.44453125 0.096875 0.0109375 0.028125
1 0.19375 0.290625 0.015625 0.0359375
1 0.43984375 0.221875 0.0125 0.0359375
1 0.5484375 0.6734375 0.01875 0.05
2 0.321875 0.39296875 0.015625 0.0390625
1 0.590625 0.421875 0.0203125 0.0453125
0 0.56953125 0.67421875 0.0125 0.0125