2 0.24453125 0.34921875 0.04375 0.109375
1 0.865625 0.421875 0.0390625 0.125
1 0.6421875 0.66875 0.0765625 0.1515625
1 0.04765625 0.5484375 0.0875 0.13125
1 0.9078125 0.57578125 0.0515625 0.140625
1 0.1203125 0.48203125 0.0546875 0.125
1 0.4703125 0.66328125 0.0734375 0.13125
1 0.3984375 0.365625 0.0421875 0.1140625
1 0.30546875 0.284375 0.0359375 0.0984375
1 0.565625 0.1671875 0.05 0.0734375
1 0.496875 0.26875 0.028125 0.09375
1 0.0015559890625 0.0002907984375 0.00006076406250000027 0.0001345484375
2 0.96015625 0.0578125 0.0203125 0.05625
1 0.259375 0.078125 0.028125 0.05625
0 0.66953125 0.728125 0.01875 0.028125