1 0.62421875 0.24140625 0.0125 0.0328125
1 0.51328125 0.5109375 0.0171875 0.046875
1 0.47890625 0.26484375 0.0140625 0.040625
1 0.20859375 0.359375 0.0125 0.0390625
1 0.8390625 0.33828125 0.0171875 0.0375
1 0.3078125 0.25078125 0.0125 0.0375
2 0.6203125 0.30625 0.0140625 0.0359375
1 0.0765625 0.2609375 0.0140625 0.03125
1 0.2484375 0.24453125 0.0125 0.03125
1 0.25546875 0.21328125 0.0125 0.034375
1 0.21796875 0.26171875 0.0109375 0.034375
1 0.56171875 0.32578125 0.015625 0.0328125
1 0.12890625 0.32265625 0.0125 0.0375
1 0.7625 0.240625 0.015625 0.034375
1 0.45078125 0.3390625 0.0140625 0.0375
1 0.87421875 0.321875 0.01875 0.0328125
1 0.80859375 0.44140625 0.0140625 0.0421875
1 0.81015625 0.4109375 0.015625 0.028125
1 0.67578125 0.25703125 0.0125 0.0265625
1 0.45390625 0.446875 0.0125 0.04375
1 0.28046875 0.28671875 0.0140625 0.0296875
1 0.1015625 0.23671875 0.0109375 0.034375