1 0.77421875 0.35859375 0.021875 0.0359375
1 0.97890625 0.44140625 0.01875 0.040625
1 0.84453125 0.42890625 0.021875 0.04375
1 0.66875 0.20390625 0.0140625 0.0328125
1 0.86328125 0.2890625 0.0140625 0.0375
1 0.4890625 0.521875 0.01875 0.0484375
1 0.25703125 0.3109375 0.0203125 0.04375
1 0.715625 0.365625 0.0171875 0.040625
1 0.4234375 0.28125 0.015625 0.0375
1 0.58125 0.6390625 0.01875 0.0546875
1 0.7765625 0.153125 0.0125 0.0265625
1 0.38359375 0.2609375 0.0171875 0.034375
2 0.56796875 0.296875 0.0140625 0.0359375
1 0.07578125 0.4109375 0.0265625 0.028125
1 0.69765625 0.2078125 0.0125 0.03125
1 0.53046875 0.42109375 0.021875 0.0421875
1 0.5640625 0.17265625 0.0140625 0.03125
1 0.990625 0.29765625 0.01875 0.0359375
1 0.92265625 0.121875 0.0109375 0.021875
1 0.54296875 0.32421875 0.0140625 0.040625
0 0.01171875 0.390625 0.0140625 0.0109375
1 0.028125 0.2734375 0.0125 0.0328125