1 0.83671875 0.75546875 0.0765625 0.14375
1 0.3375 0.67890625 0.1 0.128125
1 0.13515625 0.26953125 0.0375 0.0828125
1 0.61171875 0.6796875 0.0546875 0.1484375
1 0.75859375 0.49375 0.053125 0.1203125
1 0.334375 0.221875 0.03125 0.0703125
1 0.015625 0.24375 0.03125 0.08125
1 0.46171875 0.18359375 0.03125 0.06875
1 0.534375 0.28828125 0.046875 0.090625
1 0.43046875 0.7484375 0.078125 0.0671875
1 0.146875 0.12578125 0.025 0.06875
1 0.1515625 0.35234375 0.0328125 0.0953125
2 0.1515625 0.35234375 0.0328125 0.0953125
1 0.35 0.671875 0.075 0.1140625
0 0.60234375 0.74296875 0.0234375 0.025