1 0.246875 0.24375 0.0140625 0.034375
1 0.4234375 0.5640625 0.01875 0.0453125
1 0.06796875 0.35703125 0.015625 0.0359375
1 0.29921875 0.4421875 0.0171875 0.0453125
1 0.21796875 0.61015625 0.0203125 0.05
1 0.1359375 0.2734375 0.015625 0.0375
1 0.33359375 0.296875 0.0125 0.0390625
1 0.425 0.19140625 0.0109375 0.03125
1 0.59921875 0.43125 0.0171875 0.04375
1 0.771875 0.571875 0.0234375 0.046875
1 0.10234375 0.9015625 0.034375 0.0484375
1 0.79375 0.353125 0.0171875 0.0359375
1 0.70234375 0.19765625 0.0125 0.03125
1 0.07421875 0.34453125 0.0171875 0.0390625
1 0.0734375 0.3296875 0.0171875 0.0375
2 0.23203125 0.33203125 0.0171875 0.0375
1 0.54921875 0.278125 0.01875 0.03125
1 0.18359375 0.2109375 0.0125 0.028125
1 0.2359375 0.14453125 0.0140625 0.028125
1 0.50234375 0.1234375 0.0140625 0.0265625
0 0.78203125 0.36875 0.00625 0.009375
2 0.21640625 0.1109375 0.0109375 0.0234375