1 0.02578125 0.421875 0.0234375 0.0421875
1 0.77734375 0.19140625 0.0109375 0.0359375
1 0.46328125 0.2625 0.0125 0.0359375
1 0.70859375 0.1546875 0.0125 0.025
1 0.69296875 0.52578125 0.01875 0.04375
1 0.25703125 0.284375 0.0140625 0.0359375
1 0.1390625 0.46640625 0.0171875 0.04375
1 0.4 0.0984375 0.0125 0.0234375
1 0.97109375 0.32265625 0.0171875 0.0390625
1 0.47578125 0.48046875 0.0234375 0.0484375
1 0.2734375 0.253125 0.015625 0.0390625
1 0.4953125 0.31640625 0.01875 0.0375
0 0.69453125 0.16796875 0.0140625 0.0109375