2 0.6015625 0.153125 0.0109375 0.0328125
1 0.5140625 0.271875 0.0125 0.0453125
1 0.4703125 0.16875 0.0140625 0.0375
1 0.190625 0.17578125 0.009375 0.0375
1 0.33515625 0.20546875 0.0109375 0.04375
1 0.2921875 0.18046875 0.0109375 0.0390625
1 0.69921875 0.1234375 0.009375 0.034375
1 0.39140625 0.165625 0.0125 0.0421875
1 0.29296875 0.22890625 0.0125 0.0390625
1 0.684375 0.2078125 0.0140625 0.0421875
1 0.26328125 0.21640625 0.0109375 0.0375
1 0.41953125 0.18359375 0.0109375 0.04375
1 0.37421875 0.1375 0.009375 0.0375
1 0.359375 0.215625 0.0125 0.0421875
1 0.46953125 0.109375 0.009375 0.0328125
1 0.475 0.0859375 0.009375 0.0359375
1 0.45234375 0.11015625 0.0109375 0.0359375
1 0.39921875 0.21875 0.0109375 0.0375
1 0.49609375 0.20390625 0.01875 0.0359375
1 0.590625 0.1171875 0.0125 0.0265625
1 0.3640625 0.23515625 0.0140625 0.0328125