1 0.56640625 0.47890625 0.0234375 0.0484375
1 0.59609375 0.28984375 0.0171875 0.0375
1 0.978125 0.3015625 0.01875 0.0421875
1 0.659375 0.2578125 0.0140625 0.0390625
1 0.5953125 0.17421875 0.015625 0.03125
1 0.40234375 0.146875 0.0125 0.0328125
1 0.75078125 0.334375 0.01875 0.0375
1 0.878125 0.19609375 0.0140625 0.0328125
1 0.11328125 0.22890625 0.0171875 0.0328125
1 0.25859375 0.178125 0.0125 0.03125
1 0.83828125 0.434375 0.03125 0.046875
1 0.78359375 0.2015625 0.015625 0.034375
1 0.1640625 0.25 0.015625 0.0265625
1 0.11875 0.26875 0.0171875 0.03125
1 0.9125 0.365625 0.025 0.04375
2 0.88671875 0.37421875 0.01875 0.0375
1 0.85703125 0.33359375 0.0171875 0.0453125
1 0.7203125 0.16015625 0.0125 0.0296875
1 0.409375 0.1375 0.0078125 0.0234375
1 0.0171875 0.1921875 0.0140625 0.0359375