1 0.24609375 0.34375 0.0140625 0.0390625
1 0.49140625 0.271875 0.0125 0.0375
1 0.1671875 0.16328125 0.0125 0.03125
1 0.2484375 0.2859375 0.0140625 0.0390625
1 0.11171875 0.209375 0.0140625 0.0359375
1 0.1765625 0.4015625 0.01875 0.0453125
1 0.20546875 0.42421875 0.0171875 0.040625
1 0.5515625 0.296875 0.0125 0.0359375
1 0.48125 0.13125 0.009375 0.0296875
1 0.60859375 0.53671875 0.0171875 0.04375
1 0.03984375 0.5671875 0.025 0.053125
2 0.96875 0.94453125 0.0328125 0.04375
1 0.0515625 0.27109375 0.0171875 0.0375
1 0.40859375 0.41796875 0.015625 0.040625
1 0.31796875 0.246875 0.0125 0.0328125
2 0.45078125 0.2734375 0.0140625 0.03125
1 0.428125 0.23359375 0.0140625 0.0359375
1 0.6953125 0.23359375 0.0109375 0.034375
2 0.1015625 0.1125 0.0140625 0.0265625