1 0.08984375 0.26328125 0.0140625 0.0390625
2 0.48828125 0.2859375 0.0109375 0.0359375
1 0.78203125 0.19453125 0.015625 0.0328125
1 0.1234375 0.51015625 0.01875 0.04375
1 0.48671875 0.171875 0.0109375 0.03125
1 0.684375 0.1546875 0.0125 0.03125
1 0.30859375 0.2359375 0.0125 0.0375
1 0.58125 0.20390625 0.0171875 0.0328125
1 0.340625 0.57109375 0.0140625 0.0515625
1 0.52578125 0.253125 0.0140625 0.0359375
1 0.61796875 0.20234375 0.0171875 0.034375
1 0.2625 0.24609375 0.0125 0.0359375
1 0.42734375 0.184375 0.0125 0.03125
1 0.671875 0.12890625 0.0125 0.028125
1 0.503125 0.38203125 0.0171875 0.0390625
1 0.721875 0.4265625 0.015625 0.040625
1 0.74453125 0.32421875 0.015625 0.0359375
1 0.453125 0.253125 0.0125 0.0359375
1 0.278125 0.20234375 0.0140625 0.03125
1 0.18984375 0.2375 0.009375 0.0359375
1 0.54453125 0.1703125 0.0125 0.028125
0 0.45234375 0.1640625 0.009375 0.009375
2 0.70546875 0.09921875 0.0125 0.0265625