1 0.4203125 0.109375 0.009375 0.0265625
1 0.9359375 0.45703125 0.01875 0.046875
1 0.265625 0.24140625 0.0125 0.0359375
1 0.390625 0.16328125 0.0125 0.03125
1 0.96640625 0.21171875 0.0125 0.0328125
1 0.134375 0.51875 0.01875 0.0453125
1 0.715625 0.22265625 0.015625 0.034375
1 0.109375 0.18203125 0.0109375 0.0265625
1 0.49296875 0.1515625 0.0125 0.028125
2 0.62421875 0.26171875 0.0125 0.0328125
1 0.4609375 0.37421875 0.0140625 0.040625
1 0.475 0.115625 0.0125 0.025
1 0.76796875 0.69609375 0.021875 0.0546875
1 0.58203125 0.10234375 0.0109375 0.0265625
1 0.3609375 0.2078125 0.0140625 0.03125
1 0.6765625 0.2203125 0.0171875 0.0328125
1 0.9203125 0.1875 0.0140625 0.03125
1 0.65703125 0.1421875 0.0140625 0.028125
1 0.63359375 0.14140625 0.0140625 0.03125
1 0.525 0.09453125 0.0109375 0.0234375
1 0.50390625 0.09921875 0.009375 0.0234375
1 0.50625 0.08515625 0.0109375 0.0140625
0 0.52890625 0.10859375 0.009375 0.0078125