1 0.54765625 0.4546875 0.028125 0.0515625
1 0.9015625 0.92890625 0.0546875 0.065625
1 0.0984375 0.41953125 0.0265625 0.053125
1 0.23984375 0.346875 0.0265625 0.0484375
1 0.04453125 0.66015625 0.0375 0.059375
1 0.1703125 0.3640625 0.025 0.0515625
1 0.86484375 0.5203125 0.034375 0.0625
1 0.353125 0.3578125 0.0265625 0.0515625
1 0.440625 0.6640625 0.034375 0.0625
1 0.8265625 0.6390625 0.046875 0.065625
1 0.71640625 0.5109375 0.034375 0.0640625
2 0.059375 0.58203125 0.034375 0.06875
1 0.58984375 0.9859375 0.046875 0.028125
1 0.06875 0.625 0.01875 0.053125
0 0.3671875 0.38671875 0.0171875 0.0203125