1 0.6140625 0.51484375 0.0125 0.0421875
1 0.884375 0.4890625 0.0171875 0.0421875
1 0.48046875 0.38515625 0.0140625 0.0390625
1 0.73671875 0.22265625 0.0125 0.0359375
1 0.26328125 0.3734375 0.0140625 0.0390625
1 0.5515625 0.23828125 0.0125 0.034375
1 0.7140625 0.21640625 0.0125 0.0328125
2 0.48671875 0.27890625 0.0109375 0.0375
1 0.5359375 0.146875 0.0109375 0.028125
1 0.5796875 0.13515625 0.009375 0.025
2 0.35703125 0.10703125 0.0109375 0.0265625
1 0.484375 0.234375 0.0125 0.0328125
1 0.65859375 0.16953125 0.0140625 0.025
1 0.2828125 0.278125 0.0140625 0.0375
1 0.38046875 0.14375 0.0125 0.028125
1 0.321875 0.2390625 0.0125 0.0328125
1 0.47734375 0.18203125 0.0109375 0.028125
1 0.49765625 0.18125 0.0125 0.0265625
1 0.41484375 0.13515625 0.0125 0.0265625
1 0.60625 0.1578125 0.0125 0.025
1 0.671875 0.16640625 0.0109375 0.025
0 0.6625 0.09765625 0.00625 0.0046875
1 0.853125 0.2421875 0.0140625 0.0375