1 0.21171875 0.22265625 0.0125 0.0375
1 0.62265625 0.41953125 0.0125 0.0421875
1 0.35625 0.22578125 0.0109375 0.0328125
1 0.09296875 0.55234375 0.01875 0.05
1 0.653125 0.2140625 0.0109375 0.034375
1 0.7515625 0.278125 0.0125 0.0359375
1 0.3078125 0.14921875 0.0125 0.03125
2 0.52578125 0.21953125 0.0125 0.0328125
1 0.5828125 0.23671875 0.0140625 0.0375
1 0.415625 0.390625 0.0171875 0.04375
1 0.05390625 0.3859375 0.015625 0.0375
1 0.45546875 0.20546875 0.0125 0.0296875
1 0.428125 0.15390625 0.009375 0.0265625
1 0.44921875 0.125 0.009375 0.028125
1 0.49921875 0.13828125 0.0078125 0.03125
1 0.525 0.13984375 0.0109375 0.025
1 0.5390625 0.1203125 0.0078125 0.025
1 0.52890625 0.125 0.0046875 0.0203125
1 0.521875 0.13046875 0.0046875 0.0203125
1 0.6296875 0.1421875 0.0125 0.028125
2 0.759375 0.10703125 0.0125 0.0234375
0 0.553125 0.15625 0.009375 0.0078125