1 0.79921875 0.2390625 0.0125 0.0359375
1 0.865625 0.2984375 0.0140625 0.0375
1 0.61875 0.53671875 0.015625 0.0375
1 0.7125 0.40625 0.015625 0.040625
1 0.46796875 0.3078125 0.0125 0.0359375
1 0.7046875 0.675 0.01875 0.05
1 0.53671875 0.265625 0.0125 0.0359375
1 0.09609375 0.50703125 0.021875 0.05
1 0.159375 0.2765625 0.0140625 0.040625
1 0.34296875 0.165625 0.0109375 0.0296875
1 0.534375 0.43984375 0.0140625 0.0390625
1 0.3234375 0.70703125 0.0265625 0.05
1 0.6296875 0.35234375 0.0171875 0.0390625
1 0.3265625 0.38671875 0.0140625 0.0421875
2 0.79453125 0.11953125 0.0125 0.028125
1 0.340625 0.4515625 0.0140625 0.04375
0 0.33203125 0.51171875 0.009375 0.01875
2 0.6140625 0.40546875 0.0140625 0.040625
1 0.671875 0.31328125 0.0140625 0.0359375
1 0.8140625 0.4890625 0.0171875 0.034375
2 0.834375 0.36875 0.021875 0.034375
1 0.58828125 0.27265625 0.0140625 0.034375
1 0.54453125 0.19375 0.0140625 0.0328125