1 0.34609375 0.2640625 0.0125 0.0390625
1 0.39140625 0.46796875 0.0125 0.04375
1 0.24609375 0.265625 0.0125 0.0375
1 0.090625 0.16328125 0.015625 0.0328125
1 0.4359375 0.22265625 0.0125 0.0359375
1 0.05 0.36328125 0.015625 0.0421875
1 0.56875 0.16484375 0.0125 0.0328125
1 0.23984375 0.159375 0.0125 0.03125
1 0.11640625 0.25625 0.0140625 0.0390625
1 0.37578125 0.15625 0.0109375 0.0296875
1 0.61171875 0.16640625 0.0125 0.0328125
1 0.565625 0.2265625 0.0125 0.034375
1 0.4640625 0.12578125 0.0078125 0.028125
2 0.159375 0.10234375 0.0109375 0.0265625
2 0.92890625 0.94140625 0.03125 0.0484375
1 0.7171875 0.4421875 0.021875 0.040625
1 0.14140625 0.51953125 0.0171875 0.0453125
2 0.5421875 0.25 0.0125 0.03125
1 0.36171875 0.12265625 0.009375 0.0265625
1 0.23046875 0.1109375 0.0109375 0.0296875
0 0.2359375 0.12890625 0.009375 0.0109375