1 0.46640625 0.3421875 0.0125 0.0375
2 0.37578125 0.31015625 0.0140625 0.0359375
1 0.4015625 0.2265625 0.0125 0.034375
1 0.26640625 0.23046875 0.0125 0.0359375
1 0.7578125 0.2015625 0.0109375 0.0296875
1 0.109375 0.44296875 0.01875 0.0421875
1 0.08984375 0.3390625 0.0171875 0.040625
1 0.43203125 0.34453125 0.0140625 0.0390625
1 0.3140625 0.25546875 0.0140625 0.0328125
1 0.18359375 0.4390625 0.015625 0.04375
1 0.11640625 0.32578125 0.0171875 0.0328125
1 0.6859375 0.20859375 0.0125 0.03125
1 0.55 0.25078125 0.0140625 0.0328125
1 0.7515625 0.2765625 0.0125 0.0328125
1 0.50859375 0.484375 0.0140625 0.046875
1 0.728125 0.259375 0.0140625 0.0359375
1 0.90625 0.30625 0.0125 0.0375
1 0.51953125 0.50078125 0.015625 0.046875
1 0.884375 0.2390625 0.0140625 0.0328125
1 0.9390625 0.2859375 0.0140625 0.040625
1 0.7640625 0.3515625 0.0140625 0.0359375
1 0.8078125 0.25078125 0.015625 0.03125
0 0.90859375 0.246875 0.009375 0.0109375