1 0.709375 0.55703125 0.09375 0.125
1 0.79296875 0.29609375 0.0578125 0.1171875
1 0.459375 0.4765625 0.0671875 0.1328125
1 0.028125 0.409375 0.05 0.1015625
1 0.87890625 0.36640625 0.0640625 0.0828125
1 0.415625 0.30390625 0.0515625 0.09375
1 0.89765625 0.3375 0.0375 0.1078125
1 0.63828125 0.30703125 0.06875 0.115625
1 0.484375 0.31875 0.0609375 0.109375
1 0.88984375 0.34296875 0.0546875 0.1078125
2 0.7078125 0.19296875 0.0515625 0.0921875
1 0.48125 0.30234375 0.0484375 0.1265625
0 0.56953125 0.3625 0.04375 0.025