1 0.3109375 0.353125 0.0125 0.0328125
1 0.61796875 0.60859375 0.01875 0.04375
1 0.33671875 0.66953125 0.0171875 0.05
1 0.17734375 0.2765625 0.0140625 0.0390625
1 0.87578125 0.29296875 0.0125 0.0390625
1 0.61953125 0.4859375 0.0140625 0.0390625
1 0.6640625 0.3078125 0.0125 0.0390625
1 0.825 0.23671875 0.0109375 0.0359375
1 0.35625 0.16171875 0.0140625 0.028125
1 0.753125 0.45703125 0.0140625 0.04375
1 0.359375 0.42734375 0.0171875 0.0421875
1 0.575 0.275 0.0125 0.0359375
1 0.5359375 0.2578125 0.0125 0.034375
1 0.73359375 0.3734375 0.0140625 0.040625
1 0.80390625 0.3515625 0.0125 0.0390625
1 0.50625 0.284375 0.0125 0.0375
2 0.6015625 0.40859375 0.0125 0.0390625
1 0.590625 0.42734375 0.015625 0.040625
1 0.5875 0.346875 0.0140625 0.0328125
0 0.32890625 0.3734375 0.0109375 0.009375
1 0.10234375 0.48125 0.0140625 0.05
2 0.8109375 0.11796875 0.015625 0.028125
1 0.54375 0.19375 0.0140625 0.0328125