1 0.0703125 0.55390625 0.0546875 0.11875
1 0.52890625 0.453125 0.0359375 0.1109375
1 0.18828125 0.68515625 0.0703125 0.13125
1 0.4609375 0.7234375 0.0578125 0.1328125
1 0.246875 0.20546875 0.0203125 0.0671875
1 0.08359375 0.40390625 0.03125 0.09375
1 0.0140625 0.2640625 0.028125 0.075
1 0.60703125 0.29375 0.028125 0.0796875
1 0.35078125 0.32734375 0.034375 0.08125
2 0.2484375 0.51328125 0.0359375 0.1203125
1 0.30859375 0.33828125 0.025 0.0875
1 0.23828125 0.4375 0.0375 0.09375
1 0.93984375 0.27734375 0.03125 0.0734375
1 0.93984375 0.27734375 0.03125 0.0734375
0 0.9 0.67578125 0.021875 0.0203125