1 0.09765625 0.75390625 0.06875 0.1671875
1 0.57265625 0.54140625 0.059375 0.128125
1 0.0015581593750000002 0.0005208328124999999 0.00007378437500000015 0.00017361093749999993
1 0.94140625 0.4703125 0.0578125 0.1203125
1 0.71015625 0.2484375 0.034375 0.0859375
1 0.290625 0.24375 0.0390625 0.08125
1 0.48203125 0.4421875 0.05 0.0984375
1 0.1734375 0.484375 0.0640625 0.10625
1 0.15234375 0.5640625 0.0453125 0.1328125
1 0.1734375 0.50625 0.0671875 0.11875
1 0.16953125 0.565625 0.06875 0.1328125
0 0.72578125 0.421875 0.0203125 0.0234375