1 0.5109375 0.41953125 0.025 0.0421875
1 0.934375 0.309375 0.0140625 0.0375
1 0.20703125 0.346875 0.021875 0.0375
1 0.6734375 0.47421875 0.021875 0.0390625
1 0.35 0.18125 0.01875 0.0328125
1 0.5765625 0.10546875 0.0125 0.0265625
1 0.5734375 0.178125 0.0125 0.03125
1 0.2609375 0.24375 0.015625 0.0328125
2 0.3765625 0.08046875 0.0125 0.0265625
1 0.11875 0.38671875 0.01875 0.0390625
1 0.5515625 0.16640625 0.0140625 0.0328125
1 0.271875 0.2140625 0.0140625 0.0328125
1 0.41875 0.2640625 0.0125 0.0328125
1 0.7859375 0.16328125 0.0125 0.03125
1 0.41328125 0.278125 0.0171875 0.0328125
1 0.79453125 0.15625 0.0125 0.0265625
2 0.52421875 0.2828125 0.021875 0.034375
1 0.67265625 0.14375 0.009375 0.028125
1 0.65234375 0.11796875 0.0140625 0.025
1 0.684375 0.11875 0.0109375 0.0234375
1 0.69765625 0.134375 0.015625 0.0140625
1 0.71328125 0.1296875 0.0109375 0.03125
0 0.721875 0.140625 0.009375 0.00625
2 0.91640625 0.9859375 0.0296875 0.028125