1 0.446875 0.26875 0.0171875 0.0328125
1 0.78828125 0.13203125 0.0125 0.03125
1 0.06484375 0.28046875 0.0125 0.0328125
1 0.88671875 0.26875 0.015625 0.0328125
1 0.37421875 0.12578125 0.0125 0.03125
1 0.55390625 0.06171875 0.0109375 0.0265625
1 0.2265625 0.10625 0.0125 0.0265625
1 0.0390625 0.5796875 0.03125 0.0515625
1 0.30078125 0.50078125 0.0265625 0.04375
1 0.88046875 0.71328125 0.0296875 0.0578125
2 0.50546875 0.23125 0.015625 0.0359375
1 0.4390625 0.22109375 0.015625 0.03125
1 0.41875 0.225 0.0140625 0.0328125
1 0.09375 0.18359375 0.0140625 0.03125
1 0.40703125 0.28671875 0.01875 0.028125
1 0.86015625 0.20703125 0.0171875 0.034375
2 0.3875 0.015625 0.0078125 0.0234375