1 0.91875 0.32421875 0.021875 0.0390625
1 0.865625 0.2859375 0.01875 0.0359375
1 0.47109375 0.2265625 0.0234375 0.0296875
1 0.128125 0.25078125 0.021875 0.0328125
1 0.41328125 0.40625 0.0390625 0.0453125
1 0.090625 0.29140625 0.021875 0.03125
1 0.24921875 0.38671875 0.0234375 0.0359375
1 0.40859375 0.4984375 0.0328125 0.04375
1 0.1328125 0.34453125 0.0234375 0.0328125
1 0.36328125 0.15859375 0.025 0.028125
1 0.79296875 0.490625 0.034375 0.04375
1 0.259375 0.24453125 0.021875 0.0328125
1 0.31796875 0.32890625 0.021875 0.0375
2 0.4 0.321875 0.021875 0.0359375
1 0.24609375 0.2703125 0.01875 0.0265625
2 0.421875 0.01328125 0.0140625 0.0234375
1 0.21171875 0.18125 0.0171875 0.0328125
1 0.42109375 0.28359375 0.021875 0.03125
0 0.33203125 0.346875 0.0078125 0.015625
1 0.40234375 0.2828125 0.0125 0.0328125
1 0.03046875 0.18125 0.015625 0.0375
1 0.69140625 0.4984375 0.025 0.04375