1 0.009375 0.81171875 0.01875 0.05625
1 0.6125 0.31015625 0.0125 0.0328125
1 0.08125 0.55390625 0.021875 0.046875
1 0.7078125 0.35625 0.01875 0.0328125
1 0.6546875 0.7484375 0.0234375 0.05
1 0.3078125 0.49375 0.0140625 0.0421875
1 0.22578125 0.2546875 0.0125 0.0359375
1 0.4421875 0.5609375 0.015625 0.0484375
1 0.98515625 0.4 0.01875 0.040625
1 0.53359375 0.2578125 0.0109375 0.0390625
1 0.34375 0.39921875 0.0140625 0.040625
1 0.73125 0.2078125 0.0140625 0.028125
1 0.11875 0.38828125 0.015625 0.0421875
1 0.11015625 0.37734375 0.025 0.0359375
1 0.38125 0.12890625 0.009375 0.0265625
2 0.37265625 0.40390625 0.0140625 0.040625
1 0.27578125 0.26640625 0.021875 0.0328125
1 0.328125 0.16796875 0.009375 0.0265625
1 0.63984375 0.1640625 0.0109375 0.0296875
1 0.68046875 0.16015625 0.009375 0.0296875
2 0.2 0.11953125 0.015625 0.0265625
0 0.76796875 0.2 0.0140625 0.0109375
1 0.903125 0.21875 0.01875 0.03125