1 0.0640625 0.19921875 0.0140625 0.03125
1 0.2875 0.6015625 0.0171875 0.0484375
1 0.97421875 0.17109375 0.0140625 0.028125
1 0.26875 0.3234375 0.0140625 0.0390625
1 0.696875 0.1609375 0.0109375 0.03125
1 0.1375 0.30625 0.0140625 0.0375
1 0.20234375 0.2828125 0.0140625 0.0359375
1 0.25859375 0.2015625 0.0109375 0.0296875
1 0.66015625 0.546875 0.01875 0.04375
1 0.18359375 0.48125 0.0171875 0.0421875
1 0.3296875 0.33359375 0.0125 0.0375
2 0.41953125 0.24609375 0.0125 0.034375
1 0.5078125 0.18125 0.0109375 0.03125
1 0.62578125 0.3015625 0.0140625 0.0359375
1 0.15859375 0.22421875 0.0125 0.0328125
1 0.6171875 0.50390625 0.0140625 0.04375
1 0.39609375 0.17421875 0.0109375 0.028125
2 0.1078125 0.13671875 0.0125 0.025
1 0.4625 0.146875 0.0109375 0.0265625
1 0.61171875 0.18125 0.0125 0.0328125
1 0.4390625 0.18046875 0.0109375 0.028125
1 0.9015625 0.31328125 0.0171875 0.0375
1 0.63515625 0.115625 0.0125 0.025
0 0.9609375 0.1875 0.0109375 0.009375