1 0.53359375 0.15546875 0.0109375 0.0296875
1 0.928125 0.334375 0.0171875 0.034375
1 0.41953125 0.31171875 0.015625 0.0328125
1 0.66484375 0.2890625 0.0125 0.03125
1 0.96171875 0.6375 0.0203125 0.05
1 0.359375 0.32578125 0.015625 0.040625
1 0.2671875 0.23515625 0.0140625 0.0328125
1 0.96015625 0.2390625 0.0171875 0.0359375
1 0.703125 0.29296875 0.0125 0.03125
1 0.38671875 0.43203125 0.0203125 0.04375
2 0.55859375 0.2796875 0.0125 0.034375
1 0.746875 0.32578125 0.015625 0.040625
1 0.3703125 0.47890625 0.0171875 0.0390625
1 0.8125 0.28203125 0.0140625 0.0375
1 0.36171875 0.21484375 0.015625 0.034375
1 0.65390625 0.25859375 0.0140625 0.0375
1 0.6625 0.22109375 0.0125 0.0328125
1 0.74140625 0.28671875 0.0125 0.01875
1 0.83203125 0.18984375 0.0109375 0.03125
1 0.69453125 0.18203125 0.0140625 0.03125
2 0.99296875 0.13125 0.0140625 0.025
0 0.959375 0.3921875 0.015625 0.0109375