1 0.58203125 0.5453125 0.0203125 0.0484375
1 0.42109375 0.2515625 0.0140625 0.0328125
1 0.16484375 0.378125 0.0140625 0.0421875
1 0.21328125 0.21640625 0.0125 0.0359375
1 0.67109375 0.2875 0.0171875 0.0390625
1 0.9140625 0.53203125 0.01875 0.05
1 0.39140625 0.20546875 0.0140625 0.03125
1 0.48125 0.2015625 0.0125 0.03125
1 0.5671875 0.26953125 0.0140625 0.0375
1 0.7015625 0.2015625 0.0140625 0.03125
1 0.38125 0.63984375 0.0140625 0.0546875
1 0.21328125 0.36171875 0.0171875 0.04375
2 0.61015625 0.25390625 0.0125 0.0359375
1 0.9015625 0.68984375 0.0234375 0.053125
1 0.42578125 0.15703125 0.0109375 0.0265625
1 0.10546875 0.21640625 0.0140625 0.0359375
1 0.3265625 0.26875 0.015625 0.034375
2 0.19296875 0.1203125 0.015625 0.0265625
1 0.39375 0.14765625 0.0171875 0.021875
0 0.390625 0.1578125 0.0078125 0.0046875
1 0.61640625 0.14453125 0.009375 0.028125
1 0.71875 0.20390625 0.0109375 0.034375