1 0.88359375 0.46796875 0.0203125 0.0375
1 0.665625 0.22890625 0.0140625 0.03125
1 0.99453125 0.24375 0.0109375 0.034375
1 0.7765625 0.38203125 0.015625 0.0328125
1 0.1109375 0.31640625 0.0203125 0.034375
1 0.334375 0.18046875 0.0171875 0.028125
1 0.0171875 0.3140625 0.0265625 0.034375
1 0.5640625 0.37890625 0.01875 0.0328125
1 0.025 0.553125 0.03125 0.0390625
1 0.4015625 0.17578125 0.0171875 0.0265625
1 0.575 0.12734375 0.0125 0.0265625
1 0.296875 0.390625 0.0203125 0.0390625
1 0.22734375 0.55546875 0.0265625 0.0421875
1 0.8390625 0.27734375 0.015625 0.0359375
1 0.79296875 0.30078125 0.0140625 0.034375
1 0.440625 0.1890625 0.0171875 0.028125
1 0.05390625 0.390625 0.0234375 0.0375
1 0.53984375 0.36328125 0.01875 0.034375
2 0.61484375 0.09140625 0.0125 0.028125
2 0.503125 0.3484375 0.0203125 0.0359375
1 0.63125 0.3171875 0.025 0.0421875
1 0.4578125 0.2421875 0.0140625 0.0359375
1 0.18984375 0.27734375 0.0171875 0.0359375
0 0.321875 0.1984375 0.009375 0.0125