1 0.24140625 0.2390625 0.0140625 0.0359375
1 0.13671875 0.31796875 0.0171875 0.0328125
1 0.565625 0.43359375 0.015625 0.0421875
1 0.80390625 0.35859375 0.0125 0.0375
1 0.5796875 0.33828125 0.0125 0.0375
1 0.203125 0.43359375 0.015625 0.0421875
1 0.378125 0.24375 0.0125 0.0359375
1 0.48125 0.5078125 0.0140625 0.04375
1 0.3359375 0.25078125 0.0140625 0.03125
1 0.53515625 0.26796875 0.0140625 0.0375
1 0.21953125 0.40859375 0.015625 0.0421875
2 0.38828125 0.3015625 0.0140625 0.0375
1 0.69296875 0.2484375 0.0140625 0.0375
1 0.79140625 0.26328125 0.0125 0.0359375
1 0.93125 0.25390625 0.0125 0.03125
1 0.45 0.3234375 0.0140625 0.0328125
1 0.871875 0.32578125 0.0140625 0.0359375
1 0.19140625 0.334375 0.01875 0.0390625
1 0.7671875 0.26015625 0.009375 0.0328125
1 0.76328125 0.2203125 0.0078125 0.0328125
1 0.9203125 0.23515625 0.0109375 0.0328125