1 0.17734375 0.31875 0.0171875 0.0421875
1 0.86484375 0.26328125 0.0140625 0.0359375
1 0.5734375 0.57578125 0.021875 0.0453125
1 0.665625 0.296875 0.015625 0.0359375
1 0.93203125 0.403125 0.021875 0.0421875
1 0.265625 0.88828125 0.025 0.0609375
1 0.05390625 0.56796875 0.0265625 0.0484375
1 0.9359375 0.3640625 0.0203125 0.040625
1 0.69609375 0.296875 0.0140625 0.0375
1 0.77109375 0.36796875 0.01875 0.0421875
1 0.7625 0.60390625 0.028125 0.05
1 0.58828125 0.84375 0.0328125 0.0515625
1 0.8171875 0.8859375 0.0375 0.046875
2 0.7171875 0.45859375 0.0171875 0.0375
1 0.56640625 0.63828125 0.0203125 0.040625
1 0.53984375 0.40546875 0.01875 0.04375
1 0.5828125 0.40625 0.0140625 0.0390625
1 0.8015625 0.8578125 0.028125 0.0453125
1 0.4375 0.16953125 0.0109375 0.0296875
1 0.6765625 0.19609375 0.0203125 0.0328125
2 0.85625 0.11875 0.015625 0.03125
0 0.44765625 0.89375 0.0203125 0.01875