1 0.79921875 0.2390625 0.021875 0.03125
1 0.490625 0.25390625 0.015625 0.03125
1 0.8234375 0.35703125 0.028125 0.034375
1 0.85625 0.60390625 0.0359375 0.04375
1 0.97578125 0.50859375 0.028125 0.0421875
1 0.6625 0.30625 0.015625 0.034375
1 0.553125 0.265625 0.0140625 0.03125
1 0.69765625 0.38046875 0.01875 0.0375
1 0.0375 0.3375 0.021875 0.0359375
1 0.5640625 0.3796875 0.028125 0.034375
1 0.178125 0.496875 0.01875 0.0390625
1 0.69296875 0.20390625 0.0171875 0.028125
1 0.17109375 0.54140625 0.0359375 0.04375
1 0.4953125 0.36796875 0.0234375 0.034375
2 0.4171875 0.33203125 0.0140625 0.0328125
1 0.25859375 0.27578125 0.01875 0.034375
1 0.571875 0.26875 0.0140625 0.0328125
1 0.27890625 0.41796875 0.015625 0.0421875
1 0.259375 0.1875 0.0140625 0.0296875
1 0.38515625 0.27578125 0.01875 0.0359375
2 0.14609375 0.12421875 0.0125 0.028125