1 0.3546875 0.43125 0.0265625 0.0546875
1 0.43828125 0.5546875 0.0296875 0.08125
1 0.20703125 0.70546875 0.03125 0.096875
1 0.62890625 0.390625 0.028125 0.0515625
2 0.7046875 0.75703125 0.0515625 0.1078125
1 0.0140625 0.63359375 0.028125 0.0859375
1 0.13671875 0.5890625 0.0484375 0.0921875
1 0.3453125 0.58359375 0.0296875 0.078125
1 0.3890625 0.6046875 0.0359375 0.08125
1 0.02578125 0.340625 0.0234375 0.0390625
1 0.603125 0.57890625 0.046875 0.046875
1 0.6984375 0.56484375 0.0359375 0.040625
2 0.09765625 0.29140625 0.0234375 0.0453125