1 0.75625 0.49921875 0.0265625 0.05
1 0.96796875 0.1734375 0.0125 0.034375
1 0.465625 0.21953125 0.015625 0.0390625
1 0.021875 0.809375 0.0265625 0.05625
1 0.865625 0.2984375 0.01875 0.040625
1 0.03125 0.6578125 0.0265625 0.0484375
1 0.59375 0.29375 0.01875 0.0375
1 0.17890625 0.184375 0.0125 0.040625
1 0.87109375 0.13515625 0.0125 0.03125
1 0.15 0.2140625 0.0125 0.0359375
1 0.6296875 0.2890625 0.01875 0.0390625
2 0.66484375 0.01796875 0.0109375 0.0234375
1 0.465625 0.05625 0.0109375 0.0265625
1 0.29375 0.11953125 0.0125 0.0328125
2 0.59140625 0.22421875 0.0140625 0.0359375
1 0.63515625 0.12265625 0.0140625 0.0375
0 0.87265625 0.15390625 0.0078125 0.00625