1 0.42109375 0.4484375 0.01875 0.04375
1 0.24921875 0.41171875 0.0203125 0.04375
1 0.95859375 0.2703125 0.0140625 0.0359375
1 0.61953125 0.1765625 0.0109375 0.03125
1 0.61484375 0.2890625 0.0125 0.0359375
1 0.246875 0.278125 0.0140625 0.0390625
1 0.759375 0.16796875 0.0125 0.0296875
1 0.484375 0.171875 0.0125 0.0328125
1 0.484375 0.2953125 0.0125 0.0375
1 0.42890625 0.4390625 0.0140625 0.040625
2 0.65546875 0.26953125 0.0125 0.0328125
1 0.62109375 0.140625 0.0109375 0.028125
1 0.83125 0.18046875 0.0109375 0.0296875
1 0.94453125 0.465625 0.0140625 0.0375
1 0.70234375 0.18203125 0.0125 0.034375
1 0.7921875 0.565625 0.021875 0.05
1 0.65546875 0.14453125 0.009375 0.03125
1 0.615625 0.121875 0.009375 0.028125
1 0.5953125 0.121875 0.0109375 0.025
1 0.5625 0.11328125 0.009375 0.0234375
1 0.40703125 0.1171875 0.0125 0.028125
0 0.478125 0.11015625 0.0078125 0.0078125
2 0.340625 0.0921875 0.0171875 0.0265625
1 0.27734375 0.2328125 0.0125 0.0390625