1 0.1984375 0.2359375 0.0140625 0.034375
1 0.00546875 0.559375 0.0109375 0.046875
1 0.5359375 0.30703125 0.0140625 0.0375
1 0.11484375 0.20703125 0.015625 0.034375
1 0.22578125 0.2640625 0.0140625 0.040625
1 0.1796875 0.38125 0.01875 0.0421875
1 0.771875 0.3984375 0.0171875 0.0390625
1 0.15625 0.14609375 0.0125 0.03125
1 0.04140625 0.34765625 0.0140625 0.0390625
1 0.61796875 0.2234375 0.0140625 0.0328125
2 0.24453125 0.30625 0.0125 0.0375
1 0.04765625 0.290625 0.01875 0.0390625
1 0.38203125 0.190625 0.0109375 0.0359375
2 0.88828125 0.95390625 0.0328125 0.053125
1 0.2171875 0.4140625 0.0171875 0.0421875
2 0.11953125 0.11796875 0.0125 0.0265625
1 0.02109375 0.54375 0.01875 0.046875
1 0.44609375 0.12265625 0.0109375 0.025
1 0.4515625 0.3953125 0.0171875 0.0375
1 0.503125 0.25078125 0.0140625 0.034375