1 0.47421875 0.48515625 0.06875 0.1265625
1 0.0015581593750000002 0.0007248265625 0.00008246562499999999 0.00021267343750000007
1 0.59140625 0.48828125 0.053125 0.13125
1 0.296875 0.35625 0.04375 0.115625
1 0.98046875 0.29453125 0.0359375 0.103125
1 0.01328125 0.42265625 0.0265625 0.134375
1 0.55546875 0.34765625 0.0359375 0.109375
1 0.13203125 0.471875 0.0609375 0.128125
1 0.671875 0.415625 0.04375 0.1203125
1 0.621875 0.29140625 0.03125 0.1109375
1 0.446875 0.4171875 0.05625 0.1234375
1 0.65625 0.34140625 0.034375 0.09375
2 0.809375 0.1953125 0.0296875 0.0921875