1 0.95390625 0.203125 0.0140625 0.03125
1 0.75625 0.68671875 0.028125 0.0515625
1 0.3984375 0.16171875 0.0125 0.0296875
1 0.92890625 0.44921875 0.0203125 0.04375
1 0.46875 0.36875 0.0140625 0.0390625
1 0.66171875 0.2171875 0.0171875 0.0328125
1 0.915625 0.18046875 0.0140625 0.03125
2 0.61953125 0.2578125 0.0125 0.034375
1 0.69921875 0.22109375 0.0140625 0.034375
1 0.1140625 0.18203125 0.0109375 0.028125
1 0.38203125 0.20703125 0.0125 0.03125
1 0.4890625 0.11953125 0.0125 0.0265625
1 0.55546875 0.1109375 0.0125 0.0234375
1 0.51796875 0.15 0.0140625 0.0265625
1 0.51328125 0.1015625 0.0109375 0.028125
1 0.28125 0.2390625 0.0171875 0.0375
1 0.4140625 0.11015625 0.0125 0.028125
1 0.52109375 0.10625 0.009375 0.0234375
1 0.53359375 0.0953125 0.0109375 0.025
0 0.525 0.11640625 0.0125 0.0125
1 0.65 0.13984375 0.0109375 0.028125
1 0.6359375 0.1359375 0.0109375 0.028125
1 0.14375 0.5078125 0.01875 0.040625