1 0.84609375 0.44375 0.0203125 0.040625
1 0.98046875 0.20625 0.015625 0.0328125
1 0.93515625 0.41484375 0.025 0.04375
1 0.68828125 0.27890625 0.0140625 0.034375
1 0.08203125 0.325 0.0171875 0.0390625
1 0.54375 0.5265625 0.03125 0.0484375
1 0.21953125 0.19453125 0.0109375 0.0265625
1 0.49609375 0.25859375 0.0171875 0.034375
1 0.284375 0.15703125 0.0109375 0.025
1 0.6609375 0.2328125 0.0140625 0.034375
1 0.59453125 0.10390625 0.0125 0.0234375
1 0.23828125 0.553125 0.0265625 0.04375
0 0.3 0.1734375 0.0140625 0.0125
1 0.459375 0.3046875 0.015625 0.0421875