1 0.5109375 0.21640625 0.0109375 0.0359375
1 0.69609375 0.41796875 0.0125 0.04375
1 0.41953125 0.2375 0.0109375 0.0359375
1 0.70859375 0.20546875 0.0109375 0.0328125
1 0.640625 0.2484375 0.0109375 0.0359375
1 0.315625 0.234375 0.0125 0.0375
1 0.22890625 0.57109375 0.01875 0.046875
1 0.29609375 0.17421875 0.0125 0.0328125
1 0.509375 0.1828125 0.0125 0.03125
1 0.57421875 0.165625 0.0109375 0.0265625
1 0.36015625 0.16796875 0.0109375 0.03125
1 0.50390625 0.41015625 0.0171875 0.040625
1 0.7734375 0.14609375 0.0125 0.025
1 0.49296875 0.134375 0.0109375 0.0234375
1 0.76796875 0.29140625 0.0140625 0.040625
1 0.54921875 0.1609375 0.009375 0.025
1 0.54296875 0.15 0.0109375 0.0296875
1 0.5375 0.1234375 0.0109375 0.0234375
2 0.784375 0.1203125 0.0125 0.025
2 0.58671875 0.2546875 0.009375 0.03125
1 0.47109375 0.18125 0.0109375 0.0296875
1 0.14609375 0.39453125 0.0171875 0.0359375