1 0.38828125 0.378125 0.0140625 0.040625
1 0.55703125 0.20078125 0.0109375 0.034375
1 0.70703125 0.2921875 0.0140625 0.0359375
1 0.4859375 0.23203125 0.0140625 0.0359375
1 0.65703125 0.2234375 0.0125 0.034375
1 0.87109375 0.4328125 0.0171875 0.0328125
1 0.41953125 0.55390625 0.0203125 0.046875
1 0.78125 0.2890625 0.0140625 0.0375
2 0.68671875 0.371875 0.0140625 0.0359375
1 0.1828125 0.65390625 0.0265625 0.0515625
1 0.4484375 0.3625 0.0140625 0.0390625
1 0.54609375 0.84765625 0.0265625 0.05
2 0.559375 0.103125 0.0109375 0.028125
1 0.096875 0.36171875 0.01875 0.0375
1 0.7390625 0.66484375 0.0203125 0.04375
1 0.93515625 0.525 0.015625 0.040625
1 0.85625 0.421875 0.0125 0.03125
1 0.85625 0.36171875 0.015625 0.0375
1 0.5875 0.34765625 0.015625 0.04375
1 0.48359375 0.1328125 0.0109375 0.03125
0 0.53125 0.85234375 0.009375 0.0109375