1 0.19140625 0.253125 0.0640625 0.1015625
1 0.47265625 0.409375 0.0484375 0.1171875
1 0.6625 0.28125 0.0421875 0.10625
1 0.41484375 0.47578125 0.0875 0.0984375
1 0.5265625 0.46328125 0.05625 0.1296875
2 0.3015625 0.33203125 0.0609375 0.1
1 0.54140625 0.228125 0.0390625 0.090625
1 0.21953125 0.42890625 0.08125 0.11875
1 0.58515625 0.4359375 0.06875 0.1078125
1 0.3328125 0.2625 0.0515625 0.096875
2 0.06875 0.059375 0.040625 0.0703125
1 0.47265625 0.18515625 0.021875 0.09375
1 0.18515625 0.4171875 0.0625 0.11875
0 0.15625 0.46328125 0.0234375 0.0203125
1 0.4421875 0.19375 0.0484375 0.1