2 0.646875 0.36328125 0.059375 0.1015625
1 0.85234375 0.68671875 0.09375 0.1265625
1 0.28046875 0.634375 0.0828125 0.125
1 0.00155381875 0.00033203124999999997 0.00005208281250000009 0.00011718750000000002
1 0.5359375 0.165625 0.03125 0.0671875
1 0.4125 0.640625 0.04375 0.125
1 0.91640625 0.30546875 0.046875 0.0828125
1 0.74453125 0.146875 0.03125 0.059375
1 0.28125 0.25703125 0.0265625 0.0828125
1 0.365625 0.265625 0.0375 0.0890625
1 0.74453125 0.321875 0.0359375 0.09375
2 0.55859375 0.09375 0.03125 0.059375
1 0.34609375 0.66796875 0.075 0.121875
0 0.284375 0.6921875 0.0203125 0.0265625