1 0.15390625 0.396875 0.0171875 0.0359375
1 0.64609375 0.35546875 0.01875 0.0390625
1 0.60234375 0.3140625 0.015625 0.034375
1 0.78125 0.56796875 0.021875 0.046875
1 0.4875 0.40078125 0.0171875 0.040625
1 0.003125 0.22265625 0.00625 0.0328125
1 0.15390625 0.23125 0.0125 0.034375
1 0.72578125 0.4390625 0.021875 0.04375
1 0.17421875 0.32265625 0.0140625 0.0375
1 0.33125 0.16953125 0.0125 0.028125
1 0.3890625 0.12578125 0.0125 0.0265625
1 0.396875 0.27421875 0.0125 0.0359375
1 0.22578125 0.3703125 0.0125 0.0375
1 0.5484375 0.45703125 0.01875 0.0390625
1 0.31328125 0.12421875 0.0109375 0.0265625
1 0.12890625 0.3 0.0140625 0.0359375
1 0.12578125 0.26484375 0.0125 0.0359375
2 0.359375 0.0859375 0.009375 0.0234375
1 0.05234375 0.40703125 0.01875 0.0390625
1 0.453125 0.15703125 0.0140625 0.03125
1 0.83125 0.32265625 0.0203125 0.040625
2 0.321875 0.36640625 0.0171875 0.0359375