1 0.44140625 0.51171875 0.01875 0.046875
1 0.56328125 0.396875 0.015625 0.0421875
1 0.34453125 0.3 0.015625 0.0328125
1 0.12109375 0.25390625 0.0140625 0.03125
1 0.37734375 0.24453125 0.0140625 0.0328125
1 0.02890625 0.23828125 0.0171875 0.0328125
1 0.51953125 0.21484375 0.0140625 0.0328125
1 0.6046875 0.28125 0.0140625 0.0359375
1 0.1046875 0.3890625 0.01875 0.0375
1 0.39296875 0.36640625 0.01875 0.0390625
1 0.415625 0.23046875 0.01875 0.028125
1 0.43671875 0.3265625 0.021875 0.0375
1 0.0078125 0.353125 0.015625 0.0359375
1 0.02890625 0.35078125 0.01875 0.0359375
2 0.3609375 0.284375 0.015625 0.0359375
1 0.14375 0.3171875 0.0125 0.0359375
1 0.1 0.31484375 0.0125 0.0328125
2 0.853125 0.12421875 0.0125 0.0265625