1 0.2890625 0.284375 0.015625 0.0328125
1 0.28828125 0.225 0.0171875 0.03125
1 0.04453125 0.66328125 0.03125 0.0515625
1 0.203125 0.3171875 0.0171875 0.0359375
1 0.753125 0.2203125 0.0140625 0.0328125
1 0.69609375 0.4390625 0.0234375 0.0359375
1 0.42109375 0.1375 0.015625 0.0265625
2 0.4 0.28359375 0.0140625 0.0359375
1 0.60234375 0.41640625 0.0203125 0.0421875
1 0.08359375 0.22109375 0.0171875 0.03125
1 0.95390625 0.22578125 0.0140625 0.028125
1 0.64609375 0.29375 0.0171875 0.0328125
1 0.315625 0.1734375 0.0171875 0.03125
1 0.159375 0.27578125 0.021875 0.034375
1 0.3578125 0.265625 0.0140625 0.03125
1 0.10546875 0.31328125 0.0203125 0.03125
1 0.34296875 0.25546875 0.0140625 0.0265625
1 0.615625 0.19296875 0.0171875 0.03125
1 0.36015625 0.24609375 0.0171875 0.03125
1 0.15234375 0.3046875 0.0390625 0.0265625
1 0.14765625 0.17265625 0.0140625 0.0328125
1 0.63046875 0.28203125 0.0171875 0.0375
0 0.00625 0.30390625 0.0125 0.0125