2 0.3984375 0.153125 0.0109375 0.0328125
1 0.4859375 0.271875 0.0125 0.0453125
1 0.5296875 0.16875 0.0140625 0.0375
1 0.809375 0.17578125 0.009375 0.0375
1 0.66484375 0.20546875 0.0109375 0.04375
1 0.7078125 0.18046875 0.0109375 0.0390625
1 0.30078125 0.1234375 0.009375 0.034375
1 0.60859375 0.165625 0.0125 0.0421875
1 0.70703125 0.22890625 0.0125 0.0390625
1 0.315625 0.2078125 0.0140625 0.0421875
1 0.73671875 0.21640625 0.0109375 0.0375
1 0.58046875 0.18359375 0.0109375 0.04375
1 0.62578125 0.1375 0.009375 0.0375
1 0.640625 0.215625 0.0125 0.0421875
1 0.53046875 0.109375 0.009375 0.0328125
1 0.525 0.0859375 0.009375 0.0359375
1 0.54765625 0.11015625 0.0109375 0.0359375
1 0.60078125 0.21875 0.0109375 0.0375
1 0.50390625 0.20390625 0.01875 0.0359375
1 0.409375 0.1171875 0.0125 0.0265625
1 0.6359375 0.23515625 0.0140625 0.0328125