1 0.9125 0.559375 0.01875 0.0453125
1 0.96875 0.2140625 0.0125 0.0359375
1 0.4828125 0.56640625 0.01875 0.046875
2 0.6453125 0.3796875 0.0125 0.0375
1 0.48125 0.19921875 0.0109375 0.0328125
1 0.53828125 0.25234375 0.0125 0.0375
1 0.9046875 0.4234375 0.0171875 0.0359375
1 0.9953125 0.38828125 0.009375 0.0453125
1 0.4546875 0.33203125 0.0171875 0.040625
0 0.4828125 0.3515625 0.0125 0.0125
1 0.7640625 0.3265625 0.0140625 0.0359375
1 0.9125 0.39765625 0.0125 0.0390625
1 0.946875 0.4078125 0.015625 0.040625
1 0.9328125 0.3796875 0.0125 0.0375
1 0.95703125 0.3828125 0.015625 0.040625
1 0.95 0.384375 0.0078125 0.01875
1 0.9703125 0.38671875 0.0125 0.0375
1 0.97421875 0.37109375 0.0125 0.028125
1 0.99140625 0.4 0.0125 0.0375
1 0.99453125 0.378125 0.0109375 0.025
2 0.4578125 0.10859375 0.0140625 0.03125