1 0.6703125 0.40859375 0.0375 0.1140625
1 0.734375 0.54296875 0.046875 0.1171875
1 0.734375 0.3671875 0.0375 0.0984375
1 0.6546875 0.17421875 0.0203125 0.06875
1 0.22421875 0.140625 0.0265625 0.065625
1 0.4140625 0.45859375 0.0421875 0.1171875
2 0.16328125 0.33203125 0.040625 0.096875
1 0.9234375 0.17890625 0.028125 0.075
1 0.728125 0.265625 0.03125 0.0875
1 0.01796875 0.2515625 0.0328125 0.0921875
2 0.6109375 0.196875 0.03125 0.0796875
1 0.6109375 0.196875 0.03125 0.078125
0 0.74453125 0.80546875 0.025 0.028125