1 0.684375 0.29609375 0.0203125 0.0515625
1 0.28203125 0.44453125 0.0234375 0.059375
1 0.37578125 0.7625 0.034375 0.071875
1 0.8609375 0.4953125 0.021875 0.05625
1 0.64609375 0.259375 0.0203125 0.05
1 0.66171875 0.8828125 0.0359375 0.084375
1 0.996875 0.2890625 0.00625 0.065625
2 0.79296875 0.465625 0.0234375 0.053125
1 0.8328125 0.22734375 0.015625 0.04375
1 0.8046875 0.30546875 0.0203125 0.053125
1 0.8828125 0.19765625 0.0171875 0.0375
1 0.77734375 0.23828125 0.0265625 0.0453125
1 0.8421875 0.2078125 0.009375 0.0515625
1 0.478125 0.29765625 0.0203125 0.0453125
0 0.98203125 0.1953125 0.015625 0.0109375