1 0.42734375 0.6078125 0.025 0.04375
1 0.7828125 0.521875 0.01875 0.0390625
1 0.984375 0.88671875 0.0265625 0.05625
1 0.68828125 0.478125 0.021875 0.0421875
1 0.171875 0.74765625 0.03125 0.05
1 0.9703125 0.64609375 0.01875 0.04375
1 0.95390625 0.40625 0.01875 0.0390625
1 0.16640625 0.3609375 0.01875 0.0421875
1 0.478125 0.34375 0.0140625 0.0359375
1 0.875 0.21640625 0.0125 0.0328125
1 0.21875 0.36796875 0.015625 0.0390625
1 0.55859375 0.1859375 0.0125 0.03125
1 0.8390625 0.28515625 0.0140625 0.0328125
1 0.065625 0.23671875 0.0171875 0.0328125
1 0.946875 0.4375 0.0265625 0.046875
2 0.69921875 0.37265625 0.0171875 0.0375
1 0.48125 0.13359375 0.0109375 0.028125
1 0.83828125 0.14453125 0.0125 0.0296875
1 0.05859375 0.2703125 0.0234375 0.028125