1 0.3640625 0.63984375 0.0421875 0.08125
1 0.3078125 0.57421875 0.034375 0.0734375
2 0.921875 0.728125 0.0578125 0.0953125
1 0.621875 0.61328125 0.03125 0.08125
1 0.475 0.64765625 0.05 0.0796875
1 0.5234375 0.33984375 0.0171875 0.040625
1 0.15625 0.43984375 0.0203125 0.05625
1 0.49453125 0.584375 0.04375 0.0734375
1 0.396875 0.365625 0.01875 0.046875
1 0.3359375 0.44453125 0.021875 0.05625
1 0.565625 0.4546875 0.0390625 0.0515625
2 0.3046875 0.46640625 0.01875 0.0640625
1 0.871875 0.55703125 0.0359375 0.075
1 0.1203125 0.54921875 0.0234375 0.0734375
1 0.84453125 0.565625 0.025 0.08125
1 0.45078125 0.63046875 0.0453125 0.078125
1 0.128125 0.54453125 0.021875 0.06875
2 0.60625 0.2921875 0.01875 0.040625
0 0.49296875 0.68046875 0.0140625 0.01875