1 0.1359375 0.23984375 0.0125 0.0359375
1 0.08671875 0.478125 0.0203125 0.0421875
1 0.3109375 0.2234375 0.0125 0.034375
1 0.68671875 0.35703125 0.0140625 0.040625
1 0.2109375 0.20859375 0.0125 0.034375
1 0.46953125 0.15 0.0109375 0.0296875
1 0.52421875 0.3859375 0.0171875 0.0421875
1 0.3140625 0.1703125 0.0109375 0.0296875
1 0.6390625 0.24921875 0.015625 0.034375
2 0.5046875 0.275 0.0140625 0.034375
1 0.3625 0.178125 0.009375 0.0375
1 0.46171875 0.23125 0.0125 0.0328125
1 0.440625 0.190625 0.0109375 0.0359375
1 0.36328125 0.48125 0.01875 0.04375
2 0.6140625 0.1078125 0.0109375 0.028125
1 0.61015625 0.23359375 0.0140625 0.034375
1 0.59296875 0.1546875 0.009375 0.028125
1 0.5703125 0.14296875 0.0078125 0.03125
1 0.3703125 0.13828125 0.015625 0.021875
1 0.2765625 0.1765625 0.009375 0.0265625
1 0.359375 0.178125 0.015625 0.025
0 0.35234375 0.15 0.0109375 0.0109375
1 0.4046875 0.2265625 0.009375 0.028125