1 0.61171875 0.378125 0.0140625 0.040625
1 0.44296875 0.20078125 0.0109375 0.034375
1 0.29296875 0.2921875 0.0140625 0.0359375
1 0.5140625 0.23203125 0.0140625 0.0359375
1 0.34296875 0.2234375 0.0125 0.034375
1 0.12890625 0.4328125 0.0171875 0.0328125
1 0.58046875 0.55390625 0.0203125 0.046875
1 0.21875 0.2890625 0.0140625 0.0375
2 0.31328125 0.371875 0.0140625 0.0359375
1 0.8171875 0.65390625 0.0265625 0.0515625
1 0.5515625 0.3625 0.0140625 0.0390625
1 0.45390625 0.84765625 0.0265625 0.05
2 0.440625 0.103125 0.0109375 0.028125
1 0.903125 0.36171875 0.01875 0.0375
1 0.2609375 0.66484375 0.0203125 0.04375
1 0.06484375 0.525 0.015625 0.040625
1 0.14375 0.421875 0.0125 0.03125
1 0.14375 0.36171875 0.015625 0.0375
1 0.4125 0.34765625 0.015625 0.04375
1 0.51640625 0.1328125 0.0109375 0.03125
0 0.46875 0.85234375 0.009375 0.0109375