1 0.96875 0.1734375 0.0125 0.0328125
1 0.0140625 0.65859375 0.025 0.046875
1 0.3 0.11796875 0.0140625 0.0328125
1 0.8625 0.2953125 0.01875 0.0390625
1 0.00703125 0.81640625 0.0140625 0.0546875
1 0.15546875 0.21328125 0.0125 0.0375
2 0.6 0.2234375 0.0125 0.0359375
1 0.86953125 0.1328125 0.0125 0.03125
1 0.76328125 0.4984375 0.0203125 0.0515625
1 0.57578125 0.29609375 0.0203125 0.0375
1 0.61640625 0.2890625 0.01875 0.0421875
1 0.465625 0.0484375 0.0109375 0.025
1 0.18359375 0.1859375 0.0140625 0.040625
1 0.459375 0.22421875 0.009375 0.0390625
1 0.4546875 0.2140625 0.00625 0.0296875
1 0.6328125 0.12109375 0.0125 0.0328125
2 0.6640625 0.01875 0.009375 0.0234375
0 0.86484375 0.15 0.00625 0.00625