1 0.51171875 0.30859375 0.0140625 0.04375
1 0.6234375 0.14765625 0.0109375 0.034375
2 0.41953125 0.19296875 0.0125 0.0359375
1 0.3125 0.25234375 0.0140625 0.0390625
1 0.103125 0.26328125 0.0140625 0.04375
1 0.39921875 0.16328125 0.0109375 0.0359375
1 0.44453125 0.15546875 0.0125 0.0390625
1 0.16875 0.2390625 0.0109375 0.0390625
1 0.09765625 0.19765625 0.00625 0.0359375
1 0.11875 0.18125 0.0109375 0.04375
1 0.0484375 0.1859375 0.0171875 0.0484375
1 0.05859375 0.23828125 0.0140625 0.040625
1 0.1765625 0.1671875 0.0109375 0.04375
1 0.10625 0.1875 0.0171875 0.0375
1 0.16953125 0.16171875 0.0078125 0.0328125
1 0.18671875 0.1578125 0.009375 0.03125
1 0.23203125 0.1875 0.0078125 0.0265625
1 0.2359375 0.2140625 0.0171875 0.0390625
1 0.1875 0.23125 0.0171875 0.0375
1 0.14609375 0.2140625 0.01875 0.034375
1 0.36171875 0.1265625 0.015625 0.0359375
1 0.4265625 0.0359375 0.0078125 0.0265625
2 0.33828125 0.040625 0.0109375 0.0265625
2 0.840625 0.984375 0.0265625 0.03125