1 0.5765625 0.1984375 0.0109375 0.0296875
1 0.69765625 0.290625 0.0125 0.0390625
1 0.359375 0.15546875 0.0125 0.028125
1 0.98359375 0.60859375 0.0328125 0.053125
1 0.578125 0.48671875 0.0171875 0.0484375
1 0.55390625 0.3 0.0125 0.0375
1 0.690625 0.36328125 0.0140625 0.0421875
1 0.715625 0.35234375 0.0140625 0.0421875
1 0.4921875 0.35 0.0171875 0.040625
1 0.4921875 0.27421875 0.0125 0.034375
1 0.3 0.2546875 0.0171875 0.0359375
1 0.96640625 0.58515625 0.0234375 0.05
1 0.7296875 0.70546875 0.0234375 0.05
2 0.846875 0.10703125 0.0125 0.028125
1 0.90546875 0.25703125 0.0140625 0.0375
1 0.65078125 0.19921875 0.0125 0.0328125
1 0.94609375 0.334375 0.0171875 0.0453125
1 0.7234375 0.19453125 0.015625 0.0265625
0 0.53828125 0.31796875 0.0109375 0.0125
2 0.4125 0.26953125 0.0171875 0.03125
1 0.4515625 0.2859375 0.0171875 0.03125
1 0.2109375 0.2375 0.0125 0.0390625
1 0.278125 0.40078125 0.0203125 0.0453125