1 0.31015625 0.34609375 0.01875 0.040625
1 0.2234375 0.27734375 0.0171875 0.034375
1 0.6640625 0.37734375 0.0140625 0.0375
1 0.7796875 0.4359375 0.0140625 0.040625
1 0.16328125 0.44765625 0.01875 0.04375
1 0.70078125 0.30546875 0.0140625 0.0375
1 0.49296875 0.3265625 0.0140625 0.0375
1 0.40546875 0.23671875 0.0140625 0.03125
1 0.1609375 0.23046875 0.01875 0.0328125
1 0.6890625 0.26796875 0.0125 0.0359375
1 0.65546875 0.25390625 0.0140625 0.0359375
1 0.7375 0.34921875 0.0125 0.0359375
1 0.47109375 0.22890625 0.0125 0.0328125
2 0.496875 0.27890625 0.0078125 0.03125
1 0.27421875 0.21796875 0.01875 0.0328125
1 0.45078125 0.14375 0.015625 0.0265625
1 0.82578125 0.50703125 0.0171875 0.0421875
1 0.403125 0.2109375 0.0140625 0.028125
1 0.5421875 0.315625 0.0109375 0.0375
1 0.4875 0.26640625 0.009375 0.03125
1 0.9015625 0.246875 0.0140625 0.0375
1 0.32421875 0.128125 0.0140625 0.0203125