1 0.24375 0.62890625 0.0296875 0.05
1 0.353125 0.29375 0.0140625 0.034375
1 0.1171875 0.421875 0.0171875 0.0375
1 0.55546875 0.359375 0.015625 0.0359375
1 0.70390625 0.40234375 0.0171875 0.040625
1 0.51484375 0.30625 0.0140625 0.0359375
1 0.14765625 0.25703125 0.0203125 0.0359375
1 0.0359375 0.3 0.01875 0.0359375
1 0.18203125 0.234375 0.021875 0.0359375
1 0.6578125 0.13515625 0.0109375 0.028125
1 0.0375 0.40078125 0.01875 0.0421875
1 0.021875 0.3015625 0.015625 0.0328125
1 0.765625 0.18515625 0.0140625 0.040625
1 0.91796875 0.24921875 0.01875 0.0421875
0 0.7 0.16953125 0.0078125 0.0140625
1 0.3921875 0.10625 0.0109375 0.03125