1 0.8890625 0.4484375 0.0203125 0.0421875
1 0.97890625 0.40546875 0.025 0.046875
1 0.6234375 0.28359375 0.015625 0.0375
1 0.29921875 0.43125 0.01875 0.0421875
1 0.79375 0.2515625 0.01875 0.0375
1 0.06328125 0.26171875 0.0125 0.03125
1 0.8140625 0.66015625 0.0265625 0.046875
1 0.46796875 0.390625 0.015625 0.0390625
1 0.85234375 0.271875 0.0140625 0.0390625
1 0.52109375 0.321875 0.015625 0.040625
1 0.61015625 0.103125 0.0140625 0.0296875
1 0.32109375 0.14609375 0.009375 0.034375
1 0.23046875 0.18828125 0.0140625 0.040625
0 0.31171875 0.16640625 0.0109375 0.009375