1 0.46796875 0.38359375 0.0140625 0.0390625
1 0.87890625 0.46953125 0.01875 0.0421875
1 0.6875 0.32109375 0.0171875 0.040625
1 0.03671875 0.41875 0.015625 0.04375
1 0.16015625 0.40625 0.0171875 0.0390625
1 0.2125 0.340625 0.015625 0.0359375
1 0.2859375 0.34375 0.0171875 0.040625
1 0.39296875 0.42109375 0.0171875 0.040625
1 0.51796875 0.515625 0.0171875 0.0484375
1 0.40625 0.659375 0.028125 0.0578125
1 0.00546875 0.278125 0.0109375 0.0375
1 0.34296875 0.19921875 0.0125 0.03125
2 0.446875 0.29140625 0.0125 0.0375
1 0.615625 0.26171875 0.0125 0.0375
1 0.928125 0.259375 0.0125 0.0296875
1 0.2640625 0.140625 0.0109375 0.0265625
1 0.4375 0.16171875 0.0125 0.0296875
1 0.47265625 0.31171875 0.0140625 0.040625
1 0.94140625 0.5234375 0.025 0.0421875
1 0.14921875 0.2765625 0.0140625 0.0359375
1 0.5453125 0.28984375 0.0171875 0.0421875
1 0.37109375 0.196875 0.0125 0.0328125