1 0.8921875 0.19921875 0.01875 0.0359375
1 0.421875 0.1359375 0.0125 0.028125
1 0.5640625 0.4828125 0.0203125 0.0484375
1 0.66796875 0.2640625 0.0140625 0.0359375
1 0.746875 0.33828125 0.015625 0.0390625
1 0.26796875 0.2 0.0125 0.028125
1 0.6125 0.303125 0.015625 0.0375
1 0.9703125 0.3015625 0.021875 0.0390625
1 0.8703125 0.35078125 0.0203125 0.0453125
1 0.08828125 0.24296875 0.0203125 0.0390625
1 0.77421875 0.2046875 0.015625 0.0359375
1 0.859375 0.44296875 0.028125 0.0421875
1 0.38359375 0.14453125 0.0140625 0.0328125
1 0.909375 0.36171875 0.0234375 0.0328125
1 0.6140625 0.18203125 0.0125 0.034375
1 0.13984375 0.2796875 0.0171875 0.0359375
1 0.59609375 0.46875 0.0328125 0.0390625
1 0.0234375 0.196875 0.0140625 0.0359375
2 0.88203125 0.38046875 0.021875 0.0375
1 0.76875 0.175 0.0125 0.03125
1 0.18828125 0.25546875 0.0109375 0.040625