1 0.478125 0.309375 0.0140625 0.0359375
1 0.4359375 0.50546875 0.0140625 0.0453125
1 0.165625 0.3015625 0.015625 0.0359375
2 0.421875 0.28515625 0.0125 0.0375
1 0.22734375 0.415625 0.015625 0.0453125
1 0.83671875 0.3515625 0.0140625 0.034375
1 0.284375 0.325 0.01875 0.0390625
1 0.596875 0.2796875 0.0125 0.040625
1 0.8484375 0.31875 0.0140625 0.0328125
1 0.3734375 0.23515625 0.0125 0.034375
1 0.93359375 0.23515625 0.0140625 0.03125
1 0.68359375 0.328125 0.0140625 0.0375
1 0.78203125 0.22109375 0.0125 0.03125
1 0.25859375 0.22734375 0.0140625 0.0359375
1 0.81875 0.30546875 0.0140625 0.0375
1 0.6375 0.39375 0.015625 0.0390625
1 0.32421875 0.378125 0.0140625 0.0421875
1 0.36171875 0.2390625 0.0125 0.025
1 0.71875 0.29375 0.0140625 0.0359375
1 0.67421875 0.2375 0.0140625 0.0359375
1 0.9640625 0.22421875 0.009375 0.028125
1 0.83046875 0.2796875 0.0109375 0.0421875