1 0.5984375 0.284375 0.015625 0.0328125
1 0.75546875 0.17421875 0.0125 0.028125
1 0.46953125 0.29609375 0.015625 0.0375
1 0.228125 0.2859375 0.0171875 0.0359375
1 0.23984375 0.421875 0.0265625 0.0453125
1 0.80390625 0.18125 0.0140625 0.028125
1 0.44921875 0.1703125 0.0125 0.03125
1 0.26328125 0.2296875 0.015625 0.0359375
2 0.64140625 0.26796875 0.0140625 0.03125
1 0.92421875 0.26328125 0.0140625 0.03125
1 0.5671875 0.1234375 0.0109375 0.0234375
1 0.3890625 0.11015625 0.0125 0.0296875
1 0.946875 0.4671875 0.0203125 0.0390625
1 0.8015625 0.58046875 0.021875 0.04375
1 0.603125 0.14609375 0.0109375 0.0296875
1 0.93203125 0.26953125 0.0140625 0.034375
1 0.68046875 0.18828125 0.0125 0.034375
1 0.584375 0.17265625 0.0125 0.0265625
1 0.63671875 0.1421875 0.0125 0.03125
1 0.59453125 0.1234375 0.009375 0.028125
2 0.32265625 0.09140625 0.0140625 0.0265625
1 0.525 0.109375 0.009375 0.0265625
1 0.4421875 0.459375 0.0203125 0.04375