1 0.90234375 0.75390625 0.06875 0.1671875
1 0.42734375 0.54140625 0.059375 0.128125
1 0.9984418406250001 0.0005208328124999999 0.00007378437499987456 0.00017361093749999993
1 0.05859375 0.4703125 0.0578125 0.1203125
1 0.28984375 0.2484375 0.034375 0.0859375
1 0.709375 0.24375 0.0390625 0.08125
1 0.51796875 0.4421875 0.05 0.0984375
1 0.8265625 0.484375 0.0640625 0.10625
1 0.84765625 0.5640625 0.0453125 0.1328125
1 0.8265625 0.50625 0.0671875 0.11875
1 0.83046875 0.565625 0.06875 0.1328125
0 0.27421875 0.421875 0.0203125 0.0234375