1 0.76875 0.6453125 0.065625 0.14375
1 0.20859375 0.50078125 0.04375 0.115625
1 0.88671875 0.396875 0.034375 0.10625
2 0.61484375 0.35 0.0375 0.096875
1 0.296875 0.534375 0.0421875 0.11875
1 0.9734375 0.39765625 0.053125 0.08125
1 0.5640625 0.35703125 0.0328125 0.103125
1 0.26171875 0.40078125 0.0546875 0.1046875
1 0.14609375 0.278125 0.03125 0.0921875
1 0.89609375 0.2890625 0.021875 0.0859375
1 0.9984375 0.0005164937500000001 0.00006510468749993947 0.00014322968750000008
1 0.69921875 0.209375 0.0296875 0.0734375