1 0.98125 0.428125 0.021875 0.040625
1 0.953125 0.25390625 0.01875 0.040625
1 0.515625 0.4046875 0.015625 0.04375
1 0.75859375 0.52421875 0.0140625 0.0421875
1 0.55703125 0.26875 0.0125 0.0359375
1 0.39296875 0.35078125 0.0125 0.04375
1 0.80078125 0.16953125 0.009375 0.0296875
2 0.5234375 0.26328125 0.0125 0.0375
1 0.48828125 0.1484375 0.0109375 0.0296875
1 0.421875 0.14375 0.0109375 0.028125
1 0.90625 0.18046875 0.0125 0.034375
1 0.73046875 0.15859375 0.0109375 0.0296875
1 0.7734375 0.1359375 0.0109375 0.0265625
1 0.528125 0.17109375 0.0125 0.0328125
1 0.7515625 0.16875 0.0109375 0.03125
1 0.4125 0.26484375 0.009375 0.0359375
1 0.4515625 0.2 0.0125 0.03125
1 0.65 0.1671875 0.0109375 0.0328125
1 0.6265625 0.125 0.0078125 0.0265625
1 0.678125 0.23359375 0.015625 0.0328125
1 0.771875 0.24140625 0.0109375 0.0359375
2 0.38984375 0.11015625 0.0109375 0.025