1 0.58203125 0.47109375 0.01875 0.0484375
1 0.82578125 0.51640625 0.021875 0.05
1 0.70859375 0.16171875 0.0140625 0.028125
1 0.34375 0.24140625 0.0140625 0.0328125
1 0.60703125 0.26796875 0.0125 0.0359375
1 0.43359375 0.15546875 0.0109375 0.028125
1 0.93046875 0.353125 0.0140625 0.0453125
1 0.21484375 0.446875 0.015625 0.0421875
1 0.53515625 0.12734375 0.0078125 0.028125
1 0.8515625 0.253125 0.0171875 0.0375
1 0.73828125 0.28828125 0.0125 0.0375
2 0.44140625 0.24921875 0.0125 0.0359375
1 0.6453125 0.10859375 0.009375 0.0234375
1 0.85625 0.16796875 0.0171875 0.0328125
1 0.765625 0.11015625 0.009375 0.0234375
1 0.62734375 0.12578125 0.0140625 0.025
1 0.365625 0.165625 0.015625 0.0296875
1 0.49921875 0.22421875 0.015625 0.0328125
1 0.5890625 0.16328125 0.0109375 0.0296875
1 0.6359375 0.15234375 0.0140625 0.0296875
2 0.81484375 0.103125 0.0125 0.03125