1 0.65546875 0.62578125 0.015625 0.05
1 0.61953125 0.37578125 0.0171875 0.04375
1 0.35703125 0.3484375 0.0171875 0.0390625
1 0.06953125 0.28671875 0.015625 0.0375
1 0.52109375 0.2015625 0.0125 0.0328125
1 0.25859375 0.26796875 0.0125 0.0375
1 0.53046875 0.29765625 0.0140625 0.0328125
1 0.58203125 0.68046875 0.0171875 0.0515625
1 0.21796875 0.46484375 0.0171875 0.0453125
1 0.69453125 0.47578125 0.015625 0.04375
1 0.390625 0.40546875 0.015625 0.0390625
1 0.61875 0.27734375 0.0140625 0.0375
1 0.53828125 0.39296875 0.0125 0.0421875
2 0.484375 0.30390625 0.0125 0.0375
1 0.28125 0.40546875 0.0171875 0.040625
1 0.59453125 0.27578125 0.0140625 0.0375
1 0.41640625 0.2765625 0.015625 0.0375
1 0.41328125 0.3625 0.0203125 0.0421875
1 0.58515625 0.48359375 0.015625 0.04375
1 0.8984375 0.24375 0.0125 0.0359375
1 0.3640625 0.14765625 0.0140625 0.0265625
0 0.28984375 0.4140625 0.0078125 0.0125