1 0.78046875 0.35625 0.0140625 0.0375
1 0.5109375 0.50703125 0.0203125 0.0453125
1 0.88671875 0.315625 0.0125 0.034375
1 0.74609375 0.2203125 0.0109375 0.03125
1 0.73359375 0.28046875 0.0109375 0.0359375
1 0.50859375 0.33984375 0.0125 0.0375
1 0.71015625 0.25703125 0.0109375 0.0359375
2 0.37421875 0.31015625 0.0125 0.0359375
1 0.12578125 0.3421875 0.0140625 0.0328125
1 0.79140625 0.2515625 0.0109375 0.0328125
1 0.184375 0.43828125 0.0171875 0.04375
1 0.5234375 0.46171875 0.015625 0.0421875
1 0.31640625 0.25625 0.0171875 0.03125
1 0.4390625 0.3328125 0.0125 0.0375
1 0.52578125 0.25390625 0.0125 0.034375
1 0.88515625 0.2390625 0.0140625 0.0328125
1 0.1484375 0.4296875 0.0171875 0.0421875
1 0.25078125 0.2359375 0.0140625 0.0359375
1 0.928125 0.271875 0.0140625 0.0359375
1 0.71953125 0.2125 0.009375 0.0328125
1 0.39140625 0.23671875 0.009375 0.0296875
1 0.1203125 0.32109375 0.0234375 0.0171875