1 0.93125 0.7125 0.0328125 0.0515625
1 0.01953125 0.30625 0.015625 0.0359375
1 0.99375 0.4203125 0.0125 0.0421875
1 0.6015625 0.1015625 0.0125 0.0265625
1 0.5359375 0.33046875 0.0140625 0.0390625
1 0.5734375 0.27109375 0.0125 0.0328125
1 0.2265625 0.19609375 0.0125 0.0359375
1 0.77578125 0.28203125 0.015625 0.0390625
1 0.29296875 0.15546875 0.0109375 0.0234375
1 0.49921875 0.45390625 0.021875 0.0421875
1 0.85859375 0.48046875 0.01875 0.04375
1 0.31640625 0.5015625 0.0140625 0.0421875
0 0.30625 0.1703125 0.015625 0.009375