1 0.2640625 0.31171875 0.0125 0.0375
1 0.31171875 0.4890625 0.01875 0.0484375
1 0.11171875 0.28671875 0.0140625 0.0375
1 0.84375 0.60546875 0.028125 0.0484375
1 0.48671875 0.18125 0.0125 0.03125
1 0.66796875 0.20390625 0.0140625 0.0328125
1 0.60703125 0.21953125 0.0140625 0.0375
1 0.44765625 0.16328125 0.0125 0.03125
1 0.58203125 0.14375 0.015625 0.03125
1 0.80546875 0.43359375 0.0171875 0.040625
1 0.84921875 0.3390625 0.01875 0.0359375
1 0.7296875 0.24609375 0.0140625 0.0328125
1 0.68359375 0.271875 0.0140625 0.0375
2 0.55234375 0.30703125 0.015625 0.0359375
1 0.29453125 0.1484375 0.0125 0.028125
1 0.76171875 0.290625 0.0171875 0.0375
1 0.35 0.16640625 0.0125 0.0359375
1 0.4796875 0.16171875 0.0140625 0.0328125
2 0.5953125 0.084375 0.0109375 0.028125
1 0.68203125 0.22890625 0.0171875 0.0328125
1 0.89921875 0.39140625 0.0140625 0.040625
1 0.48046875 0.1 0.0171875 0.025
0 0.37734375 0.15 0.00625 0.009375