1 0.3828125 0.73984375 0.0875 0.1484375
1 0.15234375 0.3703125 0.0375 0.109375
1 0.61875 0.409375 0.040625 0.1109375
1 0.6671875 0.21875 0.03125 0.084375
1 0.903125 0.30390625 0.0359375 0.103125
1 0.02734375 0.2640625 0.04375 0.0890625
1 0.815625 0.34375 0.04375 0.109375
1 0.2015625 0.1953125 0.028125 0.084375
1 0.44375 0.6484375 0.0546875 0.1421875
1 0.3609375 0.30078125 0.04375 0.0953125
2 0.28359375 0.3453125 0.046875 0.10625
1 0.2125 0.4125 0.0390625 0.1140625
1 0.378125 0.1203125 0.0234375 0.05625
1 0.32265625 0.22578125 0.04375 0.0875
2 0.3 0.0921875 0.03125 0.06875
0 0.39296875 0.8 0.025 0.03125