1 0.3546875 0.3484375 0.0171875 0.0390625
1 0.1765625 0.44296875 0.021875 0.040625
1 0.18203125 0.23359375 0.01875 0.0359375
1 0.24609375 0.28046875 0.0140625 0.0375
1 0.9234375 0.246875 0.0125 0.03125
1 0.78125 0.43828125 0.0140625 0.0390625
1 0.7125 0.30078125 0.0125 0.0375
1 0.746875 0.34140625 0.0125 0.034375
1 0.42421875 0.2203125 0.0140625 0.034375
1 0.44375 0.2328125 0.0140625 0.0296875
2 0.51328125 0.27890625 0.0125 0.0359375
1 0.56015625 0.3140625 0.0125 0.0390625
1 0.6734375 0.365625 0.0140625 0.0375
1 0.8390625 0.503125 0.0171875 0.04375
2 0.52109375 0.26171875 0.0140625 0.0359375
1 0.703125 0.26328125 0.0125 0.034375
1 0.503125 0.328125 0.0140625 0.0375
1 0.3234375 0.21484375 0.0171875 0.0375
1 0.36796875 0.1234375 0.01875 0.0265625
1 0.49453125 0.15 0.01875 0.028125
1 0.68125 0.2546875 0.0109375 0.034375
1 0.496875 0.2296875 0.0140625 0.03125
0 0.20234375 0.25 0.0140625 0.0078125