1 0.57578125 0.17109375 0.0125 0.03125
1 0.16640625 0.26171875 0.015625 0.0359375
1 0.1140625 0.4515625 0.021875 0.0390625
1 0.63984375 0.29921875 0.01875 0.0390625
1 0.315625 0.18359375 0.015625 0.03125
1 0.43203125 0.19921875 0.0140625 0.028125
1 0.83046875 0.45234375 0.028125 0.0515625
1 0.54609375 0.47578125 0.0265625 0.0421875
1 0.50703125 0.15234375 0.0125 0.028125
1 0.22578125 0.61640625 0.0328125 0.0578125
1 0.87421875 0.31328125 0.01875 0.0359375
1 0.69609375 0.16875 0.0140625 0.03125
1 0.50546875 0.27578125 0.015625 0.0328125
1 0.346875 0.17578125 0.0125 0.028125
2 0.44765625 0.259375 0.0125 0.028125
1 0.51328125 0.12578125 0.0109375 0.0234375
1 0.8265625 0.240625 0.015625 0.0328125
1 0.56328125 0.1234375 0.0109375 0.0234375
1 0.45703125 0.13984375 0.0140625 0.028125
1 0.628125 0.11015625 0.0109375 0.0203125
1 0.7171875 0.10703125 0.009375 0.0296875
2 0.7875 0.10078125 0.0125 0.025
0 0.7109375 0.1171875 0.0078125 0.00625