1 0.35703125 0.19765625 0.0125 0.03125
1 0.93203125 0.56015625 0.0234375 0.053125
1 0.246875 0.55546875 0.01875 0.04375
1 0.153125 0.265625 0.0140625 0.0375
1 0.5125 0.54921875 0.01875 0.0453125
1 0.1296875 0.78828125 0.03125 0.0546875
1 0.684375 0.84140625 0.01875 0.05625
1 0.42109375 0.59140625 0.015625 0.04375
1 0.35078125 0.74609375 0.021875 0.0484375
1 0.1859375 0.8765625 0.028125 0.0453125
1 0.09453125 0.346875 0.015625 0.0390625
1 0.2484375 0.3609375 0.0140625 0.0390625
1 0.478125 0.39609375 0.0125 0.040625
1 0.14921875 0.39375 0.015625 0.0421875
1 0.828125 0.30859375 0.0140625 0.0390625
2 0.31328125 0.4484375 0.0171875 0.0390625
2 0.16328125 0.12109375 0.0109375 0.028125
1 0.45859375 0.40234375 0.0140625 0.0359375
1 0.325 0.30078125 0.0171875 0.0359375
1 0.37265625 0.29296875 0.0171875 0.0359375
1 0.58515625 0.17109375 0.0078125 0.025