1 0.421875 0.30859375 0.0171875 0.03125
1 0.684375 0.22734375 0.021875 0.03125
1 0.53046875 0.30546875 0.0171875 0.0328125
1 0.684375 0.39375 0.0171875 0.0359375
1 0.97109375 0.48515625 0.0203125 0.034375
1 0.225 0.4875 0.021875 0.040625
1 0.33671875 0.56171875 0.025 0.0375
1 0.64140625 0.2046875 0.0171875 0.0296875
1 0.7140625 0.32421875 0.0171875 0.034375
1 0.36015625 0.56640625 0.025 0.0421875
1 0.784375 0.4140625 0.0234375 0.0390625
1 0.1625 0.33046875 0.015625 0.0359375
2 0.3453125 0.33828125 0.0171875 0.0359375
1 0.5234375 0.4171875 0.025 0.0390625
1 0.9890625 0.59453125 0.021875 0.04375
1 0.746875 0.421875 0.0234375 0.0375
1 0.140625 0.24453125 0.015625 0.03125
1 0.09921875 0.33984375 0.0234375 0.0390625
1 0.27890625 0.3296875 0.01875 0.034375
1 0.56484375 0.284375 0.01875 0.0359375
0 0.91015625 0.5671875 0.0140625 0.0171875