1 0.46484375 0.28828125 0.01875 0.03125
1 0.709375 0.32890625 0.021875 0.0328125
1 0.33203125 0.3109375 0.0140625 0.0328125
1 0.96328125 0.596875 0.0265625 0.040625
1 0.7859375 0.40078125 0.0234375 0.0359375
1 0.659375 0.38671875 0.0265625 0.0359375
1 0.2484375 0.30390625 0.015625 0.034375
1 0.671875 0.19609375 0.021875 0.028125
1 0.209375 0.221875 0.0125 0.0296875
1 0.2734375 0.46875 0.0265625 0.0390625
1 0.27109375 0.56484375 0.021875 0.0421875
1 0.5265625 0.4 0.01875 0.0375
1 0.07421875 0.34453125 0.0140625 0.0375
1 0.9875 0.4984375 0.025 0.0421875
2 0.390625 0.33359375 0.015625 0.0328125
1 0.57109375 0.29296875 0.0171875 0.0296875
2 0.06953125 0.13828125 0.0125 0.025
1 0.7421875 0.234375 0.021875 0.0328125
1 0.71953125 0.421875 0.021875 0.0453125
1 0.58359375 0.27421875 0.0171875 0.03125
0 0.72265625 0.44453125 0.0140625 0.0125