1 0.29453125 0.590625 0.0328125 0.0625
1 0.55078125 0.5421875 0.0265625 0.0625
1 0.58671875 0.484375 0.0265625 0.05
2 0.52578125 0.7625 0.0484375 0.0921875
1 0.81796875 0.55 0.03125 0.0609375
1 0.646875 0.41171875 0.0171875 0.040625
1 0.4640625 0.65703125 0.03125 0.075
2 0.46015625 0.5015625 0.0203125 0.0578125
1 0.871875 0.446875 0.01875 0.046875
1 0.96796875 0.56796875 0.021875 0.0578125
1 0.01328125 0.59140625 0.015625 0.0609375
1 0.40078125 0.45078125 0.0203125 0.0484375
2 0.759375 0.37734375 0.0171875 0.0375
1 0.425 0.48984375 0.025 0.0515625
1 0.79375 0.40625 0.015625 0.0375
1 0.96875 0.553125 0.0234375 0.05625
1 0.365625 0.45 0.01875 0.0546875
1 0.028125 0.58671875 0.021875 0.0703125
0 0.05546875 0.6046875 0.0125 0.0125