1 0.2203125 0.47109375 0.0171875 0.0515625
1 0.46875 0.29921875 0.015625 0.0390625
1 0.04453125 0.159375 0.0140625 0.0328125
1 0.42578125 0.2921875 0.01875 0.040625
1 0.69140625 0.11328125 0.0109375 0.03125
1 0.1546875 0.27890625 0.0171875 0.040625
1 0.1328125 0.12890625 0.0125 0.034375
1 0.56796875 0.21640625 0.0140625 0.0390625
1 0.79609375 0.178125 0.0125 0.0359375
1 0.3734375 0.11640625 0.0125 0.034375
1 0.82890625 0.20390625 0.0125 0.0359375
1 0.5359375 0.0515625 0.0109375 0.0265625
2 0.3375 0.01640625 0.0109375 0.025
2 0.36875 0.21484375 0.015625 0.0359375