1 0.43984375 0.44296875 0.0203125 0.040625
1 0.55546875 0.234375 0.0125 0.0375
1 0.78125 0.24765625 0.015625 0.03125
1 0.50859375 0.51640625 0.021875 0.0390625
1 0.15390625 0.23671875 0.0125 0.034375
1 0.515625 0.30390625 0.015625 0.0359375
1 0.97421875 0.2265625 0.021875 0.03125
1 0.84296875 0.26171875 0.015625 0.0328125
1 0.8359375 0.33828125 0.0203125 0.0390625
1 0.59453125 0.253125 0.015625 0.0359375
1 0.68828125 0.1734375 0.0125 0.03125
2 0.55859375 0.26640625 0.0125 0.0328125
1 0.33671875 0.253125 0.0125 0.03125
1 0.8515625 0.2265625 0.01875 0.03125
1 0.34375 0.271875 0.0171875 0.0375
1 0.23359375 0.51640625 0.01875 0.05
1 0.23046875 0.38203125 0.015625 0.028125
1 0.590625 0.3359375 0.021875 0.0328125
1 0.94375 0.37890625 0.0140625 0.0453125
0 0.846875 0.27578125 0.0078125 0.0078125
1 0.6984375 0.17890625 0.0109375 0.03125
1 0.7328125 0.11875 0.0125 0.025
1 0.59140625 0.140625 0.0140625 0.0296875