1 0.56328125 0.2015625 0.0125 0.03125
1 0.478125 0.1328125 0.0109375 0.028125
1 0.66953125 0.2234375 0.0140625 0.0328125
1 0.1640625 0.6765625 0.03125 0.053125
1 0.5640625 0.84609375 0.025 0.0625
2 0.6890625 0.378125 0.0140625 0.0359375
1 0.79140625 0.2875 0.0125 0.0359375
1 0.4609375 0.5703125 0.0296875 0.0484375
1 0.39296875 0.390625 0.015625 0.0421875
1 0.60546875 0.3609375 0.0140625 0.0390625
1 0.0953125 0.37109375 0.015625 0.0390625
1 0.71640625 0.29140625 0.0125 0.0375
1 0.87890625 0.434375 0.0171875 0.0375
1 0.87109375 0.4515625 0.0171875 0.0359375
1 0.703125 0.71015625 0.0265625 0.0578125
1 0.94609375 0.57421875 0.0140625 0.0453125
1 0.853125 0.3578125 0.0171875 0.0359375
1 0.8 0.28671875 0.009375 0.0359375
1 0.496875 0.23515625 0.0125 0.034375
2 0.56875 0.10078125 0.0109375 0.028125
1 0.45703125 0.38046875 0.015625 0.0390625