1 0.953125 0.38359375 0.0203125 0.0390625
1 0.47890625 0.13046875 0.0125 0.03125
1 0.95390625 0.215625 0.0171875 0.0328125
1 0.26875 0.26953125 0.015625 0.034375
1 0.08984375 0.196875 0.0140625 0.03125
1 0.5546875 0.50625 0.0171875 0.04375
1 0.86953125 0.37265625 0.021875 0.04375
1 0.73203125 0.21015625 0.015625 0.0359375
1 0.953125 0.47421875 0.021875 0.0390625
1 0.96875 0.3140625 0.0171875 0.0375
1 0.021875 0.24765625 0.0171875 0.0328125
1 0.89609375 0.20234375 0.01875 0.0328125
1 0.6765625 0.34921875 0.01875 0.034375
1 0.740625 0.28515625 0.0171875 0.0359375
1 0.68359375 0.31796875 0.015625 0.0375
1 0.5921875 0.4890625 0.0234375 0.034375
1 0.67421875 0.20703125 0.01875 0.034375
1 0.3 0.26953125 0.01875 0.034375
1 0.31640625 0.13359375 0.0125 0.0265625
1 0.1875 0.31484375 0.0125 0.0328125
2 0.98984375 0.425 0.01875 0.0375