1 0.86484375 0.31875 0.021875 0.0359375
1 0.684375 0.29375 0.015625 0.0328125
1 0.21875 0.22109375 0.015625 0.03125
1 0.446875 0.253125 0.0140625 0.0359375
1 0.31171875 0.35078125 0.0140625 0.034375
1 0.559375 0.38515625 0.0171875 0.0375
1 0.4234375 0.1640625 0.0171875 0.028125
1 0.79140625 0.4078125 0.021875 0.0375
1 0.74296875 0.33671875 0.015625 0.0359375
1 0.83359375 0.553125 0.0265625 0.0390625
1 0.253125 0.3734375 0.0234375 0.034375
2 0.3859375 0.35546875 0.015625 0.0359375
1 0.47109375 0.140625 0.0125 0.025
1 0.35546875 0.11484375 0.0125 0.025
1 0.19453125 0.30859375 0.0140625 0.0375
1 0.63046875 0.48203125 0.01875 0.0375
1 0.52578125 0.1546875 0.0234375 0.025
1 0.2296875 0.29453125 0.0171875 0.0328125
1 0.0125 0.44453125 0.025 0.046875
1 0.121875 0.3703125 0.01875 0.04375
1 0.1453125 0.2703125 0.0171875 0.040625
1 0.0125 0.23203125 0.0171875 0.034375
2 0.37265625 0.0859375 0.0171875 0.025
0 0.53203125 0.1640625 0.0078125 0.0078125