1 0.078125 0.20234375 0.0140625 0.0296875
1 0.15390625 0.69296875 0.021875 0.0484375
1 0.61953125 0.3390625 0.0171875 0.0359375
1 0.378125 0.19140625 0.0140625 0.028125
1 0.134375 0.25546875 0.015625 0.03125
1 0.9734375 0.19140625 0.0171875 0.028125
1 0.4046875 0.18125 0.0140625 0.0265625
1 0.115625 0.509375 0.0171875 0.053125
1 0.5359375 0.51015625 0.0328125 0.0421875
1 0.23984375 0.234375 0.015625 0.03125
1 0.0609375 0.34140625 0.0171875 0.0390625
1 0.59375 0.21796875 0.015625 0.0328125
1 0.25078125 0.3515625 0.015625 0.0359375
1 0.58671875 0.659375 0.0234375 0.046875
1 0.31796875 0.35625 0.0171875 0.0359375
2 0.38203125 0.2578125 0.015625 0.03125
1 0.459375 0.19609375 0.0171875 0.0296875
1 0.14375 0.303125 0.0140625 0.0390625
1 0.328125 0.16328125 0.01875 0.028125
2 0.07734375 0.13984375 0.015625 0.021875
1 0.584375 0.11796875 0.0140625 0.028125
1 0.7234375 0.16484375 0.0125 0.03125