1 0.665625 0.43046875 0.0203125 0.040625
1 0.2859375 0.55390625 0.01875 0.0484375
1 0.58125 0.26171875 0.0125 0.0359375
1 0.18125 0.20859375 0.0140625 0.0328125
1 0.73359375 0.2015625 0.0140625 0.034375
1 0.26953125 0.28203125 0.0140625 0.0375
1 0.99296875 0.16328125 0.0140625 0.028125
1 0.9390625 0.21484375 0.015625 0.03125
1 0.2265625 0.1984375 0.0140625 0.034375
1 0.7734375 0.14453125 0.0140625 0.0265625
1 0.87421875 0.38671875 0.021875 0.040625
1 0.44296875 0.18828125 0.01875 0.0265625
1 0.71640625 0.19921875 0.0140625 0.034375
1 0.65234375 0.28125 0.01875 0.0375
2 0.2484375 0.984375 0.0359375 0.03125
1 0.49453125 0.1703125 0.0140625 0.0328125
2 0.71484375 0.09375 0.0125 0.0265625
1 0.7421875 0.5703125 0.0234375 0.05
1 0.2671875 0.73203125 0.0375 0.0515625
1 0.57734375 0.12109375 0.0109375 0.0234375
1 0.3 0.284375 0.0140625 0.034375
1 0.48125 0.13203125 0.0109375 0.025
2 0.36875 0.28359375 0.0109375 0.03125
0 0.95859375 0.178125 0.0125 0.0109375
1 0.7671875 0.11015625 0.0125 0.0265625