1 0.08828125 0.340625 0.0140625 0.0421875
1 0.51015625 0.17109375 0.0109375 0.0328125
1 0.51015625 0.22109375 0.0109375 0.0359375
1 0.440625 0.484375 0.0171875 0.046875
1 0.446875 0.2609375 0.0109375 0.0359375
1 0.203125 0.18671875 0.0125 0.0328125
1 0.85390625 0.4421875 0.0171875 0.0359375
2 0.17890625 0.1015625 0.0109375 0.028125
1 0.73671875 0.26328125 0.0125 0.034375
1 0.3921875 0.15546875 0.009375 0.028125
1 0.53984375 0.13828125 0.0109375 0.0265625
1 0.30390625 0.16953125 0.0109375 0.0328125
1 0.6484375 0.17109375 0.0125 0.03125
1 0.4625 0.125 0.0109375 0.028125
1 0.1921875 0.4875 0.01875 0.0515625
1 0.78984375 0.66171875 0.0234375 0.0546875
2 0.53828125 0.246875 0.015625 0.03125
1 0.14453125 0.2453125 0.01875 0.0375
1 0.275 0.296875 0.0140625 0.0359375
1 0.3640625 0.12109375 0.009375 0.028125
1 0.328125 0.1078125 0.0125 0.0234375
1 0.22578125 0.1125 0.0125 0.025
0 0.2375 0.1265625 0.009375 0.0078125