1 0.8 0.30546875 0.0171875 0.0375
1 0.403125 0.15546875 0.0125 0.028125
1 0.359375 0.3 0.0125 0.0375
1 0.26484375 0.1734375 0.0078125 0.021875
1 0.75078125 0.56953125 0.0234375 0.0390625
1 0.73828125 0.303125 0.0140625 0.0359375
1 0.61015625 0.2 0.0140625 0.028125
1 0.16875 0.540625 0.0234375 0.0484375
1 0.790625 0.21328125 0.0140625 0.0359375
2 0.2359375 0.0890625 0.0109375 0.0265625
1 0.484375 0.25546875 0.0125 0.03125
1 0.77890625 0.21328125 0.0140625 0.0328125
2 0.56328125 0.2890625 0.0125 0.034375
1 0.0859375 0.153125 0.0140625 0.025
1 0.68359375 0.6640625 0.01875 0.053125
1 0.2765625 0.39609375 0.0234375 0.0359375
1 0.24140625 0.11953125 0.0109375 0.0265625
1 0.3609375 0.15546875 0.0125 0.0265625
1 0.1484375 0.3390625 0.01875 0.034375
2 0.72734375 0.98359375 0.025 0.0328125
1 0.4984375 0.18046875 0.0171875 0.0265625
1 0.27421875 0.178125 0.0171875 0.025
1 0.1265625 0.15234375 0.0140625 0.025
1 0.20703125 0.109375 0.0109375 0.0203125