1 0.84453125 0.403125 0.0125 0.04375
1 0.75703125 0.17109375 0.0109375 0.034375
1 0.77578125 0.24375 0.0125 0.0390625
1 0.26640625 0.2859375 0.0125 0.0390625
1 0.57890625 0.1734375 0.009375 0.03125
1 0.33203125 0.1546875 0.0109375 0.028125
1 0.4171875 0.41328125 0.015625 0.0421875
1 0.38125 0.2671875 0.0125 0.0375
1 0.51171875 0.1734375 0.0078125 0.0328125
1 0.37421875 0.178125 0.0109375 0.03125
1 0.30625 0.203125 0.0125 0.0328125
1 0.6015625 0.16171875 0.0109375 0.03125
1 0.625 0.165625 0.0109375 0.0296875
1 0.61875 0.134375 0.0109375 0.0265625
1 0.246875 0.14453125 0.0109375 0.0265625
1 0.48828125 0.11953125 0.009375 0.0265625
1 0.27265625 0.378125 0.0140625 0.0421875
1 0.6796875 0.54375 0.01875 0.0453125
1 0.52265625 0.234375 0.0125 0.03125
1 0.63359375 0.24609375 0.0078125 0.03125
2 0.40078125 0.2625 0.0125 0.03125
2 0.23984375 0.11875 0.0109375 0.028125