1 0.346875 0.20546875 0.0125 0.0328125
1 0.0671875 0.3671875 0.0171875 0.0421875
1 0.04296875 0.15859375 0.0140625 0.0328125
1 0.41953125 0.2 0.0109375 0.0328125
1 0.11484375 0.25546875 0.0140625 0.040625
1 0.65625 0.16953125 0.0125 0.0359375
1 0.4265625 0.41640625 0.0140625 0.046875
1 0.75078125 0.62265625 0.0203125 0.046875
1 0.20625 0.484375 0.0171875 0.0484375
1 0.60859375 0.22734375 0.0125 0.0375
2 0.96328125 0.9375 0.0359375 0.0484375
2 0.48125 0.240625 0.0109375 0.0328125
1 0.5921875 0.16875 0.0140625 0.0359375
1 0.40625 0.15546875 0.009375 0.028125
1 0.3609375 0.15078125 0.0109375 0.03125
1 0.359375 0.11640625 0.0109375 0.034375
1 0.484375 0.12109375 0.0140625 0.0296875
1 0.16796875 0.1109375 0.0171875 0.028125
1 0.18515625 0.16484375 0.015625 0.028125
1 0.234375 0.22890625 0.015625 0.0359375
2 0.1015625 0.10078125 0.0140625 0.0296875
0 0.2375 0.1234375 0.0125 0.0125
1 0.7671875 0.428125 0.021875 0.0421875