1 0.603125 0.24140625 0.0109375 0.0359375
1 0.7140625 0.5609375 0.01875 0.046875
1 0.403125 0.1625 0.0125 0.0265625
1 0.28515625 0.38828125 0.0140625 0.0421875
1 0.83125 0.39140625 0.0171875 0.040625
1 0.7296875 0.175 0.0109375 0.034375
1 0.284375 0.20390625 0.0125 0.0328125
1 0.521875 0.16640625 0.0109375 0.0296875
1 0.48515625 0.23046875 0.0125 0.034375
2 0.403125 0.2609375 0.0109375 0.0359375
1 0.32890625 0.15546875 0.0109375 0.0265625
1 0.72734375 0.23828125 0.0140625 0.0375
1 0.6140625 0.1671875 0.0109375 0.03125
1 0.4578125 0.4140625 0.0140625 0.040625
1 0.3625 0.2578125 0.0109375 0.034375
1 0.56640625 0.1375 0.015625 0.0234375
1 0.59453125 0.1671875 0.015625 0.0265625
1 0.50234375 0.1765625 0.009375 0.03125
1 0.2109375 0.1421875 0.0109375 0.025
1 0.23828125 0.29609375 0.0109375 0.040625
0 0.42109375 0.15859375 0.0078125 0.009375