1 0.48828125 0.24921875 0.01875 0.03125
1 0.93828125 0.415625 0.03125 0.04375
1 0.246875 0.328125 0.0265625 0.0359375
1 0.11796875 0.4859375 0.0328125 0.0421875
1 0.2 0.21171875 0.015625 0.0375
1 0.80625 0.74453125 0.0328125 0.0453125
1 0.09765625 0.31484375 0.0234375 0.0375
1 0.71796875 0.3015625 0.01875 0.0359375
1 0.21796875 0.2359375 0.01875 0.0328125
1 0.62578125 0.1453125 0.0140625 0.025
1 0.26875 0.80234375 0.0421875 0.0453125
1 0.70078125 0.45703125 0.028125 0.046875
1 0.9703125 0.296875 0.021875 0.0375
2 0.3734375 0.378125 0.01875 0.0375
1 0.7640625 0.68359375 0.0328125 0.0578125
1 0.92734375 0.4171875 0.0296875 0.0421875
1 0.059375 0.31328125 0.01875 0.034375
1 0.54921875 0.24375 0.015625 0.03125
1 0.91640625 0.40703125 0.0234375 0.0421875
1 0.953125 0.29140625 0.0171875 0.03125
1 0.790625 0.1984375 0.015625 0.028125
2 0.27890625 0.0984375 0.01875 0.0265625