1 0.06875 0.2640625 0.015625 0.0390625
1 0.13515625 0.5046875 0.0171875 0.0515625
1 0.68203125 0.42734375 0.021875 0.040625
1 0.20546875 0.2359375 0.0140625 0.0375
1 0.56640625 0.16484375 0.0109375 0.034375
1 0.19765625 0.10625 0.0109375 0.028125
1 0.61796875 0.16640625 0.0125 0.0359375
1 0.35703125 0.11484375 0.0078125 0.028125
1 0.69921875 0.64921875 0.025 0.05625
1 0.51953125 0.2125 0.0125 0.0375
2 0.84296875 0.9265625 0.0390625 0.0453125
1 0.01640625 0.36171875 0.015625 0.04375
1 0.43203125 0.15390625 0.0109375 0.028125
1 0.48125 0.11484375 0.0109375 0.0265625
2 0.1078125 0.09609375 0.0109375 0.0265625
1 0.365625 0.45390625 0.01875 0.0453125
1 0.3046875 0.19375 0.009375 0.028125
1 0.32421875 0.18046875 0.0109375 0.03125
1 0.184375 0.15703125 0.0125 0.0296875
1 0.41171875 0.1390625 0.0125 0.0265625
2 0.48203125 0.23671875 0.009375 0.0359375
0 0.2359375 0.1203125 0.0125 0.0140625
1 0.05078125 0.15625 0.0109375 0.0328125