1 0.29921875 0.4671875 0.0171875 0.046875
1 0.77421875 0.28671875 0.0140625 0.0359375
1 0.1109375 0.26796875 0.0140625 0.0359375
1 0.81875 0.596875 0.0265625 0.0453125
1 0.26484375 0.29296875 0.015625 0.0359375
1 0.68984375 0.2671875 0.0140625 0.034375
1 0.4359375 0.16640625 0.0140625 0.0328125
1 0.84609375 0.33671875 0.015625 0.0359375
2 0.5578125 0.30625 0.0140625 0.0359375
1 0.559375 0.13125 0.0125 0.0265625
1 0.69296875 0.2203125 0.0140625 0.034375
1 0.6140625 0.215625 0.0125 0.0359375
1 0.90625 0.384375 0.0171875 0.0375
2 0.5984375 0.0859375 0.0109375 0.0265625
1 0.78671875 0.428125 0.0171875 0.040625
1 0.48359375 0.1734375 0.0140625 0.03125
1 0.46640625 0.10078125 0.0109375 0.025
1 0.484375 0.159375 0.0140625 0.0328125
1 0.71796875 0.24609375 0.01875 0.0328125
1 0.67578125 0.2015625 0.0171875 0.034375
1 0.34765625 0.1484375 0.0140625 0.0296875
1 0.31796875 0.134375 0.015625 0.0265625
0 0.3359375 0.1390625 0.0046875 0.009375