1 0.946875 0.6109375 0.05625 0.134375
1 0.4625 0.52578125 0.05625 0.1234375
1 0.265625 0.396875 0.05 0.11875
1 0.3828125 0.54921875 0.059375 0.1296875
1 0.69375 0.4359375 0.059375 0.115625
1 0.91484375 0.38046875 0.0296875 0.1140625
1 0.16484375 0.4078125 0.0609375 0.121875
2 0.9859375 0.3765625 0.028125 0.10625
1 0.45859375 0.31953125 0.0421875 0.0921875
1 0.415625 0.71640625 0.059375 0.1515625
1 0.41796875 0.3484375 0.0328125 0.096875
1 0.9890625 0.54140625 0.021875 0.1296875
0 0.753125 0.76015625 0.028125 0.0234375