1 0.62109375 0.30625 0.0140625 0.0375
1 0.93046875 0.19921875 0.015625 0.03125
1 0.65390625 0.56171875 0.0171875 0.0484375
1 0.30859375 0.20546875 0.0125 0.03125
1 0.46796875 0.509375 0.01875 0.04375
1 0.87421875 0.20078125 0.0140625 0.0328125
1 0.3796875 0.25703125 0.0140625 0.0375
1 0.78359375 0.3125 0.015625 0.0375
1 0.646875 0.19765625 0.0109375 0.028125
1 0.746875 0.2578125 0.0140625 0.0359375
1 0.33828125 0.20390625 0.0140625 0.03125
1 0.14140625 0.61953125 0.021875 0.05
1 0.571875 0.284375 0.0140625 0.0359375
1 0.43203125 0.1234375 0.0109375 0.021875
1 0.1015625 0.50390625 0.0203125 0.04375
1 0.45546875 0.2421875 0.0109375 0.034375
1 0.365625 0.1484375 0.0140625 0.0265625
1 0.65859375 0.18984375 0.009375 0.0296875
1 0.63046875 0.18203125 0.009375 0.021875
1 0.6328125 0.16875 0.0125 0.021875
2 0.84765625 0.11640625 0.0171875 0.0265625
2 0.3703125 0.25859375 0.009375 0.034375