1 0.86875 0.390625 0.0140625 0.0421875
1 0.64609375 0.25078125 0.0125 0.0359375
1 0.5828125 0.5265625 0.015625 0.0375
1 0.92890625 0.26796875 0.0140625 0.0328125
1 0.178125 0.4015625 0.0140625 0.0359375
1 0.10859375 0.23203125 0.0140625 0.0359375
1 0.46796875 0.2140625 0.0140625 0.034375
1 0.61171875 0.3015625 0.015625 0.0375
1 0.565625 0.18046875 0.0140625 0.0328125
1 0.34453125 0.25703125 0.0140625 0.0328125
1 0.609375 0.2078125 0.0140625 0.03125
1 0.36015625 0.22421875 0.015625 0.0328125
1 0.621875 0.22265625 0.0140625 0.03125
1 0.28359375 0.3015625 0.0140625 0.0359375
1 0.52578125 0.1953125 0.0140625 0.034375
1 0.25 0.325 0.0140625 0.0359375
1 0.1828125 0.36875 0.0109375 0.034375
2 0.4125 0.3546875 0.0140625 0.034375
1 0.453125 0.421875 0.0125 0.0390625
1 0.43046875 0.2828125 0.0140625 0.0296875
1 0.3234375 0.2625 0.009375 0.03125
1 0.54375 0.18359375 0.0109375 0.028125
2 0.52109375 0.09921875 0.009375 0.028125
0 0.85390625 0.25390625 0.0125 0.0140625