1 0.06796875 0.48671875 0.021875 0.0390625
1 0.35546875 0.1390625 0.0109375 0.0265625
1 0.64296875 0.14296875 0.015625 0.028125
1 0.29921875 0.225 0.0125 0.0328125
1 0.371875 0.24609375 0.015625 0.0359375
1 0.43828125 0.396875 0.0203125 0.0421875
1 0.7078125 0.26953125 0.0140625 0.0359375
1 0.37421875 0.128125 0.0109375 0.028125
1 0.72109375 0.72890625 0.025 0.053125
1 0.6859375 0.12890625 0.0125 0.0265625
1 0.671875 0.15625 0.0140625 0.028125
2 0.671875 0.2546875 0.0140625 0.0359375
1 0.1625 0.17890625 0.0140625 0.0296875
1 0.69453125 0.2359375 0.015625 0.034375
1 0.94140625 0.490625 0.01875 0.04375
1 0.7625 0.190625 0.0171875 0.0265625
1 0.7390625 0.13515625 0.0109375 0.028125
1 0.49765625 0.1984375 0.0109375 0.0265625
1 0.5078125 0.1875 0.009375 0.0328125
1 0.609375 0.08828125 0.0171875 0.028125
0 0.23515625 0.17578125 0.0125 0.0125