1 0.0015559890625 0.00104058125 0.00013020781250000016 0.00026692656250000004
1 0.68359375 0.484375 0.05625 0.1484375
1 0.246875 0.41328125 0.0453125 0.1375
2 0.51015625 0.459375 0.0515625 0.140625
1 0.734375 0.278125 0.0359375 0.0984375
1 0.05546875 0.39765625 0.0421875 0.140625
1 0.79609375 0.296875 0.0421875 0.103125
1 0.46875 0.29765625 0.0546875 0.0984375
1 0.33359375 0.2671875 0.04375 0.090625
2 0.5734375 0.1875 0.053125 0.096875
1 0.36796875 0.2609375 0.0421875 0.06875
0 0.70078125 0.31640625 0.01875 0.021875