1 0.46796875 0.265625 0.0234375 0.03125
1 0.021875 0.3109375 0.0171875 0.0375
1 0.94921875 0.3609375 0.0234375 0.0359375
1 0.6921875 0.28125 0.0171875 0.034375
1 0.090625 0.25625 0.015625 0.0328125
1 0.5984375 0.38359375 0.021875 0.0359375
1 0.803125 0.25390625 0.015625 0.0359375
1 0.83046875 0.29609375 0.0203125 0.0359375
1 0.9734375 0.19296875 0.0140625 0.0296875
1 0.78125 0.37578125 0.025 0.0375
1 0.71640625 0.18203125 0.0171875 0.028125
1 0.4515625 0.4609375 0.03125 0.0375
1 0.115625 0.5125 0.04375 0.0453125
1 0.5625 0.340625 0.0234375 0.0390625
1 0.5203125 0.1640625 0.0296875 0.0328125
1 0.5359375 0.3140625 0.01875 0.0265625
1 0.41171875 0.40859375 0.040625 0.0453125
1 0.52578125 0.27421875 0.021875 0.0296875
2 0.603125 0.33125 0.0171875 0.034375
2 0.14609375 0.953125 0.0328125 0.0484375
1 0.2640625 0.57421875 0.0328125 0.0390625
0 0.53828125 0.353125 0.0109375 0.0109375
1 0.65859375 0.2375 0.025 0.0359375
2 0.57421875 0.01953125 0.0125 0.0234375