1 0.33359375 0.146875 0.015625 0.0296875
1 0.09375 0.42421875 0.021875 0.0484375
1 0.60078125 0.34296875 0.0171875 0.0375
1 0.15078125 0.4375 0.01875 0.0484375
1 0.97578125 0.17890625 0.015625 0.0296875
1 0.6421875 0.34375 0.01875 0.0390625
1 0.3515625 0.246875 0.015625 0.0390625
1 0.796875 0.540625 0.028125 0.0484375
1 0.91640625 0.1796875 0.0140625 0.0296875
1 0.64609375 0.0828125 0.0140625 0.0265625
1 0.29453125 0.59765625 0.0171875 0.053125
1 0.72578125 0.24375 0.0265625 0.028125
1 0.1640625 0.63515625 0.021875 0.053125
2 0.5015625 0.2765625 0.0171875 0.0390625
1 0.74921875 0.22578125 0.0171875 0.0296875
2 0.64296875 0.02734375 0.0125 0.021875
1 0.32109375 0.275 0.01875 0.0296875
1 0.01328125 0.31796875 0.01875 0.040625