1 0.421875 0.35625 0.0125 0.040625
1 0.4890625 0.16953125 0.0125 0.0296875
1 0.640625 0.59296875 0.01875 0.0484375
1 0.353125 0.31640625 0.0140625 0.0390625
1 0.24375 0.23203125 0.0125 0.034375
1 0.21875 0.43203125 0.0171875 0.0484375
1 0.91953125 0.2484375 0.0109375 0.034375
1 0.57265625 0.63359375 0.0171875 0.05
1 0.034375 0.26953125 0.015625 0.0421875
1 0.378125 0.1296875 0.0109375 0.028125
1 0.01875 0.54609375 0.015625 0.046875
1 0.47109375 0.29375 0.0125 0.0328125
1 0.603125 0.27265625 0.0140625 0.0375
1 0.52578125 0.35625 0.015625 0.0421875
1 0.68125 0.43671875 0.01875 0.0390625
1 0.61171875 0.33046875 0.0171875 0.0359375
2 0.51796875 0.30390625 0.0125 0.0359375
1 0.61171875 0.28359375 0.015625 0.0375
1 0.63125 0.425 0.0203125 0.0390625
1 0.371875 0.2734375 0.0140625 0.0375
1 0.27421875 0.36328125 0.015625 0.040625
1 0.4921875 0.3 0.0140625 0.0390625
0 0.50078125 0.34453125 0.009375 0.0125