2 0.4859375 0.2109375 0.01875 0.0359375
1 0.43359375 0.215625 0.0203125 0.034375
1 0.55703125 0.221875 0.0140625 0.0359375
1 0.7109375 0.2171875 0.0109375 0.034375
1 0.96640625 0.203125 0.0109375 0.034375
1 0.09453125 0.20078125 0.0140625 0.034375
1 0.26328125 0.134375 0.0125 0.03125
1 0.0296875 0.2765625 0.0171875 0.0453125
1 0.52578125 0.24375 0.015625 0.0359375
1 0.35546875 0.11875 0.015625 0.0265625
1 0.2859375 0.26171875 0.021875 0.034375
1 0.690625 0.31953125 0.015625 0.04375
1 0.66171875 0.31484375 0.0171875 0.0421875
1 0.44453125 0.1171875 0.0125 0.03125
1 0.56796875 0.18203125 0.0140625 0.0359375
1 0.59453125 0.171875 0.015625 0.0328125
1 0.53046875 0.17734375 0.0125 0.0328125
1 0.12578125 0.19453125 0.0171875 0.0296875
1 0.38984375 0.37109375 0.0203125 0.0390625
1 0.6359375 0.2375 0.0140625 0.0390625
1 0.2984375 0.146875 0.021875 0.0359375
1 0.321875 0.215625 0.021875 0.0375
2 0.54609375 0.05859375 0.0171875 0.0265625
0 0.0890625 0.21328125 0.00625 0.00625