1 0.4234375 0.1984375 0.0109375 0.0296875
1 0.30234375 0.290625 0.0125 0.0390625
1 0.640625 0.15546875 0.0125 0.028125
1 0.01640625 0.60859375 0.0328125 0.053125
1 0.421875 0.48671875 0.0171875 0.0484375
1 0.44609375 0.3 0.0125 0.0375
1 0.309375 0.36328125 0.0140625 0.0421875
1 0.284375 0.35234375 0.0140625 0.0421875
1 0.5078125 0.35 0.0171875 0.040625
1 0.5078125 0.27421875 0.0125 0.034375
1 0.7 0.2546875 0.0171875 0.0359375
1 0.03359375 0.58515625 0.0234375 0.05
1 0.2703125 0.70546875 0.0234375 0.05
2 0.153125 0.10703125 0.0125 0.028125
1 0.09453125 0.25703125 0.0140625 0.0375
1 0.34921875 0.19921875 0.0125 0.0328125
1 0.05390625 0.334375 0.0171875 0.0453125
1 0.2765625 0.19453125 0.015625 0.0265625
0 0.46171875 0.31796875 0.0109375 0.0125
2 0.5875 0.26953125 0.0171875 0.03125
1 0.5484375 0.2859375 0.0171875 0.03125
1 0.7890625 0.2375 0.0125 0.0390625
1 0.721875 0.40078125 0.0203125 0.0453125