1 0.9359375 0.409375 0.015625 0.046875
1 0.5984375 0.303125 0.0140625 0.0359375
1 0.7109375 0.3359375 0.0140625 0.0359375
1 0.478125 0.20390625 0.0125 0.034375
1 0.44921875 0.33515625 0.0125 0.0390625
2 0.44375 0.403125 0.0125 0.0390625
1 0.475 0.56796875 0.01875 0.046875
1 0.48046875 0.24765625 0.0109375 0.0375
1 0.715625 0.17109375 0.0125 0.0328125
1 0.64921875 0.40546875 0.0140625 0.0359375
1 0.69296875 0.40859375 0.0140625 0.0453125
1 0.7125 0.3203125 0.0125 0.0328125
1 0.61796875 0.365625 0.0140625 0.0421875
1 0.67578125 0.64375 0.0203125 0.05
2 0.42109375 0.1109375 0.0109375 0.0265625
1 0.65390625 0.41796875 0.015625 0.040625
1 0.89453125 0.27734375 0.0140625 0.040625
1 0.66796875 0.38203125 0.0140625 0.040625
1 0.6921875 0.35859375 0.0125 0.0359375
1 0.6640625 0.346875 0.0140625 0.0390625
1 0.53984375 0.3015625 0.0140625 0.0375