1 0.21875 0.2421875 0.0109375 0.0390625
1 0.165625 0.40703125 0.0140625 0.04375
1 0.6265625 0.4125 0.015625 0.0421875
1 0.64375 0.1765625 0.009375 0.0328125
1 0.70703125 0.20546875 0.0125 0.0328125
1 0.35859375 0.528125 0.015625 0.0453125
1 0.75 0.371875 0.0140625 0.0421875
1 0.75546875 0.146875 0.0109375 0.0296875
1 0.378125 0.1640625 0.0078125 0.028125
1 0.25703125 0.16796875 0.0109375 0.03125
1 0.74296875 0.28359375 0.0125 0.0375
1 0.42421875 0.1671875 0.0109375 0.0328125
1 0.5078125 0.16875 0.0109375 0.0328125
2 0.77578125 0.115625 0.009375 0.028125
1 0.67109375 0.15390625 0.0109375 0.03125
1 0.3828125 0.240625 0.0109375 0.0359375
2 0.6234375 0.26484375 0.0109375 0.03125
1 0.6140625 0.27109375 0.0140625 0.0328125
1 0.4828125 0.2328125 0.0109375 0.03125
1 0.39140625 0.1328125 0.009375 0.03125
1 0.42265625 0.15 0.009375 0.0125
1 0.52890625 0.12421875 0.0125 0.025