1 0.559375 0.53359375 0.0171875 0.046875
1 0.8171875 0.39296875 0.01875 0.04375
1 0.43359375 0.44375 0.015625 0.04375
1 0.24453125 0.3015625 0.0125 0.0375
1 0.60859375 0.30703125 0.0140625 0.0390625
1 0.17578125 0.4 0.0140625 0.0375
1 0.2984375 0.26171875 0.0125 0.034375
2 0.49140625 0.0921875 0.0109375 0.028125
1 0.22421875 0.33046875 0.0125 0.0390625
2 0.4046875 0.365625 0.0140625 0.0390625
1 0.653125 0.221875 0.0140625 0.03125
1 0.40546875 0.2875 0.0140625 0.0375
1 0.571875 0.1828125 0.0140625 0.03125
1 0.58828125 0.2265625 0.0140625 0.0328125
1 0.10390625 0.39375 0.021875 0.0359375
1 0.10703125 0.2265625 0.0109375 0.0359375
1 0.3203125 0.265625 0.015625 0.0359375
1 0.35 0.23125 0.0140625 0.0359375
1 0.4546875 0.2234375 0.015625 0.034375
1 0.63203125 0.25546875 0.015625 0.034375
1 0.60859375 0.2234375 0.0171875 0.0328125
0 0.59296875 0.18984375 0.009375 0.0078125
1 0.9046875 0.271875 0.0125 0.0375
1 0.54453125 0.18671875 0.0140625 0.01875