1 0.9765625 0.203125 0.0203125 0.0375
1 0.40078125 0.2390625 0.01875 0.0359375
1 0.33046875 0.29375 0.0171875 0.0375
1 0.20078125 0.434375 0.0234375 0.0453125
1 0.86328125 0.26171875 0.01875 0.03125
1 0.803125 0.359375 0.021875 0.0359375
1 0.17109375 0.43046875 0.0234375 0.046875
1 0.88828125 0.25703125 0.0171875 0.03125
1 0.321875 0.60703125 0.0359375 0.0484375
1 0.69140625 0.07578125 0.0140625 0.025
2 0.55 0.28203125 0.0171875 0.0375
1 0.02890625 0.325 0.0171875 0.0375
1 0.37578125 0.56953125 0.0375 0.059375
1 0.45859375 0.1328125 0.0109375 0.0265625
2 0.68046875 0.021875 0.0109375 0.0265625
1 0.8078125 0.34453125 0.034375 0.025
1 0.0546875 0.31015625 0.0171875 0.04375