1 0.578125 0.30859375 0.0171875 0.03125
1 0.315625 0.22734375 0.021875 0.03125
1 0.46953125 0.30546875 0.0171875 0.0328125
1 0.315625 0.39375 0.0171875 0.0359375
1 0.02890625 0.48515625 0.0203125 0.034375
1 0.775 0.4875 0.021875 0.040625
1 0.66328125 0.56171875 0.025 0.0375
1 0.35859375 0.2046875 0.0171875 0.0296875
1 0.2859375 0.32421875 0.0171875 0.034375
1 0.63984375 0.56640625 0.025 0.0421875
1 0.215625 0.4140625 0.0234375 0.0390625
1 0.8375 0.33046875 0.015625 0.0359375
2 0.6546875 0.33828125 0.0171875 0.0359375
1 0.4765625 0.4171875 0.025 0.0390625
1 0.0109375 0.59453125 0.021875 0.04375
1 0.253125 0.421875 0.0234375 0.0375
1 0.859375 0.24453125 0.015625 0.03125
1 0.90078125 0.33984375 0.0234375 0.0390625
1 0.72109375 0.3296875 0.01875 0.034375
1 0.43515625 0.284375 0.01875 0.0359375
0 0.08984375 0.5671875 0.0140625 0.0171875