1 0.25546875 0.375 0.0140625 0.0375
1 0.2015625 0.3515625 0.0140625 0.0375
1 0.490625 0.359375 0.0140625 0.040625
1 0.61171875 0.2015625 0.0109375 0.0296875
1 0.11640625 0.69375 0.0328125 0.05
1 0.1203125 0.21640625 0.0125 0.0359375
1 0.84453125 0.2984375 0.0140625 0.0328125
1 0.88984375 0.87421875 0.0390625 0.0578125
1 0.9328125 0.69375 0.025 0.046875
1 0.93046875 0.425 0.021875 0.0421875
1 0.2640625 0.6234375 0.0234375 0.0484375
2 0.73359375 0.36875 0.0125 0.0375
1 0.78046875 0.51328125 0.0171875 0.040625
1 0.9390625 0.42890625 0.0203125 0.040625
1 0.90625 0.2296875 0.0140625 0.0328125
1 0.51953125 0.1359375 0.0109375 0.03125
1 0.51796875 0.3640625 0.015625 0.0390625
1 0.76328125 0.534375 0.0171875 0.0375
1 0.89765625 0.31171875 0.0203125 0.03125
1 0.9046875 0.15390625 0.0140625 0.0265625
0 0.1328125 0.315625 0.0125 0.009375