1 0.06953125 0.328125 0.0171875 0.0390625
1 0.28828125 0.1578125 0.0125 0.0234375
1 0.59765625 0.103125 0.0109375 0.021875
1 0.70234375 0.284375 0.0140625 0.0359375
1 0.22265625 0.19453125 0.0125 0.034375
1 0.46953125 0.3078125 0.0140625 0.034375
1 0.50546875 0.2609375 0.0171875 0.0328125
1 0.94296875 0.41875 0.021875 0.0453125
1 0.68203125 0.240625 0.01875 0.0359375
1 0.5421875 0.5203125 0.015625 0.0453125
1 0.8546875 0.45078125 0.0203125 0.040625
1 0.2578125 0.54765625 0.025 0.0484375
0 0.30234375 0.17265625 0.009375 0.0140625