1 0.5125 0.1765625 0.009375 0.0296875
1 0.4859375 0.18203125 0.0109375 0.028125
1 0.53125 0.2609375 0.0125 0.03125
1 0.19921875 0.37578125 0.0125 0.0421875
1 0.63984375 0.46328125 0.0140625 0.0390625
1 0.57578125 0.19921875 0.0109375 0.03125
1 0.359375 0.271875 0.0125 0.0359375
1 0.4328125 0.26953125 0.0109375 0.0328125
1 0.7359375 0.25859375 0.0125 0.0359375
1 0.771875 0.20234375 0.0140625 0.0328125
2 0.253125 0.11328125 0.009375 0.0234375
2 0.575 0.22265625 0.0125 0.0328125
1 0.75078125 0.19140625 0.0140625 0.034375
1 0.58203125 0.1359375 0.0109375 0.0265625
1 0.415625 0.56171875 0.0140625 0.040625
1 0.2796875 0.19375 0.0109375 0.0265625
1 0.40703125 0.1734375 0.0125 0.0234375
1 0.42578125 0.14765625 0.015625 0.0296875
1 0.5078125 0.1125 0.0109375 0.021875
1 0.6375 0.26015625 0.009375 0.0359375
0 0.28125 0.2140625 0.009375 0.0109375