1 0.81171875 0.3734375 0.0734375 0.1078125
1 0.48046875 0.42421875 0.0671875 0.13125
1 0.415625 0.49296875 0.0578125 0.146875
1 0.45078125 0.3359375 0.0625 0.0890625
1 0.69453125 0.36953125 0.046875 0.1140625
1 0.38671875 0.25625 0.040625 0.090625
1 0.040625 0.25078125 0.0390625 0.09375
1 0.334375 0.31171875 0.0484375 0.090625
1 0.1984375 0.2375 0.046875 0.075
1 0.67734375 0.340625 0.0375 0.1125
1 0.275 0.303125 0.053125 0.0953125
1 0.24296875 0.3125 0.0640625 0.1
2 0.23203125 0.19296875 0.034375 0.0921875
0 0.52265625 0.3609375 0.01875 0.01875