1 0.53203125 0.265625 0.0234375 0.03125
1 0.978125 0.3109375 0.0171875 0.0375
1 0.05078125 0.3609375 0.0234375 0.0359375
1 0.3078125 0.28125 0.0171875 0.034375
1 0.909375 0.25625 0.015625 0.0328125
1 0.4015625 0.38359375 0.021875 0.0359375
1 0.196875 0.25390625 0.015625 0.0359375
1 0.16953125 0.29609375 0.0203125 0.0359375
1 0.0265625 0.19296875 0.0140625 0.0296875
1 0.21875 0.37578125 0.025 0.0375
1 0.28359375 0.18203125 0.0171875 0.028125
1 0.5484375 0.4609375 0.03125 0.0375
1 0.884375 0.5125 0.04375 0.0453125
1 0.4375 0.340625 0.0234375 0.0390625
1 0.4796875 0.1640625 0.0296875 0.0328125
1 0.4640625 0.3140625 0.01875 0.0265625
1 0.58828125 0.40859375 0.040625 0.0453125
1 0.47421875 0.27421875 0.021875 0.0296875
2 0.396875 0.33125 0.0171875 0.034375
2 0.85390625 0.953125 0.0328125 0.0484375
1 0.7359375 0.57421875 0.0328125 0.0390625
0 0.46171875 0.353125 0.0109375 0.0109375
1 0.34140625 0.2375 0.025 0.0359375
2 0.42578125 0.01953125 0.0125 0.0234375