1 0.11015625 0.31015625 0.0171875 0.0375
1 0.64765625 0.27109375 0.01875 0.0359375
1 0.434375 0.29765625 0.015625 0.0359375
1 0.46640625 0.25625 0.0140625 0.0359375
1 0.8859375 0.18671875 0.0171875 0.0296875
1 0.91171875 0.403125 0.0265625 0.0453125
1 0.2890625 0.165625 0.015625 0.0265625
1 0.5203125 0.53125 0.0171875 0.0515625
1 0.59453125 0.20859375 0.0171875 0.0328125
1 0.8078125 0.43359375 0.01875 0.0453125
1 0.58359375 0.10234375 0.0140625 0.028125
1 0.9859375 0.2578125 0.01875 0.0359375
1 0.184375 0.565625 0.0234375 0.0421875
1 0.1890625 0.20703125 0.0140625 0.0359375
0 0.29765625 0.178125 0.0078125 0.009375