1 0.203125 0.23828125 0.01875 0.034375
1 0.75234375 0.27578125 0.0125 0.0375
1 0.0328125 0.43359375 0.01875 0.046875
1 0.93359375 0.60234375 0.0171875 0.0546875
1 0.3265625 0.78359375 0.021875 0.0546875
1 0.9859375 0.80390625 0.028125 0.053125
1 0.33671875 0.14765625 0.0109375 0.028125
2 0.65546875 0.42421875 0.0140625 0.04375
1 0.69609375 0.42421875 0.0140625 0.046875
1 0.8859375 0.4078125 0.0140625 0.04375
1 0.74765625 0.20078125 0.0109375 0.03125
1 0.5265625 0.62109375 0.0140625 0.053125
1 0.29921875 0.41015625 0.0140625 0.046875
1 0.47265625 0.32578125 0.0140625 0.0375
1 0.72109375 0.52421875 0.0203125 0.04375
1 0.90234375 0.3921875 0.015625 0.0453125
1 0.80859375 0.2765625 0.0125 0.0390625
1 0.546875 0.26484375 0.0125 0.034375
1 0.67578125 0.1484375 0.0109375 0.03125
2 0.784375 0.1140625 0.0125 0.028125
1 0.45234375 0.1890625 0.009375 0.0296875
1 0.3203125 0.2484375 0.0140625 0.034375
0 0.30546875 0.18671875 0.0109375 0.0125