1 0.931250 0.264062 0.028125 0.062500
1 0.920312 0.275781 0.025000 0.057813
1 0.779688 0.335938 0.023438 0.050000
1 0.885937 0.282031 0.020312 0.054688
1 0.842188 0.432813 0.023438 0.054688
1 0.760156 0.421094 0.023438 0.059375
1 0.842188 0.377344 0.031250 0.059375
1 0.515625 0.302344 0.028125 0.035937
1 0.907813 0.277344 0.009375 0.053125
1 0.849219 0.601562 0.026563 0.064062
1 0.773438 0.575781 0.026562 0.065625
1 0.807812 0.469531 0.026563 0.065625
1 0.688281 0.550000 0.028125 0.068750
2 0.054688 0.526563 0.025000 0.059375
1 0.732812 0.486719 0.028125 0.064063
0 0.710938 0.323438 0.014063 0.014063
