1 0.08828125 0.43359375 0.01875 0.0359375
1 0.484375 0.521875 0.021875 0.0484375
1 0.71171875 0.35625 0.015625 0.0390625
1 0.284375 0.31953125 0.0234375 0.0390625
1 0.84140625 0.41953125 0.0171875 0.04375
1 0.64765625 0.2015625 0.0140625 0.0328125
1 0.9734375 0.43125 0.01875 0.04375
1 0.52734375 0.396875 0.0171875 0.0375
1 0.9921875 0.28828125 0.015625 0.040625
1 0.4359375 0.28671875 0.021875 0.0359375
1 0.56953125 0.42578125 0.01875 0.0390625
1 0.39453125 0.26328125 0.0203125 0.0328125
1 0.78671875 0.35078125 0.01875 0.0375
1 0.9984411171875 0.0007566546875 0.00004195624999994152 0.0000622109374999999
1 0.5859375 0.65234375 0.021875 0.053125
1 0.53828125 0.3171875 0.0171875 0.0375
1 0.5640625 0.16640625 0.0140625 0.028125
1 0.759375 0.14609375 0.0125 0.0265625
1 0.053125 0.26953125 0.0234375 0.03125
2 0.56171875 0.29453125 0.0140625 0.034375
1 0.85625 0.2859375 0.0171875 0.0375
1 0.678125 0.20546875 0.0140625 0.0359375
0 0.13671875 0.39453125 0.009375 0.0109375