1 0.471875 0.2390625 0.0171875 0.03125
1 0.1828125 0.24921875 0.0203125 0.034375
1 0.871875 0.7390625 0.0265625 0.0484375
1 0.73046875 0.259375 0.0140625 0.0359375
1 0.37265625 0.1765625 0.015625 0.028125
1 0.80625 0.48828125 0.0171875 0.0359375
1 0.25625 0.11875 0.0140625 0.0296875
1 0.484375 0.415625 0.0234375 0.0390625
1 0.23046875 0.3765625 0.021875 0.040625
1 0.38515625 0.2578125 0.0171875 0.0359375
1 0.51953125 0.16640625 0.0125 0.028125
2 0.3078125 0.0921875 0.0125 0.0265625
1 0.7609375 0.19140625 0.0140625 0.03125
1 0.38203125 0.51328125 0.01875 0.0390625
1 0.38828125 0.51796875 0.01875 0.0375
2 0.6875 0.26796875 0.015625 0.03125
1 0.8078125 0.196875 0.0171875 0.03125
2 0.90546875 0.98671875 0.0328125 0.0265625
1 0.68125 0.25546875 0.015625 0.0328125
1 0.34296875 0.19375 0.0203125 0.034375
1 0.54453125 0.16875 0.0109375 0.028125
1 0.5734375 0.125 0.0109375 0.028125
1 0.325 0.12578125 0.0125 0.021875
1 0.45546875 0.10625 0.0140625 0.0234375
0 0.24921875 0.13359375 0.0078125 0.009375