1 0.02265625 0.171875 0.0140625 0.025
1 0.35390625 0.39296875 0.021875 0.0359375
1 0.203125 0.33203125 0.01875 0.03125
1 0.79609375 0.546875 0.01875 0.040625
1 0.23046875 0.4984375 0.028125 0.04375
1 0.67109375 0.62890625 0.01875 0.059375
1 0.55859375 0.18125 0.0125 0.028125
1 0.665625 0.21015625 0.0140625 0.03125
1 0.521875 0.25546875 0.0171875 0.0328125
1 0.41484375 0.2875 0.01875 0.0359375
1 0.303125 0.17890625 0.0140625 0.028125
1 0.7328125 0.23046875 0.0140625 0.03125
1 0.16953125 0.15625 0.0125 0.0265625
1 0.32734375 0.18671875 0.0140625 0.028125
1 0.853125 0.28828125 0.021875 0.0390625
1 0.271875 0.11875 0.0125 0.0234375
1 0.41484375 0.16875 0.0171875 0.028125
2 0.7734375 0.98828125 0.0359375 0.021875
2 0.54140625 0.290625 0.0109375 0.0328125
1 0.76953125 0.28203125 0.015625 0.0375
1 0.74609375 0.23359375 0.0125 0.0328125
0 0.6265625 0.140625 0.0046875 0.009375
1 0.36171875 0.16875 0.0171875 0.028125
1 0.23203125 0.1265625 0.0140625 0.0265625
2 0.23515625 0.0921875 0.015625 0.021875