1 0.87578125 0.2859375 0.0140625 0.040625
1 0.11015625 0.465625 0.0203125 0.046875
1 0.33203125 0.64609375 0.021875 0.0515625
1 0.5328125 0.19296875 0.0109375 0.0359375
1 0.53828125 0.58203125 0.01875 0.046875
1 0.17421875 0.275 0.0125 0.040625
1 0.53125 0.253125 0.0125 0.040625
1 0.70703125 0.36171875 0.0171875 0.0421875
1 0.35859375 0.4109375 0.0125 0.0421875
1 0.740625 0.34609375 0.015625 0.040625
1 0.51484375 0.27734375 0.0125 0.0375
1 0.60546875 0.45859375 0.0140625 0.0421875
1 0.3046875 0.33671875 0.0125 0.0375
1 0.359375 0.1578125 0.0109375 0.03125
2 0.5734375 0.40625 0.0140625 0.040625
1 0.5484375 0.3359375 0.0171875 0.0359375
1 0.68046875 0.44140625 0.0203125 0.04375
1 0.8125 0.23671875 0.015625 0.03125
1 0.63515625 0.31015625 0.0140625 0.0390625
0 0.459375 0.353125 0.0078125 0.0109375
2 0.8109375 0.1140625 0.0140625 0.0296875
1 0.60703125 0.41875 0.0140625 0.0359375