1 0.59765625 0.42265625 0.015625 0.040625
1 0.6234375 0.33671875 0.015625 0.0359375
1 0.225 0.425 0.015625 0.04375
1 0.4859375 0.50703125 0.0171875 0.04375
1 0.8 0.26875 0.0125 0.0328125
1 0.5671875 0.27109375 0.0140625 0.0375
1 0.16328125 0.3109375 0.0171875 0.0328125
1 0.3921875 0.24140625 0.0140625 0.034375
1 0.790625 0.21875 0.0125 0.0328125
1 0.83125 0.35703125 0.0140625 0.034375
1 0.35859375 0.24609375 0.015625 0.03125
1 0.26328125 0.3984375 0.0140625 0.0390625
1 0.70625 0.24609375 0.0125 0.0359375
1 0.81875 0.26875 0.0125 0.0328125
1 0.95859375 0.24609375 0.015625 0.034375
1 0.8859375 0.3265625 0.0140625 0.0375
1 0.2609375 0.23515625 0.0140625 0.034375
1 0.740625 0.28984375 0.0125 0.0359375
1 0.23046875 0.32890625 0.0203125 0.0390625
2 0.41484375 0.296875 0.0078125 0.034375
1 0.47421875 0.3234375 0.0140625 0.021875