1 0.39765625 0.5265625 0.0234375 0.0515625
1 0.78828125 0.21875 0.0140625 0.0375
1 0.33828125 0.1515625 0.0171875 0.03125
1 0.21875 0.47578125 0.0265625 0.0484375
1 0.8890625 0.4046875 0.021875 0.0484375
1 0.29453125 0.15390625 0.0171875 0.03125
1 0.665625 0.3015625 0.01875 0.0421875
1 0.51875 0.425 0.0171875 0.046875
1 0.93046875 0.48203125 0.0171875 0.05
1 0.2640625 0.4390625 0.01875 0.0453125
1 0.434375 0.42109375 0.0234375 0.046875
1 0.7234375 0.59296875 0.025 0.0515625
1 0.57109375 0.465625 0.0203125 0.046875
2 0.41640625 0.26875 0.0171875 0.0375
1 0.32734375 0.3359375 0.01875 0.0359375
1 0.5515625 0.4765625 0.015625 0.046875
1 0.14140625 0.434375 0.0203125 0.0375
2 0.35625 0.03515625 0.0125 0.0234375
1 0.31875 0.3671875 0.01875 0.0390625
1 0.23125 0.23359375 0.021875 0.0328125
1 0.7265625 0.4890625 0.0171875 0.05
0 0.13984375 0.40234375 0.0078125 0.009375