1 0.15859375 0.47578125 0.03125 0.040625
1 0.840625 0.2734375 0.021875 0.03125
1 0.93125 0.31640625 0.01875 0.0359375
1 0.59921875 0.20234375 0.0171875 0.028125
1 0.40234375 0.328125 0.0171875 0.0359375
1 0.828125 0.58125 0.0265625 0.0390625
1 0.74921875 0.39609375 0.0203125 0.0375
1 0.9875 0.3859375 0.025 0.0390625
1 0.56953125 0.24296875 0.01875 0.0328125
1 0.21640625 0.30078125 0.0171875 0.0375
1 0.253125 0.40078125 0.021875 0.0390625
1 0.44453125 0.13671875 0.0125 0.0234375
1 0.496875 0.38671875 0.021875 0.0359375
1 0.16953125 0.284375 0.0171875 0.0359375
1 0.640625 0.190625 0.015625 0.0265625
1 0.70625 0.19453125 0.0140625 0.0265625
1 0.3703125 0.23359375 0.0171875 0.0375
2 0.534375 0.346875 0.0171875 0.0375
1 0.51640625 0.3671875 0.015625 0.034375
0 0.72578125 0.21796875 0.009375 0.0109375
2 0.3953125 0.096875 0.0125 0.0234375