1 0.7125 0.3296875 0.01875 0.034375
1 0.98125 0.4875 0.0234375 0.034375
1 0.7765625 0.415625 0.0234375 0.0421875
1 0.309375 0.56328125 0.0296875 0.04375
1 0.715625 0.23203125 0.0171875 0.0328125
1 0.44375 0.2984375 0.0171875 0.0328125
1 0.0859375 0.34375 0.015625 0.0359375
1 0.67421875 0.38984375 0.025 0.0359375
1 0.72578125 0.43125 0.0265625 0.0421875
1 0.98515625 0.596875 0.028125 0.0421875
1 0.6578125 0.2015625 0.015625 0.0265625
1 0.575 0.27890625 0.0140625 0.0328125
1 0.17578125 0.23671875 0.0140625 0.03125
1 0.5515625 0.29921875 0.0140625 0.0328125
1 0.2546875 0.47890625 0.021875 0.04375
1 0.21171875 0.31328125 0.01875 0.0328125
1 0.303125 0.321875 0.021875 0.0390625
1 0.52578125 0.4109375 0.01875 0.0375
2 0.03125 0.14375 0.0140625 0.0328125
2 0.36484375 0.33671875 0.0234375 0.0328125
0 0.83515625 0.51484375 0.0140625 0.0125