1 0.57890625 0.4484375 0.01875 0.04375
1 0.75078125 0.41171875 0.0203125 0.04375
1 0.04140625 0.2703125 0.0140625 0.0359375
1 0.38046875 0.1765625 0.0109375 0.03125
1 0.38515625 0.2890625 0.0125 0.0359375
1 0.753125 0.278125 0.0140625 0.0390625
1 0.240625 0.16796875 0.0125 0.0296875
1 0.515625 0.171875 0.0125 0.0328125
1 0.515625 0.2953125 0.0125 0.0375
1 0.57109375 0.4390625 0.0140625 0.040625
2 0.34453125 0.26953125 0.0125 0.0328125
1 0.37890625 0.140625 0.0109375 0.028125
1 0.16875 0.18046875 0.0109375 0.0296875
1 0.05546875 0.465625 0.0140625 0.0375
1 0.29765625 0.18203125 0.0125 0.034375
1 0.2078125 0.565625 0.021875 0.05
1 0.34453125 0.14453125 0.009375 0.03125
1 0.384375 0.121875 0.009375 0.028125
1 0.4046875 0.121875 0.0109375 0.025
1 0.4375 0.11328125 0.009375 0.0234375
1 0.59296875 0.1171875 0.0125 0.028125
0 0.521875 0.11015625 0.0078125 0.0078125
2 0.659375 0.0921875 0.0171875 0.0265625
1 0.72265625 0.2328125 0.0125 0.0390625