1 0.1171875 0.428125 0.021875 0.0375
1 0.42421875 0.24765625 0.0171875 0.0328125
1 0.6859375 0.22421875 0.0125 0.0328125
1 0.84140625 0.57109375 0.0234375 0.0390625
1 0.21171875 0.2234375 0.015625 0.034375
1 0.13046875 0.328125 0.0171875 0.0390625
1 0.89453125 0.55546875 0.01875 0.0421875
1 0.559375 0.32734375 0.0140625 0.0375
1 0.90859375 0.5015625 0.0171875 0.0375
1 0.81875 0.37265625 0.015625 0.0375
1 0.65234375 0.43125 0.025 0.0390625
1 0.53515625 0.29140625 0.015625 0.0359375
2 0.42578125 0.30546875 0.0140625 0.0359375
1 0.63984375 0.2796875 0.0140625 0.034375
1 0.6734375 0.665625 0.0234375 0.0515625
1 0.10546875 0.509375 0.01875 0.040625
1 0.52109375 0.45078125 0.01875 0.0390625
1 0.34375 0.31796875 0.0171875 0.0390625
1 0.89609375 0.2359375 0.0171875 0.03125
1 0.74765625 0.31875 0.015625 0.0390625
1 0.85390625 0.3640625 0.01875 0.0375
1 0.634375 0.22890625 0.009375 0.0328125