1 0.31171875 0.90078125 0.03125 0.0671875
1 0.47265625 0.51796875 0.021875 0.059375
1 0.38515625 0.7015625 0.03125 0.0640625
1 0.7390625 0.85625 0.03125 0.0609375
1 0.3515625 0.3765625 0.0234375 0.0546875
1 0.26171875 0.36953125 0.0234375 0.065625
1 0.6875 0.6046875 0.0265625 0.059375
1 0.0984375 0.51015625 0.0203125 0.0625
1 0.01328125 0.53828125 0.021875 0.0609375
1 0.64375 0.60625 0.021875 0.059375
1 0.71484375 0.95078125 0.0359375 0.0703125
1 0.1546875 0.73671875 0.034375 0.0703125
0 0.69609375 0.96796875 0.0203125 0.01875
1 0.23125 0.47734375 0.0390625 0.0625
1 0.7453125 0.4140625 0.028125 0.065625