1 0.978125 0.390625 0.0171875 0.0484375
1 0.70390625 0.61875 0.021875 0.046875
1 0.47890625 0.56015625 0.0171875 0.0484375
1 0.78515625 0.175 0.0125 0.0328125
1 0.79609375 0.390625 0.0171875 0.0390625
2 0.46640625 0.39140625 0.0140625 0.0390625
1 0.9390625 0.26796875 0.015625 0.0390625
2 0.4203125 0.1046875 0.009375 0.028125
1 0.7140625 0.328125 0.0140625 0.04375
1 0.7484375 0.4015625 0.0171875 0.04375
1 0.7796875 0.36328125 0.0125 0.04375
1 0.48125 0.19921875 0.0109375 0.0328125
1 0.70703125 0.403125 0.0140625 0.0390625
1 0.48203125 0.24296875 0.0125 0.0375
1 0.72890625 0.35859375 0.0140625 0.0390625
1 0.75703125 0.371875 0.0140625 0.0359375
1 0.74296875 0.321875 0.0171875 0.0390625
1 0.80546875 0.34296875 0.0140625 0.0390625
1 0.453125 0.32890625 0.0140625 0.0421875
0 0.478125 0.34453125 0.009375 0.0109375
1 0.7625 0.3421875 0.015625 0.034375
1 0.73203125 0.32578125 0.0109375 0.0359375