1 0.73515625 0.51484375 0.0171875 0.05
1 0.16953125 0.46484375 0.0171875 0.040625
1 0.846875 0.3265625 0.0140625 0.0390625
1 0.42109375 0.18671875 0.0109375 0.0328125
1 0.20078125 0.43671875 0.0140625 0.04375
1 0.1578125 0.34453125 0.0125 0.0421875
2 0.29921875 0.38203125 0.0125 0.040625
1 0.515625 0.48046875 0.0140625 0.0421875
1 0.2984375 0.15859375 0.0109375 0.028125
1 0.38671875 0.11875 0.0109375 0.025
1 0.109375 0.32265625 0.0125 0.0375
1 0.328125 0.2046875 0.0140625 0.03125
1 0.47578125 0.4515625 0.0140625 0.0421875
1 0.528125 0.36953125 0.0140625 0.0390625
1 0.58359375 0.38203125 0.0140625 0.04375
1 0.39453125 0.31875 0.0125 0.040625
1 0.72421875 0.58671875 0.0203125 0.046875
1 0.0140625 0.51875 0.0125 0.05
1 0.14375 0.28984375 0.0171875 0.0375
1 0.14453125 0.2578125 0.01875 0.0375
2 0.38125 0.09140625 0.015625 0.0265625
0 0.32734375 0.0921875 0.00625 0.0078125