1 0.53515625 0.16953125 0.0109375 0.03125
1 0.48671875 0.221875 0.0125 0.0359375
1 0.5765625 0.478125 0.0140625 0.046875
1 0.84765625 0.2484375 0.0140625 0.0390625
1 0.57265625 0.26171875 0.0140625 0.034375
1 0.35390625 0.1625 0.0109375 0.0328125
1 0.91953125 0.34375 0.0171875 0.04375
1 0.303125 0.25078125 0.0140625 0.0359375
1 0.72890625 0.29140625 0.0140625 0.0375
1 0.17265625 0.4421875 0.0140625 0.040625
1 0.80703125 0.4984375 0.0203125 0.0515625
1 0.83046875 0.1765625 0.0109375 0.0359375
1 0.44375 0.14453125 0.0109375 0.028125
1 0.534375 0.12421875 0.009375 0.028125
2 0.44375 0.246875 0.0125 0.0359375
1 0.6953125 0.16328125 0.0109375 0.03125
1 0.3109375 0.2515625 0.0125 0.0359375
1 0.19453125 0.6796875 0.021875 0.053125
1 0.63125 0.15234375 0.0109375 0.03125
1 0.63125 0.11953125 0.0109375 0.028125
1 0.65 0.1078125 0.0171875 0.0234375
1 0.7734375 0.11328125 0.009375 0.0296875
0 0.7625 0.12578125 0.00625 0.0078125
2 0.815625 0.09921875 0.0140625 0.03125