1 0.06640625 0.20390625 0.0140625 0.03125
1 0.0890625 0.31328125 0.0140625 0.0359375
1 0.61875 0.7375 0.034375 0.0515625
1 0.00546875 0.3640625 0.0109375 0.04375
1 0.99609375 0.209375 0.0078125 0.0328125
1 0.07421875 0.7640625 0.025 0.05625
1 0.06640625 0.53828125 0.021875 0.05625
1 0.71484375 0.16796875 0.0125 0.03125
1 0.30703125 0.36953125 0.0140625 0.0390625
1 0.2265625 0.178125 0.0140625 0.0296875
1 0.20859375 0.25703125 0.0125 0.0359375
1 0.44921875 0.5390625 0.01875 0.0453125
2 0.34453125 0.2640625 0.0140625 0.0375
1 0.328125 0.19609375 0.0140625 0.03125
1 0.425 0.20078125 0.0125 0.028125
1 0.23828125 0.37421875 0.015625 0.040625
1 0.565625 0.353125 0.0140625 0.0375
1 0.54296875 0.23046875 0.0171875 0.0328125
1 0.6203125 0.103125 0.0109375 0.0234375
1 0.08125 0.275 0.015625 0.0359375
1 0.4078125 0.178125 0.0140625 0.028125
1 0.53984375 0.1171875 0.0125 0.0296875
2 0.034375 0.13828125 0.0140625 0.025