1 0.02578125 0.578125 0.0515625 0.13125
1 0.59296875 0.1328125 0.0328125 0.0875
1 0.7375 0.62421875 0.0578125 0.115625
1 0.8578125 0.64140625 0.1046875 0.1578125
1 0.01171875 0.29296875 0.0234375 0.1171875
1 0.88828125 0.25625 0.0453125 0.1125
1 0.590625 0.44375 0.05 0.1265625
1 0.6484375 0.4265625 0.0671875 0.128125
1 0.71484375 0.33515625 0.0484375 0.1234375
2 0.30234375 0.0390625 0.040625 0.078125
2 0.71484375 0.3359375 0.0484375 0.121875
1 0.0875 0.16171875 0.03125 0.090625
2 0.0875 0.1609375 0.03125 0.0921875
0 0.88125 0.359375 0.0265625 0.0265625