1 0.4390625 0.27421875 0.0265625 0.034375
1 0.00703125 0.30234375 0.0140625 0.0375
1 0.38203125 0.4453125 0.0234375 0.0375
1 0.7609375 0.39140625 0.028125 0.040625
1 0.8171875 0.309375 0.01875 0.03125
1 0.68203125 0.28984375 0.0234375 0.0328125
1 0.484375 0.16875 0.0203125 0.0328125
1 0.9265625 0.3703125 0.0265625 0.0375
1 0.64765625 0.24296875 0.0171875 0.03125
1 0.79609375 0.2515625 0.0203125 0.0328125
1 0.21953125 0.60625 0.0328125 0.05
1 0.53125 0.334375 0.021875 0.0359375
1 0.3515625 0.40859375 0.0296875 0.0515625
1 0.49453125 0.2734375 0.025 0.034375
1 0.71171875 0.19140625 0.01875 0.028125
1 0.06796875 0.52578125 0.0265625 0.0421875
1 0.07578125 0.240625 0.0234375 0.0328125
1 0.6953125 0.196875 0.0203125 0.028125
2 0.61953125 0.33671875 0.0234375 0.03125
1 0.534375 0.384375 0.0265625 0.0375
2 0.13046875 0.95703125 0.0453125 0.046875
2 0.59453125 0.02734375 0.0171875 0.028125
0 0.4171875 0.3234375 0.009375 0.0109375