1 0.50859375 0.30859375 0.0125 0.0421875
1 0.27421875 0.26484375 0.0125 0.0421875
1 0.3765625 0.16953125 0.0140625 0.0359375
1 0.09609375 0.2703125 0.0109375 0.046875
2 0.41640625 0.19375 0.0125 0.0359375
1 0.2015625 0.19453125 0.0125 0.0390625
1 0.16171875 0.2453125 0.0109375 0.040625
1 0.1015625 0.1984375 0.009375 0.0375
1 0.153125 0.20234375 0.0109375 0.0375
1 0.11796875 0.18203125 0.0109375 0.0390625
1 0.04609375 0.18828125 0.0140625 0.0515625
1 0.06171875 0.23203125 0.0109375 0.0421875
2 0.3359375 0.040625 0.0078125 0.0296875
1 0.17578125 0.1671875 0.0109375 0.0421875
1 0.4515625 0.1546875 0.0109375 0.0328125
1 0.31796875 0.13203125 0.0078125 0.0359375
1 0.421875 0.034375 0.0125 0.03125
1 0.140625 0.20703125 0.0140625 0.03125
1 0.171875 0.16953125 0.0109375 0.0296875
1 0.18359375 0.1546875 0.00625 0.0296875
1 0.6359375 0.171875 0.0140625 0.034375
2 0.8359375 0.98359375 0.03125 0.0328125
1 0.20859375 0.1953125 0.0109375 0.0359375