1 0.0640625 0.409375 0.015625 0.046875
1 0.4015625 0.303125 0.0140625 0.0359375
1 0.2890625 0.3359375 0.0140625 0.0359375
1 0.521875 0.20390625 0.0125 0.034375
1 0.55078125 0.33515625 0.0125 0.0390625
2 0.55625 0.403125 0.0125 0.0390625
1 0.525 0.56796875 0.01875 0.046875
1 0.51953125 0.24765625 0.0109375 0.0375
1 0.284375 0.17109375 0.0125 0.0328125
1 0.35078125 0.40546875 0.0140625 0.0359375
1 0.30703125 0.40859375 0.0140625 0.0453125
1 0.2875 0.3203125 0.0125 0.0328125
1 0.38203125 0.365625 0.0140625 0.0421875
1 0.32421875 0.64375 0.0203125 0.05
2 0.57890625 0.1109375 0.0109375 0.0265625
1 0.34609375 0.41796875 0.015625 0.040625
1 0.10546875 0.27734375 0.0140625 0.040625
1 0.33203125 0.38203125 0.0140625 0.040625
1 0.3078125 0.35859375 0.0125 0.0359375
1 0.3359375 0.346875 0.0140625 0.0390625
1 0.46015625 0.3015625 0.0140625 0.0375