1 0.9359375 0.4828125 0.0234375 0.0484375
1 0.40546875 0.53515625 0.028125 0.0484375
1 0.5296875 0.4125 0.0171875 0.0453125
1 0.24921875 0.47109375 0.021875 0.040625
1 0.3546875 0.1421875 0.0171875 0.03125
1 0.75390625 0.58359375 0.0171875 0.0484375
1 0.18671875 0.434375 0.028125 0.04375
1 0.2640625 0.153125 0.0171875 0.03125
1 0.90625 0.40703125 0.0171875 0.04375
1 0.37421875 0.34765625 0.01875 0.0390625
1 0.46171875 0.4109375 0.021875 0.0421875
1 0.56484375 0.47109375 0.01875 0.0421875
1 0.128125 0.4265625 0.0234375 0.0390625
1 0.61328125 0.45859375 0.01875 0.0453125
1 0.746875 0.47890625 0.0171875 0.0421875
1 0.34921875 0.32890625 0.015625 0.0390625
1 0.21796875 0.21015625 0.01875 0.0328125
2 0.41484375 0.2640625 0.0171875 0.0375
1 0.68125 0.29453125 0.0171875 0.0375
1 0.7640625 0.20546875 0.01875 0.0390625
2 0.325 0.034375 0.015625 0.0265625