1 0.225 0.4890625 0.0265625 0.0421875
1 0.68828125 0.59453125 0.0265625 0.0546875
1 0.6640625 0.24453125 0.0171875 0.0328125
1 0.10625 0.4484375 0.0234375 0.046875
1 0.93828125 0.35625 0.021875 0.0375
1 0.2234375 0.30859375 0.0171875 0.0375
1 0.47109375 0.22890625 0.01875 0.0359375
1 0.75078125 0.18671875 0.0234375 0.028125
1 0.73046875 0.3890625 0.015625 0.0453125
1 0.43359375 0.1578125 0.015625 0.0265625
1 0.30390625 0.34140625 0.01875 0.0375
1 0.38125 0.328125 0.01875 0.0390625
1 0.35078125 0.22109375 0.021875 0.0328125
1 0.19921875 0.2984375 0.0171875 0.0359375
1 0.053125 0.66953125 0.03125 0.0484375
1 0.1640625 0.38203125 0.0203125 0.0359375
2 0.4125 0.09296875 0.0140625 0.028125
1 0.39296875 0.1828125 0.0171875 0.0296875
2 0.4296875 0.321875 0.01875 0.0375
1 0.41171875 0.23515625 0.021875 0.028125
0 0.73359375 0.1953125 0.0078125 0.00625
1 0.52578125 0.15 0.0125 0.0296875
1 0.525 0.10546875 0.015625 0.0234375