1 0.53203125 0.38359375 0.0140625 0.0390625
1 0.12109375 0.46953125 0.01875 0.0421875
1 0.3125 0.32109375 0.0171875 0.040625
1 0.96328125 0.41875 0.015625 0.04375
1 0.83984375 0.40625 0.0171875 0.0390625
1 0.7875 0.340625 0.015625 0.0359375
1 0.7140625 0.34375 0.0171875 0.040625
1 0.60703125 0.42109375 0.0171875 0.040625
1 0.48203125 0.515625 0.0171875 0.0484375
1 0.59375 0.659375 0.028125 0.0578125
1 0.99453125 0.278125 0.0109375 0.0375
1 0.65703125 0.19921875 0.0125 0.03125
2 0.553125 0.29140625 0.0125 0.0375
1 0.384375 0.26171875 0.0125 0.0375
1 0.071875 0.259375 0.0125 0.0296875
1 0.7359375 0.140625 0.0109375 0.0265625
1 0.5625 0.16171875 0.0125 0.0296875
1 0.52734375 0.31171875 0.0140625 0.040625
1 0.05859375 0.5234375 0.025 0.0421875
1 0.85078125 0.2765625 0.0140625 0.0359375
1 0.4546875 0.28984375 0.0171875 0.0421875
1 0.62890625 0.196875 0.0125 0.0328125