1 0.865625 0.37265625 0.0140625 0.04375
1 0.3984375 0.17421875 0.0125 0.0328125
1 0.34453125 0.17890625 0.0125 0.0328125
1 0.5984375 0.21640625 0.0125 0.034375
1 0.87734375 0.17578125 0.0125 0.034375
1 0.7015625 0.4734375 0.0140625 0.046875
1 0.51484375 0.41171875 0.0140625 0.046875
1 0.8484375 0.259375 0.0140625 0.0375
1 0.79140625 0.17421875 0.0109375 0.0328125
1 0.509375 0.22421875 0.0125 0.0359375
1 0.62421875 0.16328125 0.0109375 0.0296875
1 0.38359375 0.240625 0.0125 0.0359375
2 0.015625 0.9578125 0.03125 0.0484375
1 0.184375 0.45234375 0.0171875 0.0421875
1 0.209375 0.67890625 0.021875 0.053125
1 0.63984375 0.1265625 0.0109375 0.0265625
2 0.47421875 0.24921875 0.0125 0.0375
1 0.71640625 0.2515625 0.0125 0.0375
1 0.58984375 0.1640625 0.0109375 0.0328125
1 0.5046875 0.12890625 0.0140625 0.0265625
1 0.72265625 0.11640625 0.0109375 0.0265625
0 0.73046875 0.1296875 0.009375 0.0109375
1 0.85234375 0.1171875 0.015625 0.028125
2 0.87265625 0.10546875 0.0140625 0.0265625