1 0.178125 0.315625 0.0171875 0.0390625
1 0.8921875 0.3953125 0.021875 0.0390625
1 0.29296875 0.86796875 0.025 0.059375
1 0.06796875 0.5640625 0.021875 0.053125
1 0.646875 0.2953125 0.0171875 0.0359375
1 0.53125 0.56328125 0.0203125 0.040625
1 0.68984375 0.2984375 0.0140625 0.0375
1 0.603125 0.61171875 0.0234375 0.0375
1 0.5640625 0.40390625 0.0140625 0.0421875
1 0.84296875 0.83671875 0.0234375 0.0515625
1 0.5359375 0.396875 0.0140625 0.0421875
1 0.6609375 0.19453125 0.015625 0.03125
1 0.65078125 0.7953125 0.0265625 0.046875
1 0.928125 0.35625 0.0171875 0.0390625
2 0.84609375 0.11875 0.0125 0.0328125
1 0.77109375 0.365625 0.015625 0.040625
1 0.8609375 0.26484375 0.0140625 0.0375
1 0.765625 0.5828125 0.025 0.0484375
1 0.8015625 0.884375 0.0484375 0.05625
1 0.42890625 0.17109375 0.0125 0.03125
0 0.76015625 0.8953125 0.021875 0.015625
2 0.70390625 0.45625 0.0140625 0.0390625