2 0.978906 0.283594 0.020312 0.056250
1 0.843750 0.349219 0.018750 0.056250
1 0.522656 0.269531 0.017187 0.051562
1 0.789844 0.457812 0.020312 0.028125
0 0.819531 0.350781 0.012500 0.015625
1 0.822656 0.457031 0.021875 0.029688
1 0.940625 0.490625 0.021875 0.065625
1 0.826562 0.475781 0.025000 0.067188
1 0.789844 0.471094 0.018750 0.056250
1 0.820312 0.647656 0.025000 0.070312
1 0.705469 0.569531 0.028125 0.067188
1 0.591406 0.555469 0.025000 0.064062
1 0.789844 0.521094 0.021875 0.060938
2 0.064062 0.532812 0.025000 0.062500
