1 0.8453125 0.196875 0.0125 0.03125
1 0.09453125 0.6578125 0.0203125 0.0515625
1 0.64140625 0.4484375 0.025 0.0421875
1 0.6109375 0.67109375 0.021875 0.046875
1 0.12578125 0.353125 0.0140625 0.0375
2 0.49296875 0.39140625 0.0171875 0.0375
1 0.2484375 0.21875 0.0125 0.03125
1 0.89609375 0.33125 0.01875 0.0421875
1 0.2703125 0.20390625 0.0125 0.028125
1 0.040625 0.303125 0.0125 0.03125
1 0.159375 0.25625 0.0171875 0.0296875
1 0.65859375 0.2640625 0.0140625 0.0359375
1 0.94140625 0.49375 0.01875 0.0484375
2 0.475 0.07734375 0.0109375 0.0265625
1 0.0296875 0.25390625 0.0125 0.0296875
1 0.65078125 0.66796875 0.01875 0.046875
1 0.94921875 0.28203125 0.0140625 0.03125
1 0.14140625 0.2421875 0.0203125 0.0296875
1 0.29609375 0.27890625 0.015625 0.03125
1 0.58828125 0.24921875 0.0125 0.03125