1 0.90625 0.2609375 0.0140625 0.0390625
1 0.87109375 0.5140625 0.0203125 0.0484375
1 0.7734375 0.25 0.0140625 0.0359375
1 0.628125 0.46953125 0.0171875 0.0484375
1 0.60859375 0.15546875 0.0109375 0.028125
1 0.39296875 0.17421875 0.0125 0.034375
1 0.43984375 0.1703125 0.0125 0.0328125
1 0.784375 0.16015625 0.0125 0.03125
2 0.1390625 0.9359375 0.0390625 0.0421875
1 0.96875 0.3640625 0.0171875 0.04375
1 0.525 0.12265625 0.009375 0.0265625
1 0.64296875 0.12421875 0.009375 0.0265625
1 0.7734375 0.1140625 0.0125 0.0265625
1 0.64453125 0.1109375 0.009375 0.0265625
1 0.29296875 0.70078125 0.028125 0.053125
1 0.321875 0.43828125 0.0234375 0.046875
1 0.49921875 0.2203125 0.025 0.0328125
2 0.47265625 0.246875 0.0109375 0.0328125
1 0.67890625 0.24921875 0.0171875 0.034375
1 0.6328125 0.2125 0.0171875 0.034375
1 0.61015625 0.1375 0.0109375 0.0125
0 0.7640625 0.1265625 0.0046875 0.00625
2 0.86171875 0.103125 0.0140625 0.028125
1 0.94609375 0.1625 0.0125 0.0359375