1 0.52890625 0.3859375 0.0171875 0.0421875
1 0.440625 0.23359375 0.0125 0.034375
1 0.3859375 0.50390625 0.0125 0.0421875
2 0.509375 0.27578125 0.0125 0.0359375
1 0.3015625 0.215625 0.0125 0.034375
1 0.10546875 0.48515625 0.01875 0.04375
1 0.2515625 0.21640625 0.0125 0.0359375
1 0.69609375 0.26328125 0.0140625 0.0390625
1 0.46171875 0.18203125 0.0140625 0.0328125
1 0.33515625 0.16875 0.0109375 0.0265625
1 0.61875 0.14375 0.0109375 0.0296875
1 0.72421875 0.3640625 0.0140625 0.0390625
1 0.65546875 0.23828125 0.0140625 0.0375
2 0.6296875 0.10703125 0.0109375 0.0234375
1 0.58203125 0.13671875 0.0109375 0.028125
1 0.5015625 0.22734375 0.0109375 0.0296875
1 0.4953125 0.18359375 0.0109375 0.0296875
1 0.471875 0.14609375 0.0140625 0.028125
1 0.39296875 0.1625 0.0140625 0.0265625
1 0.40546875 0.13203125 0.0140625 0.0234375
0 0.3421875 0.06875 0.00625 0.00625
1 0.32265625 0.16640625 0.0109375 0.0234375
1 0.14609375 0.23828125 0.0140625 0.034375