1 0.584375 0.5171875 0.053125 0.140625
1 0.69609375 0.46328125 0.05 0.11875
1 0.10078125 0.58515625 0.059375 0.140625
1 0.440625 0.54921875 0.0671875 0.1453125
1 0.26171875 0.4796875 0.0515625 0.1296875
1 0.75 0.5359375 0.0421875 0.1421875
1 0.459375 0.4484375 0.0484375 0.125
1 0.18359375 0.340625 0.075 0.0984375
1 0.3671875 0.328125 0.0484375 0.096875
1 0.40703125 0.4109375 0.05 0.10625
1 0.334375 0.434375 0.1078125 0.1046875
1 0.3734375 0.3875 0.0671875 0.1078125
0 0.27734375 0.471875 0.0140625 0.01875