1 0.2875 0.3296875 0.01875 0.034375
1 0.01875 0.4875 0.0234375 0.034375
1 0.2234375 0.415625 0.0234375 0.0421875
1 0.690625 0.56328125 0.0296875 0.04375
1 0.284375 0.23203125 0.0171875 0.0328125
1 0.55625 0.2984375 0.0171875 0.0328125
1 0.9140625 0.34375 0.015625 0.0359375
1 0.32578125 0.38984375 0.025 0.0359375
1 0.27421875 0.43125 0.0265625 0.0421875
1 0.01484375 0.596875 0.028125 0.0421875
1 0.3421875 0.2015625 0.015625 0.0265625
1 0.425 0.27890625 0.0140625 0.0328125
1 0.82421875 0.23671875 0.0140625 0.03125
1 0.4484375 0.29921875 0.0140625 0.0328125
1 0.7453125 0.47890625 0.021875 0.04375
1 0.78828125 0.31328125 0.01875 0.0328125
1 0.696875 0.321875 0.021875 0.0390625
1 0.47421875 0.4109375 0.01875 0.0375
2 0.96875 0.14375 0.0140625 0.0328125
2 0.63515625 0.33671875 0.0234375 0.0328125
0 0.16484375 0.51484375 0.0140625 0.0125