1 0.71171875 0.34453125 0.015625 0.0453125
1 0.88203125 0.65546875 0.0234375 0.0515625
1 0.9125 0.43359375 0.01875 0.0546875
1 0.13671875 0.4015625 0.0234375 0.04375
1 0.25546875 0.56953125 0.0234375 0.0515625
1 0.4234375 0.36171875 0.0171875 0.0453125
2 0.51640625 0.28125 0.015625 0.0390625
1 0.81484375 0.18828125 0.01875 0.0328125
1 0.3453125 0.25625 0.0171875 0.0421875
1 0.6765625 0.5984375 0.028125 0.0609375
1 0.48515625 0.35859375 0.0171875 0.04375
1 0.4375 0.11171875 0.0140625 0.028125
1 0.25625 0.29609375 0.0140625 0.0359375
1 0.10546875 0.1796875 0.0171875 0.0296875
1 0.0609375 0.50703125 0.0234375 0.0515625
1 0.23828125 0.296875 0.0171875 0.0390625
1 0.984375 0.3375 0.01875 0.04375
1 0.86953125 0.45625 0.0203125 0.0453125
2 0.39296875 0.03046875 0.0125 0.0234375
1 0.6734375 0.27109375 0.015625 0.0421875
0 0.06796875 0.20625 0.0046875 0.00625
1 0.2796875 0.171875 0.0234375 0.03125