1 0.559375 0.53671875 0.0171875 0.04375
1 0.2546875 0.52890625 0.0171875 0.046875
1 0.18359375 0.8859375 0.0265625 0.05625
1 0.834375 0.30234375 0.0140625 0.040625
1 0.265625 0.35390625 0.0171875 0.0390625
1 0.3875 0.290625 0.0125 0.0375
1 0.115625 0.7234375 0.021875 0.053125
1 0.66328125 0.81328125 0.0171875 0.0546875
1 0.115625 0.3375 0.01875 0.0390625
1 0.028125 0.446875 0.01875 0.0421875
1 0.94296875 0.5546875 0.0265625 0.0484375
1 0.59765625 0.16875 0.0109375 0.0296875
1 0.37421875 0.19609375 0.0109375 0.0328125
1 0.16328125 0.2609375 0.0140625 0.0375
1 0.19375 0.38359375 0.021875 0.040625
1 0.3375 0.2921875 0.0125 0.0359375
1 0.48984375 0.38125 0.0125 0.0375
1 0.48828125 0.4015625 0.0125 0.0375
1 0.38828125 0.70703125 0.0234375 0.046875
1 0.4609375 0.57109375 0.0203125 0.04375
2 0.3265625 0.44296875 0.0171875 0.040625
0 0.296875 0.85078125 0.015625 0.0203125
1 0.17109375 0.121875 0.0140625 0.03125