1 0.478125 0.39921875 0.0140625 0.040625
1 0.35234375 0.7859375 0.0234375 0.046875
1 0.73203125 0.50390625 0.0140625 0.040625
1 0.87421875 0.3296875 0.015625 0.0421875
1 0.39140625 0.52109375 0.0171875 0.0421875
1 0.1625 0.296875 0.0140625 0.040625
1 0.59609375 0.284375 0.0125 0.0375
1 0.52265625 0.55078125 0.0125 0.0421875
1 0.38828125 0.16796875 0.0109375 0.0296875
1 0.87578125 0.6640625 0.01875 0.0484375
2 0.65859375 0.4359375 0.015625 0.04375
1 0.6484375 0.2875 0.0125 0.034375
1 0.81328125 0.8921875 0.0234375 0.0625
1 0.05234375 0.5484375 0.0203125 0.053125
2 0.82109375 0.1203125 0.0125 0.028125
1 0.828125 0.25703125 0.0125 0.0359375
1 0.9421875 0.43203125 0.021875 0.0421875
1 0.5875 0.67578125 0.0234375 0.0515625
1 0.7671875 0.378125 0.0234375 0.0375
1 0.72109375 0.3484375 0.0171875 0.040625
1 0.50234375 0.3671875 0.0140625 0.0375
1 0.6078125 0.1953125 0.009375 0.03125