1 0.11328125 0.43203125 0.0171875 0.0421875
1 0.2265625 0.6390625 0.0265625 0.0484375
1 0.6640625 0.13671875 0.0109375 0.0234375
1 0.140625 0.2609375 0.021875 0.0375
1 0.021875 0.3015625 0.0171875 0.0359375
1 0.36171875 0.290625 0.015625 0.0359375
1 0.19375 0.23984375 0.0171875 0.0359375
1 0.03515625 0.40546875 0.0234375 0.0421875
1 0.703125 0.4109375 0.01875 0.0421875
1 0.39375 0.103125 0.0140625 0.028125
1 0.503125 0.3140625 0.0171875 0.0421875
1 0.546875 0.3734375 0.01875 0.0421875
1 0.76796875 0.1875 0.009375 0.0390625
1 0.92265625 0.24921875 0.0140625 0.0421875
0 0.69375 0.1671875 0.0078125 0.015625