1 0.2640625 0.26953125 0.0125 0.034375
1 0.64140625 0.35859375 0.0171875 0.0375
1 0.8484375 0.446875 0.015625 0.04375
1 0.4484375 0.203125 0.015625 0.03125
1 0.9703125 0.471875 0.01875 0.0421875
1 0.97734375 0.33984375 0.025 0.0375
1 0.6234375 0.35 0.0140625 0.0390625
1 0.50859375 0.52421875 0.015625 0.0484375
1 0.425 0.2578125 0.0125 0.0328125
2 0.61328125 0.30859375 0.0125 0.0375
1 0.340625 0.35234375 0.0171875 0.034375
1 0.1984375 0.22109375 0.0109375 0.028125
1 0.70546875 0.25078125 0.0140625 0.0359375
1 0.89609375 0.3203125 0.0171875 0.0375
1 0.128125 0.25078125 0.0171875 0.0296875
1 0.06328125 0.29453125 0.0125 0.0328125
1 0.23671875 0.29453125 0.0109375 0.0359375
1 0.49765625 0.49609375 0.021875 0.0375
1 0.72734375 0.23125 0.015625 0.0328125
1 0.68125 0.2015625 0.0109375 0.028125
1 0.24296875 0.28203125 0.015625 0.034375
1 0.09921875 0.27265625 0.0171875 0.0359375
0 0.125 0.23125 0.009375 0.0078125