1 0.65546875 0.221875 0.0140625 0.0328125
1 0.22265625 0.25625 0.0140625 0.0375
1 0.51953125 0.38203125 0.0125 0.04375
1 0.90625 0.265625 0.015625 0.0375
1 0.70546875 0.39140625 0.0171875 0.0390625
1 0.75859375 0.38359375 0.0171875 0.046875
1 0.596875 0.32109375 0.0125 0.040625
1 0.353125 0.49375 0.0171875 0.04375
1 0.8171875 0.525 0.028125 0.046875
1 0.9671875 0.34609375 0.01875 0.0390625
1 0.7828125 0.2109375 0.015625 0.0359375
1 0.40234375 0.28671875 0.0109375 0.0359375
1 0.39609375 0.1515625 0.0125 0.028125
1 0.67265625 0.1875 0.015625 0.028125
2 0.85546875 0.10859375 0.0125 0.025
1 0.47109375 0.2828125 0.0125 0.0375
2 0.39921875 0.26796875 0.0109375 0.034375
1 0.721875 0.296875 0.0140625 0.040625
1 0.4140625 0.259375 0.0078125 0.0296875
0 0.44609375 0.30234375 0.0109375 0.0109375