1 0.375 0.12734375 0.0125 0.025
1 0.62109375 0.284375 0.0125 0.0359375
1 0.18125 0.3578125 0.0171875 0.0390625
1 0.7125 0.146875 0.0109375 0.028125
1 0.47890625 0.15625 0.0140625 0.0265625
1 0.4484375 0.23515625 0.0140625 0.0359375
1 0.12890625 0.2234375 0.0171875 0.0328125
1 0.56640625 0.23828125 0.0140625 0.0375
1 0.14921875 0.2234375 0.0140625 0.0328125
1 0.50234375 0.4796875 0.0171875 0.0421875
1 0.2359375 0.371875 0.0171875 0.0390625
1 0.49765625 0.10390625 0.0140625 0.028125
0 0.50390625 0.1171875 0.009375 0.0109375
1 0.90546875 0.2109375 0.0125 0.0375