1 0.653125 0.20546875 0.0125 0.0328125
1 0.9328125 0.3671875 0.0171875 0.0421875
1 0.95703125 0.15859375 0.0140625 0.0328125
1 0.58046875 0.2 0.0109375 0.0328125
1 0.88515625 0.25546875 0.0140625 0.040625
1 0.34375 0.16953125 0.0125 0.0359375
1 0.5734375 0.41640625 0.0140625 0.046875
1 0.24921875 0.62265625 0.0203125 0.046875
1 0.79375 0.484375 0.0171875 0.0484375
1 0.39140625 0.22734375 0.0125 0.0375
2 0.03671875 0.9375 0.0359375 0.0484375
2 0.51875 0.240625 0.0109375 0.0328125
1 0.4078125 0.16875 0.0140625 0.0359375
1 0.59375 0.15546875 0.009375 0.028125
1 0.6390625 0.15078125 0.0109375 0.03125
1 0.640625 0.11640625 0.0109375 0.034375
1 0.515625 0.12109375 0.0140625 0.0296875
1 0.83203125 0.1109375 0.0171875 0.028125
1 0.81484375 0.16484375 0.015625 0.028125
1 0.765625 0.22890625 0.015625 0.0359375
2 0.8984375 0.10078125 0.0140625 0.0296875
0 0.7625 0.1234375 0.0125 0.0125
1 0.2328125 0.428125 0.021875 0.0421875