1 0.86953125 0.4609375 0.0171875 0.0484375
1 0.70234375 0.33359375 0.0125 0.0359375
1 0.64609375 0.40703125 0.0140625 0.040625
1 0.46953125 0.57265625 0.0171875 0.05
1 0.3921875 0.4234375 0.0140625 0.0421875
1 0.6703125 0.64296875 0.0203125 0.0484375
1 0.22578125 0.240625 0.0125 0.0375
1 0.84453125 0.2765625 0.0125 0.0421875
1 0.44609375 0.334375 0.0109375 0.0421875
1 0.46953125 0.24921875 0.0109375 0.0390625
1 0.6421875 0.15625 0.0109375 0.03125
1 0.15078125 0.28515625 0.0140625 0.0375
1 0.4453125 0.4375 0.0171875 0.0484375
1 0.35234375 0.35546875 0.0140625 0.0515625
2 0.2109375 0.1140625 0.0109375 0.0234375
1 0.50625 0.290625 0.0125 0.04375
1 0.934375 0.1078125 0.0109375 0.021875
1 0.4296875 0.30625 0.0125 0.0375
1 0.471875 0.19921875 0.0125 0.0359375
1 0.453125 0.4078125 0.0171875 0.040625
2 0.43515625 0.4046875 0.0125 0.0375
1 0.5015625 0.28515625 0.009375 0.0375
0 0.46640625 0.353125 0.00625 0.009375