1 0.34609375 0.6765625 0.0375 0.0640625
1 0.76953125 0.84140625 0.034375 0.0703125
1 0.76484375 0.4359375 0.0296875 0.0515625
1 0.3828125 0.5171875 0.03125 0.0515625
1 0.01875 0.51953125 0.0234375 0.0578125
1 0.05078125 0.73046875 0.0359375 0.06875
1 0.56171875 0.6484375 0.0375 0.06875
1 0.203125 0.3546875 0.0265625 0.046875
1 0.271875 0.371875 0.025 0.0546875
1 0.7859375 0.971875 0.0546875 0.05625
1 0.5140625 0.6390625 0.04375 0.059375
1 0.11484375 0.47890625 0.0328125 0.0546875
0 0.7625 0.99609375 0.0234375 0.0078125