1 0.1359375 0.4515625 0.01875 0.0390625
1 0.009375 0.4796875 0.01875 0.04375
1 0.4890625 0.50546875 0.01875 0.04375
1 0.46796875 0.5375 0.0171875 0.0484375
1 0.346875 0.35234375 0.0140625 0.0375
1 0.0078125 0.3390625 0.015625 0.0390625
2 0.378125 0.3078125 0.0125 0.0375
1 0.609375 0.359375 0.0125 0.0359375
1 0.09453125 0.32109375 0.0140625 0.0359375
1 0.26796875 0.25234375 0.0125 0.0328125
1 0.9359375 0.2984375 0.0125 0.03125
1 0.77890625 0.2265625 0.0109375 0.028125
1 0.55 0.26796875 0.0125 0.0359375
1 0.715625 0.27890625 0.0125 0.034375
1 0.26171875 0.23125 0.0140625 0.034375
1 0.3203125 0.36484375 0.01875 0.0421875
1 0.2796875 0.1984375 0.0171875 0.03125
1 0.503125 0.20234375 0.0140625 0.03125
1 0.7203125 0.30859375 0.0125 0.0375
1 0.765625 0.315625 0.0171875 0.0328125
1 0.875 0.27421875 0.0140625 0.03125
1 0.89375 0.26015625 0.0265625 0.025
0 0.83125 0.25625 0.009375 0.0078125