1 0.75390625 0.34375 0.0140625 0.0390625
1 0.50859375 0.271875 0.0125 0.0375
1 0.8328125 0.16328125 0.0125 0.03125
1 0.7515625 0.2859375 0.0140625 0.0390625
1 0.88828125 0.209375 0.0140625 0.0359375
1 0.8234375 0.4015625 0.01875 0.0453125
1 0.79453125 0.42421875 0.0171875 0.040625
1 0.4484375 0.296875 0.0125 0.0359375
1 0.51875 0.13125 0.009375 0.0296875
1 0.39140625 0.53671875 0.0171875 0.04375
1 0.96015625 0.5671875 0.025 0.053125
2 0.03125 0.94453125 0.0328125 0.04375
1 0.9484375 0.27109375 0.0171875 0.0375
1 0.59140625 0.41796875 0.015625 0.040625
1 0.68203125 0.246875 0.0125 0.0328125
2 0.54921875 0.2734375 0.0140625 0.03125
1 0.571875 0.23359375 0.0140625 0.0359375
1 0.3046875 0.23359375 0.0109375 0.034375
2 0.8984375 0.1125 0.0140625 0.0265625