1 0.134375 0.721875 0.0265625 0.05
1 0.5546875 0.253125 0.0125 0.034375
1 0.75859375 0.19921875 0.0140625 0.0328125
1 0.91328125 0.92578125 0.0265625 0.0625
1 0.746875 0.39375 0.015625 0.0421875
1 0.86328125 0.30234375 0.0125 0.0375
1 0.48359375 0.4015625 0.0203125 0.0390625
1 0.5515625 0.11171875 0.0109375 0.0234375
1 0.815625 0.415625 0.0171875 0.04375
1 0.659375 0.19921875 0.0125 0.03125
1 0.99140625 0.61875 0.0171875 0.0578125
2 0.728125 0.27265625 0.0140625 0.0328125
1 0.63828125 0.603125 0.021875 0.05625
1 0.9421875 0.20078125 0.0140625 0.0265625
1 0.9921875 0.20859375 0.015625 0.034375
1 0.58515625 0.16171875 0.0109375 0.0265625
1 0.31953125 0.175 0.0140625 0.0296875
0 0.00546875 0.49453125 0.0109375 0.015625