1 0.63515625 0.75546875 0.05625 0.175
1 0.98046875 0.771875 0.0390625 0.1765625
1 0.753125 0.4625 0.0640625 0.15
1 0.4140625 0.40390625 0.05 0.1390625
1 0.04921875 0.471875 0.0453125 0.1453125
1 0.95234375 0.4828125 0.05625 0.1375
1 0.54453125 0.25546875 0.0609375 0.0671875
1 0.87421875 0.390625 0.0546875 0.11875
1 0.6390625 0.2609375 0.053125 0.0859375
1 0.23203125 0.40078125 0.046875 0.1296875
1 0.26171875 0.325 0.04375 0.103125
1 0.81484375 0.32890625 0.0625 0.1359375
0 0.87265625 0.2890625 0.0203125 0.01875