1 0.93671875 0.22734375 0.021875 0.0296875
1 0.33203125 0.29140625 0.015625 0.034375
1 0.640625 0.303125 0.021875 0.0359375
1 0.1796875 0.28125 0.01875 0.0359375
1 0.64296875 0.21640625 0.01875 0.03125
1 0.91640625 0.31796875 0.0234375 0.03125
1 0.0015617765625 0.000554109375 0.00003616875000000009 0.00004629687500000007
1 0.7875 0.2015625 0.01875 0.028125
1 0.4640625 0.20625 0.01875 0.0328125
1 0.22578125 0.57421875 0.0359375 0.0421875
1 0.10703125 0.25390625 0.0171875 0.0359375
1 0.2328125 0.39296875 0.03125 0.0484375
1 0.13828125 0.240625 0.015625 0.0375
1 0.62578125 0.14453125 0.01875 0.028125
1 0.3453125 0.38828125 0.025 0.0421875
1 0.82578125 0.18203125 0.021875 0.0265625
1 0.68515625 0.1859375 0.015625 0.028125
2 0.11328125 0.35859375 0.0203125 0.040625
1 0.18203125 0.37109375 0.01875 0.0328125
1 0.16640625 0.359375 0.0328125 0.0375
0 0.9875 0.3125 0.0171875 0.0125