1 0.64375 0.19453125 0.0125 0.03125
1 0.68671875 0.35390625 0.0171875 0.034375
1 0.20078125 0.23359375 0.01875 0.0359375
1 0.940625 0.60625 0.03125 0.0515625
1 0.92890625 0.33203125 0.0203125 0.040625
1 0.4625 0.3453125 0.01875 0.0390625
1 0.26953125 0.2515625 0.0171875 0.0328125
1 0.25703125 0.38828125 0.0234375 0.0421875
1 0.6859375 0.28828125 0.0171875 0.0359375
1 0.4453125 0.2859375 0.0140625 0.0328125
1 0.55078125 0.20078125 0.0140625 0.03125
1 0.89296875 0.253125 0.021875 0.0375
1 0.51875 0.4765625 0.028125 0.046875
1 0.3515625 0.15703125 0.0140625 0.0265625
1 0.53671875 0.2984375 0.0140625 0.0359375
1 0.6859375 0.3296875 0.01875 0.0265625
1 0.65078125 0.678125 0.0265625 0.040625
1 0.69453125 0.190625 0.015625 0.028125
1 0.4984375 0.27109375 0.015625 0.0328125
2 0.40625 0.26953125 0.0125 0.0390625
0 0.59375 0.3359375 0.0140625 0.009375
2 0.8390625 0.1078125 0.0203125 0.025