1 0.2 0.26796875 0.0125 0.0359375
1 0.26484375 0.3640625 0.015625 0.040625
1 0.20078125 0.30703125 0.0125 0.0375
1 0.37421875 0.409375 0.0140625 0.04375
1 0.553125 0.134375 0.0125 0.028125
1 0.7609375 0.321875 0.0171875 0.0375
1 0.70078125 0.25625 0.0140625 0.0359375
1 0.4484375 0.27890625 0.0140625 0.0390625
1 0.46640625 0.14609375 0.0125 0.028125
1 0.29375 0.19453125 0.0125 0.03125
2 0.5703125 0.26640625 0.0125 0.0359375
1 0.3796875 0.14375 0.0109375 0.028125
1 0.64921875 0.234375 0.0125 0.0359375
1 0.38359375 0.24140625 0.0125 0.0375
1 0.80546875 0.196875 0.0140625 0.034375
1 0.309375 0.203125 0.0125 0.0296875
1 0.68046875 0.30390625 0.01875 0.0375
1 0.5265625 0.18046875 0.0125 0.0328125
1 0.5921875 0.15390625 0.0203125 0.028125
1 0.45234375 0.1828125 0.01875 0.0296875
1 0.39140625 0.153125 0.01875 0.0328125
0 0.5328125 0.16171875 0.0078125 0.0078125
1 0.146875 0.2109375 0.0125 0.0375