1 0.7109375 0.1765625 0.0109375 0.034375
1 0.2890625 0.203125 0.0109375 0.03125
1 0.846875 0.39296875 0.0140625 0.0421875
1 0.7546875 0.56875 0.015625 0.0484375
1 0.55390625 0.17421875 0.015625 0.0265625
1 0.4859375 0.409375 0.0140625 0.0421875
1 0.49140625 0.18515625 0.0125 0.03125
1 0.48203125 0.221875 0.0125 0.0328125
1 0.5125 0.13203125 0.009375 0.0234375
1 0.3609375 0.24921875 0.0140625 0.0328125
1 0.30546875 0.40625 0.0140625 0.04375
1 0.58203125 0.2390625 0.0125 0.0359375
1 0.44296875 0.16796875 0.0109375 0.028125
1 0.46328125 0.12265625 0.0109375 0.0265625
1 0.23203125 0.29375 0.0125 0.0359375
1 0.409375 0.15703125 0.0078125 0.028125
1 0.42109375 0.16484375 0.0171875 0.03125
1 0.63515625 0.16875 0.009375 0.0359375
1 0.696875 0.23515625 0.0125 0.034375
1 0.21796875 0.1453125 0.0109375 0.0265625
2 0.2140625 0.11953125 0.0125 0.025
2 0.4125 0.25625 0.0109375 0.034375