1 0.85234375 0.56328125 0.0453125 0.1234375
1 0.4015625 0.65390625 0.0640625 0.1328125
1 0.05234375 0.2828125 0.040625 0.0953125
1 0.11796875 0.73984375 0.0828125 0.1296875
1 0.125 0.36171875 0.04375 0.1015625
1 0.615625 0.52578125 0.06875 0.1203125
1 0.8046875 0.25625 0.040625 0.084375
1 0.4703125 0.78046875 0.0515625 0.13125
1 0.3671875 0.20546875 0.0265625 0.071875
1 0.5234375 0.70390625 0.0671875 0.14375
1 0.334375 0.3796875 0.05625 0.1046875
2 0.3734375 0.3875 0.0421875 0.1078125
1 0.740625 0.1515625 0.0234375 0.0609375
2 0.24296875 0.115625 0.025 0.0625
0 0.38046875 0.8796875 0.025 0.0296875
1 0.20078125 0.209375 0.034375 0.0734375