1 0.82734375 0.72265625 0.0828125 0.1671875
1 0.4609375 0.56015625 0.075 0.1453125
1 0.17109375 0.56640625 0.0578125 0.1390625
1 0.765625 0.5375 0.090625 0.13125
1 0.49765625 0.31875 0.0390625 0.1
1 0.896875 0.9203125 0.13125 0.159375
1 0.33046875 0.24296875 0.0421875 0.0859375
2 0.05234375 0.49453125 0.0484375 0.1296875
1 0.46796875 0.41796875 0.0453125 0.1234375
1 0.00703125 0.45 0.0140625 0.109375
1 0.08984375 0.43984375 0.0515625 0.1046875
1 0.015625 0.42890625 0.03125 0.1046875
1 0.0140625 0.44609375 0.028125 0.1078125
1 0.0484375 0.4921875 0.053125 0.128125
0 0.3140625 0.275 0.015625 0.025