1 0.86171875 0.91015625 0.034375 0.06875
1 0.60234375 0.6921875 0.0375 0.05625
1 0.6875 0.3703125 0.021875 0.0546875
1 0.83125 0.471875 0.0234375 0.059375
1 0.5609375 0.5125 0.0265625 0.0515625
1 0.9421875 0.5140625 0.0265625 0.0609375
1 0.23828125 0.8546875 0.0359375 0.0703125
1 0.940625 0.9890625 0.05 0.021875
1 0.23984375 0.9671875 0.0453125 0.065625
1 0.8953125 0.72578125 0.0265625 0.0671875
1 0.3609375 0.62578125 0.0265625 0.065625
1 0.76640625 0.36328125 0.025 0.053125
1 0.2578125 0.41875 0.025 0.0484375
1 0.3890625 0.615625 0.0234375 0.0484375
0 0.25546875 0.9890625 0.0203125 0.021875