1 0.3171875 0.15390625 0.0234375 0.028125
1 0.7125 0.48046875 0.021875 0.0484375
1 0.4859375 0.20625 0.01875 0.034375
1 0.08828125 0.34765625 0.0265625 0.0375
1 0.86328125 0.30078125 0.0171875 0.04375
1 0.37421875 0.51796875 0.0265625 0.0515625
1 0.9375 0.3328125 0.015625 0.04375
1 0.04453125 0.29609375 0.0203125 0.0328125
1 0.32890625 0.40859375 0.0359375 0.0390625
1 0.19296875 0.38515625 0.025 0.0390625
1 0.2125 0.25390625 0.021875 0.034375
1 0.17421875 0.1890625 0.0171875 0.03125
1 0.028125 0.1796875 0.015625 0.0265625
1 0.43125 0.2890625 0.0171875 0.0296875
1 0.25546875 0.33125 0.0203125 0.0359375
1 0.415625 0.27578125 0.0234375 0.0328125
2 0.41640625 0.3046875 0.021875 0.0359375
1 0.8125 0.49609375 0.021875 0.05625
1 0.19140625 0.26015625 0.0140625 0.03125
1 0.1 0.2515625 0.01875 0.0375
2 0.4171875 0.0125 0.0140625 0.025
2 0.87265625 0.94375 0.0296875 0.053125
0 0.3921875 0.2984375 0.0078125 0.0078125