1 0.72890625 0.46640625 0.021875 0.04375
1 0.46875 0.290625 0.01875 0.034375
1 0.934375 0.3 0.01875 0.0390625
1 0.1390625 0.40625 0.028125 0.0375
1 0.56328125 0.453125 0.0265625 0.0421875
1 0.36171875 0.17421875 0.0203125 0.03125
1 0.74609375 0.165625 0.0109375 0.0296875
1 0.25 0.2546875 0.01875 0.0328125
1 0.20625 0.3703125 0.021875 0.0375
1 0.59453125 0.1859375 0.0140625 0.0296875
2 0.5515625 0.28984375 0.0171875 0.034375
1 0.80078125 0.16171875 0.0125 0.0265625
1 0.43671875 0.28203125 0.0203125 0.0375
2 0.3578125 0.0890625 0.0140625 0.0234375
1 0.26171875 0.228125 0.01875 0.0359375
1 0.64921875 0.13125 0.0140625 0.021875
1 0.54140625 0.17421875 0.0109375 0.03125
1 0.57421875 0.11953125 0.0125 0.0234375
1 0.63046875 0.12421875 0.009375 0.0265625
1 0.66171875 0.15 0.0140625 0.0328125
1 0.67578125 0.13125 0.0078125 0.0265625
1 0.684375 0.13125 0.0109375 0.0296875
2 0.9390625 0.98984375 0.0203125 0.0203125