1 0.6484375 0.403125 0.0125 0.040625
1 0.8625 0.45078125 0.0171875 0.046875
1 0.2203125 0.2859375 0.0125 0.0375
1 0.646875 0.15546875 0.0109375 0.03125
1 0.471875 0.5640625 0.01875 0.04375
1 0.55625 0.31796875 0.0140625 0.0390625
1 0.70625 0.32890625 0.0125 0.0375
1 0.5140625 0.315625 0.0171875 0.0421875
1 0.675 0.6390625 0.021875 0.0515625
1 0.5234375 0.3921875 0.0140625 0.04375
1 0.446875 0.3296875 0.0125 0.0390625
1 0.56953125 0.29375 0.0125 0.0390625
1 0.5265625 0.41796875 0.0125 0.046875
1 0.48359375 0.34375 0.0140625 0.0390625
1 0.44609375 0.35859375 0.0125 0.0359375
1 0.85078125 0.27578125 0.0140625 0.0375
1 0.47421875 0.2015625 0.0109375 0.03125
1 0.47421875 0.24296875 0.0109375 0.0359375
2 0.4390625 0.4015625 0.0125 0.040625
1 0.328125 0.25234375 0.0140625 0.0359375
1 0.484375 0.42109375 0.0234375 0.0421875
0 0.4703125 0.3484375 0.0078125 0.0109375
2 0.29296875 0.10859375 0.01875 0.0265625