1 0.01640625 0.4828125 0.021875 0.06875
1 0.20703125 0.73046875 0.0234375 0.075
1 0.58359375 0.33984375 0.0203125 0.0453125
1 0.13515625 0.26953125 0.0203125 0.0515625
1 0.33125 0.3453125 0.01875 0.0546875
1 0.365625 0.6390625 0.025 0.06875
1 0.084375 0.33515625 0.021875 0.0546875
1 0.47890625 0.47109375 0.0234375 0.0578125
1 0.13984375 0.41796875 0.021875 0.0578125
1 0.07734375 0.26875 0.01875 0.05
1 0.1109375 0.26328125 0.021875 0.0453125
1 0.29765625 0.3359375 0.021875 0.05625
1 0.48828125 0.53359375 0.01875 0.05625
0 0.0171875 0.2796875 0.0125 0.021875