1 0.3859375 0.51484375 0.0125 0.0421875
1 0.115625 0.4890625 0.0171875 0.0421875
1 0.51953125 0.38515625 0.0140625 0.0390625
1 0.26328125 0.22265625 0.0125 0.0359375
1 0.73671875 0.3734375 0.0140625 0.0390625
1 0.4484375 0.23828125 0.0125 0.034375
1 0.2859375 0.21640625 0.0125 0.0328125
2 0.51328125 0.27890625 0.0109375 0.0375
1 0.4640625 0.146875 0.0109375 0.028125
1 0.4203125 0.13515625 0.009375 0.025
2 0.64296875 0.10703125 0.0109375 0.0265625
1 0.515625 0.234375 0.0125 0.0328125
1 0.34140625 0.16953125 0.0140625 0.025
1 0.7171875 0.278125 0.0140625 0.0375
1 0.61953125 0.14375 0.0125 0.028125
1 0.678125 0.2390625 0.0125 0.0328125
1 0.52265625 0.18203125 0.0109375 0.028125
1 0.50234375 0.18125 0.0125 0.0265625
1 0.58515625 0.13515625 0.0125 0.0265625
1 0.39375 0.1578125 0.0125 0.025
1 0.328125 0.16640625 0.0109375 0.025
0 0.3375 0.09765625 0.00625 0.0046875
1 0.146875 0.2421875 0.0140625 0.0375