1 0.309375 0.44375 0.01875 0.034375
1 0.84375 0.17734375 0.0125 0.028125
1 0.690625 0.228125 0.0171875 0.0296875
1 0.55703125 0.14609375 0.015625 0.0265625
1 0.67109375 0.17890625 0.0171875 0.0296875
1 0.34375 0.3015625 0.021875 0.0375
2 0.57578125 0.28203125 0.0140625 0.034375
1 0.91875 0.2234375 0.01875 0.03125
1 0.8859375 0.315625 0.021875 0.0328125
1 0.3828125 0.421875 0.0265625 0.0375
1 0.7640625 0.32421875 0.021875 0.0359375
1 0.3703125 0.29296875 0.021875 0.03125
1 0.81953125 0.28046875 0.01875 0.0328125
1 0.2375 0.225 0.0171875 0.0296875
1 0.94453125 0.65546875 0.0296875 0.046875
1 0.68359375 0.28828125 0.0171875 0.03125
1 0.6359375 0.246875 0.0171875 0.03125
1 0.3671875 0.203125 0.01875 0.0375
1 0.63828125 0.271875 0.01875 0.028125
1 0.80390625 0.30078125 0.0421875 0.0109375
1 0.0125 0.23671875 0.0203125 0.0390625
0 0.98046875 0.3546875 0.0125 0.0109375