1 0.24921875 0.196875 0.0296875 0.084375
1 0.784375 0.3671875 0.0375 0.1046875
2 0.18515625 0.2953125 0.034375 0.090625
1 0.240625 0.515625 0.0984375 0.1015625
1 0.998442925 0.0004134109375 0.000054253125000158774 0.00013237812499999993
1 0.47734375 0.5921875 0.06875 0.0875
1 0.5890625 0.171875 0.025 0.0765625
1 0.53359375 0.6578125 0.053125 0.115625
1 0.5609375 0.67734375 0.0578125 0.1125
1 0.61640625 0.3734375 0.071875 0.1
2 0.81015625 0.065625 0.0265625 0.06875
1 0.3828125 0.65703125 0.05625 0.11875