1 0.55703125 0.22890625 0.0140625 0.0328125
1 0.86796875 0.41328125 0.01875 0.0421875
1 0.40234375 0.40859375 0.0171875 0.040625
1 0.8265625 0.2453125 0.0140625 0.0390625
1 0.33125 0.203125 0.0109375 0.0328125
1 0.7796875 0.16796875 0.0125 0.03125
1 0.43359375 0.26875 0.0125 0.0359375
1 0.39921875 0.1734375 0.0109375 0.0328125
1 0.61953125 0.16796875 0.0109375 0.0296875
1 0.29140625 0.1453125 0.0109375 0.0265625
1 0.66171875 0.52109375 0.0140625 0.046875
1 0.66875 0.1640625 0.009375 0.028125
1 0.53046875 0.1640625 0.009375 0.028125
1 0.28359375 0.3625 0.015625 0.0421875
1 0.6546875 0.23984375 0.0125 0.034375
1 0.29453125 0.275 0.0125 0.034375
2 0.4109375 0.2640625 0.0140625 0.03125
1 0.36953125 0.15234375 0.0140625 0.034375
1 0.50703125 0.12421875 0.009375 0.028125
1 0.609375 0.15546875 0.0078125 0.03125
1 0.6484375 0.13125 0.009375 0.028125
2 0.26796875 0.11484375 0.0109375 0.0265625