1 0.440625 0.29765625 0.0171875 0.0390625
1 0.396875 0.28828125 0.015625 0.0375
1 0.13125 0.13203125 0.0140625 0.0328125
1 0.03359375 0.16875 0.0125 0.0375
2 0.390625 0.2203125 0.0140625 0.0359375
1 0.55234375 0.2234375 0.0140625 0.0359375
2 0.33671875 0.01640625 0.0109375 0.021875
1 0.8390625 0.20859375 0.0140625 0.0359375
1 0.5359375 0.05078125 0.0109375 0.0265625
1 0.23125 0.4890625 0.021875 0.0484375
1 0.69453125 0.11640625 0.0125 0.03125
1 0.14140625 0.29140625 0.01875 0.0453125
1 0.80859375 0.18203125 0.0125 0.0390625
0 0.13515625 0.1484375 0.00625 0.00625