1 0.75 0.66484375 0.0828125 0.134375
1 0.41953125 0.60078125 0.053125 0.1296875
1 0.80859375 0.51640625 0.0578125 0.11875
1 0.465625 0.26875 0.0390625 0.090625
1 0.2796875 0.5875 0.0765625 0.1390625
1 0.20703125 0.4359375 0.0359375 0.11875
1 0.96328125 0.41796875 0.0734375 0.125
1 0.0875 0.72734375 0.0671875 0.1625
2 0.05546875 0.3875 0.0671875 0.1140625
1 0.759375 0.50390625 0.0390625 0.11875
1 0.39921875 0.2796875 0.034375 0.0984375
1 0.38046875 0.25625 0.0359375 0.08125
2 0.28515625 0.08203125 0.0203125 0.05625
1 0.38984375 0.253125 0.0484375 0.0734375
1 0.015625 0.10078125 0.03125 0.059375
0 0.784375 0.709375 0.01875 0.0296875