1 0.1109375 0.4484375 0.0203125 0.0421875
1 0.02109375 0.40546875 0.025 0.046875
1 0.3765625 0.28359375 0.015625 0.0375
1 0.70078125 0.43125 0.01875 0.0421875
1 0.20625 0.2515625 0.01875 0.0375
1 0.93671875 0.26171875 0.0125 0.03125
1 0.1859375 0.66015625 0.0265625 0.046875
1 0.53203125 0.390625 0.015625 0.0390625
1 0.14765625 0.271875 0.0140625 0.0390625
1 0.47890625 0.321875 0.015625 0.040625
1 0.38984375 0.103125 0.0140625 0.0296875
1 0.67890625 0.14609375 0.009375 0.034375
1 0.76953125 0.18828125 0.0140625 0.040625
0 0.68828125 0.16640625 0.0109375 0.009375