1 0.12421875 0.2859375 0.0140625 0.040625
1 0.88984375 0.465625 0.0203125 0.046875
1 0.66796875 0.64609375 0.021875 0.0515625
1 0.4671875 0.19296875 0.0109375 0.0359375
1 0.46171875 0.58203125 0.01875 0.046875
1 0.82578125 0.275 0.0125 0.040625
1 0.46875 0.253125 0.0125 0.040625
1 0.29296875 0.36171875 0.0171875 0.0421875
1 0.64140625 0.4109375 0.0125 0.0421875
1 0.259375 0.34609375 0.015625 0.040625
1 0.48515625 0.27734375 0.0125 0.0375
1 0.39453125 0.45859375 0.0140625 0.0421875
1 0.6953125 0.33671875 0.0125 0.0375
1 0.640625 0.1578125 0.0109375 0.03125
2 0.4265625 0.40625 0.0140625 0.040625
1 0.4515625 0.3359375 0.0171875 0.0359375
1 0.31953125 0.44140625 0.0203125 0.04375
1 0.1875 0.23671875 0.015625 0.03125
1 0.36484375 0.31015625 0.0140625 0.0390625
0 0.540625 0.353125 0.0078125 0.0109375
2 0.1890625 0.1140625 0.0140625 0.0296875
1 0.39296875 0.41875 0.0140625 0.0359375