1 0.4890625 0.17421875 0.0109375 0.028125
1 0.78671875 0.20078125 0.0140625 0.03125
1 0.44609375 0.2671875 0.0125 0.0359375
1 0.659375 0.45546875 0.021875 0.040625
1 0.75546875 0.1859375 0.0140625 0.03125
1 0.99296875 0.45390625 0.0140625 0.0421875
1 0.64609375 0.25 0.0125 0.0328125
1 0.42578125 0.53359375 0.015625 0.0421875
1 0.21796875 0.35390625 0.0140625 0.040625
1 0.3734375 0.25859375 0.0125 0.0359375
1 0.74921875 0.2484375 0.015625 0.034375
2 0.56640625 0.22109375 0.0109375 0.03125
1 0.29375 0.1859375 0.0109375 0.0359375
1 0.515625 0.16796875 0.0109375 0.028125
2 0.26484375 0.1140625 0.0125 0.025
1 0.54921875 0.25703125 0.0140625 0.0359375
1 0.509375 0.11328125 0.0078125 0.025
1 0.43359375 0.15078125 0.0109375 0.03125
1 0.45546875 0.16171875 0.0234375 0.025
1 0.5875 0.13359375 0.0109375 0.0265625
1 0.58359375 0.19140625 0.0109375 0.028125