1 0.053125 0.24453125 0.05 0.0921875
1 0.59609375 0.55078125 0.0609375 0.1203125
1 0.928125 0.7453125 0.065625 0.159375
1 0.73828125 0.5546875 0.04375 0.1203125
1 0.646875 0.20546875 0.01875 0.078125
1 0.390625 0.3640625 0.05625 0.103125
1 0.153125 0.28984375 0.034375 0.09375
1 0.240625 0.1609375 0.0234375 0.071875
1 0.38515625 0.6046875 0.059375 0.1453125
1 0.43359375 0.51328125 0.05 0.109375
1 0.503125 0.45234375 0.0453125 0.11875
1 0.05234375 0.58359375 0.059375 0.146875
1 0.3359375 0.62265625 0.0578125 0.13125
1 0.05234375 0.55859375 0.059375 0.096875
1 0.453125 0.33203125 0.0390625 0.0640625
1 0.4625 0.40703125 0.0421875 0.1078125
1 0.19375 0.0984375 0.0375 0.0671875
1 0.68203125 0.10859375 0.021875 0.05625
1 0.34921875 0.1046875 0.0265625 0.05625
0 0.52421875 0.54453125 0.0265625 0.025