1 0.06484375 0.625 0.0265625 0.0453125
1 0.38671875 0.28828125 0.0140625 0.0328125
1 0.06875 0.23984375 0.0140625 0.034375
1 0.0078125 0.384375 0.015625 0.0421875
1 0.084375 0.3375 0.01875 0.0390625
1 0.6140625 0.43828125 0.03125 0.0390625
1 0.38984375 0.2125 0.0140625 0.0328125
1 0.6140625 0.5234375 0.021875 0.0375
1 0.58359375 0.3203125 0.0203125 0.0375
1 0.29453125 0.30859375 0.0234375 0.0296875
1 0.746875 0.240625 0.0140625 0.0359375
2 0.48984375 0.278125 0.015625 0.0375
1 0.52578125 0.15546875 0.0140625 0.028125
0 0.13359375 0.3796875 0.009375 0.0171875
1 0.29453125 0.3234375 0.0171875 0.0328125
1 0.69375 0.22421875 0.0140625 0.03125
1 0.67890625 0.340625 0.021875 0.040625
1 0.23359375 0.28203125 0.021875 0.034375
1 0.59765625 0.5171875 0.025 0.0390625
1 0.34453125 0.2796875 0.0203125 0.0234375
1 0.23203125 0.18984375 0.0125 0.03125
1 0.3234375 0.184375 0.0140625 0.028125
2 0.07265625 0.121875 0.0125 0.028125
1 0.396875 0.26015625 0.0140625 0.0390625