1 0.3828125 0.25390625 0.05625 0.1
1 0.2265625 0.4921875 0.053125 0.11875
1 0.5359375 0.253125 0.0328125 0.0921875
1 0.9625 0.421875 0.053125 0.1203125
1 0.26796875 0.45078125 0.0390625 0.1234375
1 0.69375 0.6171875 0.08125 0.1265625
1 0.54765625 0.534375 0.05625 0.121875
1 0.3109375 0.6578125 0.0578125 0.15625
1 0.234375 0.63125 0.05625 0.13125
1 0.59765625 0.53671875 0.0515625 0.11875
1 0.425 0.23046875 0.03125 0.0890625
2 0.0828125 0.36875 0.040625 0.1046875
2 0.0875 0.07890625 0.0328125 0.0640625
0 0.68828125 0.7 0.0234375 0.028125