1 0.15546875 0.29375 0.01875 0.0359375
1 0.95234375 0.19765625 0.015625 0.0296875
1 0.38984375 0.2859375 0.0125 0.0359375
1 0.7296875 0.3109375 0.0140625 0.0375
1 0.3984375 0.1734375 0.0109375 0.03125
1 0.31640625 0.50703125 0.015625 0.0390625
1 0.6703125 0.3234375 0.0125 0.0375
2 0.57421875 0.23984375 0.0125 0.034375
1 0.8046875 0.46953125 0.015625 0.0421875
1 0.61328125 0.16640625 0.0109375 0.028125
1 0.79453125 0.27578125 0.0140625 0.0375
1 0.48125 0.17734375 0.0125 0.03125
1 0.371875 0.50546875 0.0171875 0.04375
2 0.9140625 0.13515625 0.0125 0.025
1 0.85 0.2875 0.0140625 0.0359375
1 0.55078125 0.1734375 0.0125 0.028125
1 0.359375 0.11796875 0.0109375 0.025
1 0.67734375 0.57265625 0.01875 0.046875
1 0.853125 0.21171875 0.015625 0.03125
1 0.7421875 0.18671875 0.0125 0.028125
1 0.50078125 0.140625 0.0171875 0.0265625
1 0.325 0.15546875 0.015625 0.03125
1 0.01015625 0.16953125 0.0171875 0.025
0 0.0296875 0.18359375 0.0078125 0.00625