1 0.23125 0.6453125 0.065625 0.14375
1 0.79140625 0.50078125 0.04375 0.115625
1 0.11328125 0.396875 0.034375 0.10625
2 0.38515625 0.35 0.0375 0.096875
1 0.703125 0.534375 0.0421875 0.11875
1 0.0265625 0.39765625 0.053125 0.08125
1 0.4359375 0.35703125 0.0328125 0.103125
1 0.73828125 0.40078125 0.0546875 0.1046875
1 0.85390625 0.278125 0.03125 0.0921875
1 0.10390625 0.2890625 0.021875 0.0859375
1 0.0015625 0.0005164937500000001 0.00006510468749999985 0.00014322968750000008
1 0.30078125 0.209375 0.0296875 0.0734375