1 0.60234375 0.5265625 0.0234375 0.0515625
1 0.21171875 0.21875 0.0140625 0.0375
1 0.66171875 0.1515625 0.0171875 0.03125
1 0.78125 0.47578125 0.0265625 0.0484375
1 0.1109375 0.4046875 0.021875 0.0484375
1 0.70546875 0.15390625 0.0171875 0.03125
1 0.334375 0.3015625 0.01875 0.0421875
1 0.48125 0.425 0.0171875 0.046875
1 0.06953125 0.48203125 0.0171875 0.05
1 0.7359375 0.4390625 0.01875 0.0453125
1 0.565625 0.42109375 0.0234375 0.046875
1 0.2765625 0.59296875 0.025 0.0515625
1 0.42890625 0.465625 0.0203125 0.046875
2 0.58359375 0.26875 0.0171875 0.0375
1 0.67265625 0.3359375 0.01875 0.0359375
1 0.4484375 0.4765625 0.015625 0.046875
1 0.85859375 0.434375 0.0203125 0.0375
2 0.64375 0.03515625 0.0125 0.0234375
1 0.68125 0.3671875 0.01875 0.0390625
1 0.76875 0.23359375 0.021875 0.0328125
1 0.2734375 0.4890625 0.0171875 0.05
0 0.86015625 0.40234375 0.0078125 0.009375