1 0.13515625 0.59296875 0.04375 0.11875
1 0.03125 0.67734375 0.0625 0.140625
1 0.77734375 0.45078125 0.040625 0.1015625
1 0.93515625 0.271875 0.0265625 0.0734375
1 0.41875 0.66875 0.040625 0.1265625
1 0.6390625 0.30859375 0.0421875 0.0828125
1 0.18046875 0.43515625 0.0390625 0.1046875
1 0.11640625 0.40078125 0.025 0.09375
1 0.53359375 0.7203125 0.078125 0.109375
2 0.784375 0.16171875 0.0359375 0.0546875
1 0.66015625 0.609375 0.0484375 0.11875
1 0.62734375 0.603125 0.04375 0.125
1 0.85859375 0.440625 0.0421875 0.090625
1 0.63046875 0.58671875 0.05 0.1203125
1 0.8578125 0.4 0.0296875 0.078125
1 0.859375 0.4125 0.034375 0.0859375
1 0.85234375 0.43359375 0.0484375 0.0859375
1 0.63515625 0.6125 0.0546875 0.1109375
1 0.64765625 0.6125 0.0546875 0.1109375