1 0.31171875 0.4109375 0.0171875 0.0453125
1 0.71328125 0.3609375 0.01875 0.0359375
1 0.33671875 0.61328125 0.0234375 0.0546875
1 0.50859375 0.15703125 0.0140625 0.028125
1 0.5578125 0.24375 0.0140625 0.0359375
1 0.346875 0.26640625 0.0171875 0.0359375
1 0.9265625 0.47578125 0.0265625 0.046875
1 0.2484375 0.19296875 0.0171875 0.028125
1 0.8703125 0.403125 0.0203125 0.0421875
1 0.68359375 0.2265625 0.01875 0.0328125
1 0.078125 0.37109375 0.0171875 0.0390625
1 0.6140625 0.15859375 0.0140625 0.028125
1 0.78203125 0.51171875 0.028125 0.0421875
1 0.61640625 0.24453125 0.0171875 0.0328125
1 0.6390625 0.34609375 0.0203125 0.0375
1 0.83828125 0.3140625 0.01875 0.0359375
2 0.61171875 0.33359375 0.01875 0.0359375
1 0.65078125 0.1890625 0.0171875 0.03125
2 0.61796875 0.0953125 0.0125 0.0234375
1 0.815625 0.31953125 0.01875 0.0375
1 0.496875 0.109375 0.015625 0.025
0 0.26953125 0.2015625 0.0078125 0.009375