1 0.490625 0.40234375 0.015625 0.040625
1 0.68671875 0.225 0.015625 0.0359375
1 0.6890625 0.16171875 0.0109375 0.03125
1 0.79140625 0.56171875 0.0171875 0.046875
1 0.3015625 0.2015625 0.0125 0.0328125
1 0.490625 0.209375 0.0109375 0.0328125
1 0.56875 0.22421875 0.0109375 0.0359375
1 0.625 0.1546875 0.009375 0.0296875
1 0.29140625 0.41484375 0.0171875 0.0484375
1 0.8515625 0.38359375 0.01875 0.0421875
1 0.4765625 0.16953125 0.0109375 0.028125
1 0.4890625 0.1328125 0.0078125 0.0296875
2 0.2125 0.11328125 0.0109375 0.025
1 0.34921875 0.240625 0.0125 0.0375
1 0.44453125 0.13125 0.009375 0.0265625
1 0.46875 0.1390625 0.0109375 0.0265625
2 0.4046875 0.24609375 0.0125 0.034375
1 0.20625 0.28046875 0.015625 0.034375
1 0.2546875 0.1453125 0.009375 0.0296875
1 0.41171875 0.15546875 0.0109375 0.025
1 0.528125 0.16484375 0.0078125 0.0296875