1 0.475 0.9109375 0.0328125 0.065625
1 0.1703125 0.7515625 0.0265625 0.0703125
1 0.27734375 0.37421875 0.021875 0.059375
1 0.48515625 0.53203125 0.021875 0.0640625
1 0.68984375 0.59921875 0.028125 0.059375
1 0.26796875 0.4796875 0.0203125 0.065625
1 0.36640625 0.71328125 0.0265625 0.065625
1 0.69453125 0.9390625 0.046875 0.06875
1 0.7109375 0.85546875 0.04375 0.0640625
1 0.740625 0.40546875 0.025 0.053125
1 0.0828125 0.53984375 0.0265625 0.065625
1 0.12421875 0.50859375 0.01875 0.0640625
1 0.3765625 0.3828125 0.03125 0.0546875
1 0.64375 0.61484375 0.021875 0.0625
0 0.60625 0.98828125 0.01875 0.0234375