1 0.43359375 0.38671875 0.0125 0.04375
1 0.5109375 0.43359375 0.0171875 0.040625
1 0.5109375 0.234375 0.0125 0.0375
1 0.34609375 0.2140625 0.0109375 0.0359375
1 0.26328125 0.54921875 0.015625 0.046875
1 0.22578125 0.33125 0.0140625 0.0390625
1 0.81875 0.62578125 0.01875 0.05625
1 0.16484375 0.346875 0.015625 0.0390625
1 0.53125 0.13203125 0.009375 0.03125
1 0.11484375 0.6765625 0.0296875 0.05625
1 0.49296875 0.5546875 0.0140625 0.05
1 0.01328125 0.7109375 0.025 0.0546875
1 0.9265625 0.3609375 0.0171875 0.0390625
1 0.43671875 0.22734375 0.0125 0.0375
1 0.26875 0.51875 0.0171875 0.0375
1 0.59375 0.625 0.0203125 0.0390625
2 0.4453125 0.096875 0.0109375 0.028125
1 0.59296875 0.41796875 0.0171875 0.040625
1 0.20703125 0.29140625 0.0140625 0.0328125
2 0.3203125 0.39375 0.0203125 0.040625
1 0.54375 0.61640625 0.0171875 0.05
0 0.58671875 0.56328125 0.0109375 0.0140625
1 0.23828125 0.2828125 0.0171875 0.0328125