1 0.83125 0.20703125 0.0125 0.0328125
1 0.77578125 0.325 0.0171875 0.0359375
1 0.46796875 0.28203125 0.0171875 0.0359375
1 0.696875 0.30625 0.0171875 0.0390625
1 0.6734375 0.23828125 0.01875 0.0359375
1 0.446875 0.153125 0.0125 0.0265625
1 0.1546875 0.20546875 0.0125 0.028125
1 0.55859375 0.128125 0.0109375 0.028125
2 0.578125 0.26875 0.0125 0.0359375
1 0.37421875 0.41875 0.0140625 0.0421875
1 0.20546875 0.2703125 0.0140625 0.0328125
1 0.2046875 0.30703125 0.0125 0.0359375
1 0.39296875 0.2421875 0.0125 0.0328125
1 0.2734375 0.37109375 0.0171875 0.040625
1 0.4046875 0.15078125 0.0125 0.0296875
1 0.63828125 0.16328125 0.0171875 0.028125
1 0.72421875 0.2578125 0.01875 0.0359375
1 0.52578125 0.1875 0.0125 0.028125
1 0.43046875 0.1921875 0.025 0.0328125
1 0.31953125 0.19375 0.015625 0.0296875
1 0.296875 0.19609375 0.0109375 0.03125
0 0.525 0.15390625 0.00625 0.009375