1 0.578125 0.35625 0.0125 0.040625
1 0.5109375 0.16953125 0.0125 0.0296875
1 0.359375 0.59296875 0.01875 0.0484375
1 0.646875 0.31640625 0.0140625 0.0390625
1 0.75625 0.23203125 0.0125 0.034375
1 0.78125 0.43203125 0.0171875 0.0484375
1 0.08046875 0.2484375 0.0109375 0.034375
1 0.42734375 0.63359375 0.0171875 0.05
1 0.965625 0.26953125 0.015625 0.0421875
1 0.621875 0.1296875 0.0109375 0.028125
1 0.98125 0.54609375 0.015625 0.046875
1 0.52890625 0.29375 0.0125 0.0328125
1 0.396875 0.27265625 0.0140625 0.0375
1 0.47421875 0.35625 0.015625 0.0421875
1 0.31875 0.43671875 0.01875 0.0390625
1 0.38828125 0.33046875 0.0171875 0.0359375
2 0.48203125 0.30390625 0.0125 0.0359375
1 0.38828125 0.28359375 0.015625 0.0375
1 0.36875 0.425 0.0203125 0.0390625
1 0.628125 0.2734375 0.0140625 0.0375
1 0.72578125 0.36328125 0.015625 0.040625
1 0.5078125 0.3 0.0140625 0.0390625
0 0.49921875 0.34453125 0.009375 0.0125