1 0.2984375 0.3328125 0.0125 0.0359375
1 0.35546875 0.40703125 0.0140625 0.0390625
1 0.33203125 0.64140625 0.021875 0.0484375
1 0.12265625 0.459375 0.021875 0.046875
1 0.55390625 0.3328125 0.0125 0.0375
1 0.53046875 0.24609375 0.0109375 0.0359375
1 0.52890625 0.57265625 0.0140625 0.0484375
1 0.66953125 0.35859375 0.0140625 0.04375
1 0.359375 0.15546875 0.0109375 0.03125
1 0.16015625 0.27421875 0.0140625 0.0390625
1 0.8625 0.284375 0.0125 0.0390625
1 0.57421875 0.4390625 0.01875 0.046875
1 0.78671875 0.2390625 0.0109375 0.0359375
1 0.52890625 0.19296875 0.0109375 0.0328125
2 0.56328125 0.40390625 0.0109375 0.0390625
2 0.7984375 0.109375 0.0109375 0.0296875
1 0.63125 0.4265625 0.01875 0.0453125
1 0.590625 0.30546875 0.0109375 0.040625
1 0.51953125 0.28359375 0.015625 0.040625
1 0.4984375 0.28828125 0.01875 0.0390625
1 0.68203125 0.34140625 0.0171875 0.0390625
1 0.5671875 0.41171875 0.01875 0.0390625