1 0.6546875 0.58203125 0.0171875 0.046875
1 0.8015625 0.31953125 0.0140625 0.0375
1 0.134375 0.646875 0.0203125 0.0484375
1 0.9125 0.45859375 0.01875 0.04375
1 0.48984375 0.40859375 0.0140625 0.0390625
1 0.1953125 0.3859375 0.01875 0.0453125
1 0.49140625 0.15625 0.0109375 0.03125
1 0.97265625 0.49296875 0.01875 0.0453125
1 0.73046875 0.5890625 0.0171875 0.0515625
1 0.584375 0.92109375 0.03125 0.059375
1 0.53046875 0.41484375 0.0140625 0.0421875
1 0.2484375 0.43359375 0.0125 0.0375
2 0.70625 0.371875 0.0140625 0.0390625
1 0.19296875 0.64140625 0.0234375 0.0515625
1 0.884375 0.24921875 0.0125 0.0359375
1 0.1625 0.2265625 0.0125 0.0359375
1 0.7890625 0.83046875 0.03125 0.0578125
1 0.90390625 0.346875 0.0171875 0.0390625
0 0.45625 0.690625 0.015625 0.021875
1 0.63125 0.2296875 0.021875 0.0359375
1 0.8984375 0.16640625 0.0125 0.0296875