1 0.86796875 0.37578125 0.015625 0.040625
1 0.71640625 0.2171875 0.015625 0.0359375
1 0.5796875 0.2203125 0.0109375 0.0328125
1 0.81953125 0.55078125 0.0203125 0.046875
1 0.30390625 0.4046875 0.0140625 0.04375
1 0.20390625 0.26796875 0.0125 0.0359375
1 0.70625 0.15546875 0.0125 0.03125
2 0.42109375 0.23203125 0.0125 0.0328125
1 0.29140625 0.13984375 0.0109375 0.028125
2 0.221875 0.1109375 0.009375 0.025
1 0.50234375 0.39375 0.0171875 0.040625
1 0.36328125 0.23125 0.0140625 0.03125
1 0.3203125 0.19609375 0.0140625 0.0328125
1 0.50390625 0.20390625 0.0125 0.028125
1 0.428125 0.14453125 0.0125 0.0296875
1 0.54453125 0.1546875 0.009375 0.0296875
1 0.63515625 0.1421875 0.009375 0.03125
1 0.4515625 0.12421875 0.00625 0.025
1 0.475 0.15546875 0.0109375 0.0296875
1 0.503125 0.11796875 0.0109375 0.0234375
1 0.4953125 0.1265625 0.0125 0.0265625
0 0.50546875 0.13984375 0.009375 0.009375