1 0.1234375 0.50234375 0.0671875 0.0984375
2 0.0015559890625 0.000737846875 0.00009114531250000029 0.00015624999999999998
1 0.43828125 0.44765625 0.040625 0.090625
1 0.83671875 0.41640625 0.0375 0.09375
1 0.86171875 0.34296875 0.0265625 0.09375
1 0.34140625 0.55546875 0.071875 0.13125
1 0.79453125 0.36796875 0.0421875 0.1
1 0.9703125 0.38828125 0.040625 0.0984375
1 0.34453125 0.284375 0.0359375 0.0890625
1 0.34609375 0.47890625 0.0265625 0.0765625
1 0.36796875 0.48203125 0.0421875 0.08125
0 0.37578125 0.55 0.0203125 0.0203125