1 0.88828125 0.70078125 0.028125 0.0546875
1 0.596875 0.27421875 0.0140625 0.0328125
1 0.9953125 0.41640625 0.009375 0.0453125
1 0.87109375 0.48046875 0.01875 0.04375
1 0.48671875 0.43203125 0.01875 0.0390625
1 0.03125 0.29140625 0.0171875 0.0359375
1 0.7796875 0.27421875 0.01875 0.034375
1 0.80390625 0.2734375 0.021875 0.0359375
1 0.31015625 0.48125 0.01875 0.046875
1 0.55078125 0.3328125 0.01875 0.0375
1 0.3 0.1546875 0.0125 0.034375
1 0.22734375 0.19453125 0.0125 0.0328125
1 0.6078125 0.0984375 0.0125 0.0328125
0 0.3078125 0.1703125 0.009375 0.0078125