1 0.04609375 0.203125 0.0140625 0.03125
1 0.24375 0.68671875 0.028125 0.0515625
1 0.6015625 0.16171875 0.0125 0.0296875
1 0.07109375 0.44921875 0.0203125 0.04375
1 0.53125 0.36875 0.0140625 0.0390625
1 0.33828125 0.2171875 0.0171875 0.0328125
1 0.084375 0.18046875 0.0140625 0.03125
2 0.38046875 0.2578125 0.0125 0.034375
1 0.30078125 0.22109375 0.0140625 0.034375
1 0.8859375 0.18203125 0.0109375 0.028125
1 0.61796875 0.20703125 0.0125 0.03125
1 0.5109375 0.11953125 0.0125 0.0265625
1 0.44453125 0.1109375 0.0125 0.0234375
1 0.48203125 0.15 0.0140625 0.0265625
1 0.48671875 0.1015625 0.0109375 0.028125
1 0.71875 0.2390625 0.0171875 0.0375
1 0.5859375 0.11015625 0.0125 0.028125
1 0.47890625 0.10625 0.009375 0.0234375
1 0.46640625 0.0953125 0.0109375 0.025
0 0.475 0.11640625 0.0125 0.0125
1 0.35 0.13984375 0.0109375 0.028125
1 0.3640625 0.1359375 0.0109375 0.028125
1 0.85625 0.5078125 0.01875 0.040625