1 0.175 0.56875 0.028125 0.0671875
1 0.3609375 0.69140625 0.0359375 0.065625
1 0.26328125 0.97265625 0.0421875 0.0546875
1 0.20078125 0.46328125 0.0265625 0.0546875
1 0.003125 0.484375 0.00625 0.05625
1 0.7203125 0.415625 0.0234375 0.05625
2 0.0390625 0.50703125 0.025 0.0671875
1 0.009375 0.2890625 0.01875 0.0453125
1 0.02421875 0.49296875 0.0484375 0.053125
1 0.21328125 0.4859375 0.0453125 0.0515625
1 0.071875 0.5859375 0.025 0.071875
1 0.29609375 0.6640625 0.025 0.071875
0 0.08984375 0.60234375 0.01875 0.0203125