1 0.5625 0.63828125 0.0375 0.0625
1 0.68515625 0.96796875 0.0390625 0.0625
1 0.96015625 0.29296875 0.0203125 0.05
1 0.8328125 0.98671875 0.0390625 0.025
1 0.90390625 0.48359375 0.025 0.053125
1 0.8796875 0.57109375 0.0265625 0.065625
1 0.63046875 0.61484375 0.034375 0.0671875
2 0.96484375 0.5125 0.025 0.05625
1 0.93671875 0.5671875 0.0328125 0.0625
1 0.71640625 0.49296875 0.0390625 0.0640625
1 0.9390625 0.48671875 0.0234375 0.053125
1 0.72734375 0.47109375 0.0265625 0.0546875
1 0.25703125 0.425 0.0359375 0.05
0 0.96015625 0.59296875 0.01875 0.021875