1 0.465625 0.5890625 0.021875 0.04375
1 0.78125 0.36328125 0.0125 0.034375
1 0.0671875 0.3609375 0.015625 0.0375
1 0.13671875 0.275 0.015625 0.0359375
1 0.70234375 0.2 0.0125 0.03125
1 0.315625 0.29453125 0.0140625 0.0375
1 0.253125 0.24453125 0.0125 0.0328125
1 0.1796875 0.2109375 0.0125 0.0328125
1 0.296875 0.4609375 0.015625 0.040625
1 0.221875 0.6109375 0.0296875 0.053125
1 0.73046875 0.609375 0.021875 0.046875
1 0.0734375 0.33125 0.0171875 0.0390625
1 0.05078125 0.90390625 0.0328125 0.0515625
1 0.5734375 0.4546875 0.0171875 0.0390625
1 0.5390625 0.28359375 0.0140625 0.0359375
2 0.0890625 0.10546875 0.0125 0.0265625
2 0.23828125 0.3359375 0.0171875 0.0375
1 0.2265625 0.14296875 0.0125 0.028125
1 0.4125 0.18984375 0.0171875 0.0296875
1 0.490625 0.121875 0.0125 0.025
0 0.728125 0.459375 0.0109375 0.015625