1 0.5171875 0.56328125 0.01875 0.05
1 0.07890625 0.54765625 0.01875 0.0421875
1 0.4484375 0.2515625 0.0125 0.0359375
1 0.078125 0.42109375 0.0203125 0.0390625
1 0.01484375 0.21640625 0.0171875 0.034375
2 0.33671875 0.3765625 0.0125 0.0390625
1 0.228125 0.31875 0.0140625 0.0375
1 0.0375 0.40546875 0.0234375 0.0390625
1 0.51875 0.196875 0.0109375 0.0328125
1 0.54609375 0.3328125 0.015625 0.0515625
0 0.515625 0.3484375 0.015625 0.015625
2 0.54375 0.10625 0.0171875 0.03125
1 0.053125 0.3796875 0.0140625 0.0390625
1 0.071875 0.396875 0.0140625 0.0359375
1 0.00625 0.396875 0.009375 0.0390625
1 0.01171875 0.38125 0.0203125 0.0421875
1 0.03046875 0.37421875 0.0078125 0.021875
1 0.03515625 0.3828125 0.0125 0.0203125