1 0.62109375 0.22578125 0.0140625 0.0328125
1 0.421875 0.17109375 0.0109375 0.03125
1 0.690625 0.29453125 0.015625 0.0375
1 0.8015625 0.19921875 0.0140625 0.0328125
1 0.4765625 0.178125 0.0125 0.03125
1 0.578125 0.18359375 0.015625 0.028125
1 0.3125 0.22890625 0.0125 0.0328125
1 0.403125 0.39453125 0.0109375 0.0390625
1 0.6578125 0.25546875 0.0140625 0.0359375
1 0.5984375 0.15390625 0.0140625 0.028125
1 0.50703125 0.14765625 0.0125 0.03125
1 0.43671875 0.24921875 0.0125 0.034375
1 0.18203125 0.21640625 0.0125 0.03125
1 0.24921875 0.31875 0.0125 0.0375
1 0.29609375 0.2484375 0.0125 0.0359375
1 0.78515625 0.31875 0.0171875 0.0359375
2 0.58984375 0.27109375 0.0140625 0.0359375
1 0.496875 0.30078125 0.0125 0.0359375
1 0.32421875 0.3578125 0.0140625 0.0390625
1 0.63359375 0.171875 0.01875 0.028125
1 0.6375 0.13046875 0.0109375 0.0265625
0 0.6453125 0.1828125 0.0078125 0.0078125