1 0.403125 0.60078125 0.0234375 0.0484375
1 0.06953125 0.371875 0.015625 0.0421875
1 0.48828125 0.90859375 0.0328125 0.05625
1 0.1234375 0.25703125 0.0125 0.0375
1 0.81640625 0.41328125 0.01875 0.04375
1 0.434375 0.43671875 0.0171875 0.0484375
1 0.0640625 0.48359375 0.0171875 0.04375
1 0.525 0.1703125 0.0109375 0.034375
1 0.00703125 0.52890625 0.0140625 0.0453125
1 0.51640625 0.43515625 0.0140625 0.0421875
1 0.20703125 0.334375 0.0140625 0.0390625
1 0.328125 0.94140625 0.0328125 0.053125
2 0.303125 0.38203125 0.0140625 0.0390625
1 0.7875 0.65859375 0.025 0.0515625
1 0.75078125 0.4671875 0.0140625 0.0484375
1 0.31875 0.59921875 0.01875 0.046875
1 0.85546875 0.64375 0.0234375 0.0515625
1 0.10546875 0.17265625 0.0125 0.0328125
1 0.3640625 0.24140625 0.0109375 0.0359375
1 0.81640625 0.24453125 0.0140625 0.0359375