1 0.51171875 0.24921875 0.01875 0.03125
1 0.06171875 0.415625 0.03125 0.04375
1 0.753125 0.328125 0.0265625 0.0359375
1 0.88203125 0.4859375 0.0328125 0.0421875
1 0.8 0.21171875 0.015625 0.0375
1 0.19375 0.74453125 0.0328125 0.0453125
1 0.90234375 0.31484375 0.0234375 0.0375
1 0.28203125 0.3015625 0.01875 0.0359375
1 0.78203125 0.2359375 0.01875 0.0328125
1 0.37421875 0.1453125 0.0140625 0.025
1 0.73125 0.80234375 0.0421875 0.0453125
1 0.29921875 0.45703125 0.028125 0.046875
1 0.0296875 0.296875 0.021875 0.0375
2 0.6265625 0.378125 0.01875 0.0375
1 0.2359375 0.68359375 0.0328125 0.0578125
1 0.07265625 0.4171875 0.0296875 0.0421875
1 0.940625 0.31328125 0.01875 0.034375
1 0.45078125 0.24375 0.015625 0.03125
1 0.08359375 0.40703125 0.0234375 0.0421875
1 0.046875 0.29140625 0.0171875 0.03125
1 0.209375 0.1984375 0.015625 0.028125
2 0.72109375 0.0984375 0.01875 0.0265625