1 0.625 0.12734375 0.0125 0.025
1 0.37890625 0.284375 0.0125 0.0359375
1 0.81875 0.3578125 0.0171875 0.0390625
1 0.2875 0.146875 0.0109375 0.028125
1 0.52109375 0.15625 0.0140625 0.0265625
1 0.5515625 0.23515625 0.0140625 0.0359375
1 0.87109375 0.2234375 0.0171875 0.0328125
1 0.43359375 0.23828125 0.0140625 0.0375
1 0.85078125 0.2234375 0.0140625 0.0328125
1 0.49765625 0.4796875 0.0171875 0.0421875
1 0.7640625 0.371875 0.0171875 0.0390625
1 0.50234375 0.10390625 0.0140625 0.028125
0 0.49609375 0.1171875 0.009375 0.0109375
1 0.09453125 0.2109375 0.0125 0.0375