1 0.35703125 0.20390625 0.0140625 0.0328125
1 0.26875 0.20078125 0.015625 0.0328125
1 0.79453125 0.24140625 0.0171875 0.0359375
1 0.1109375 0.2578125 0.01875 0.0390625
1 0.4484375 0.309375 0.0171875 0.0359375
1 0.559375 0.2890625 0.01875 0.0265625
1 0.3734375 0.49140625 0.028125 0.0515625
1 0.6484375 0.15859375 0.0140625 0.0265625
1 0.0609375 0.33828125 0.0234375 0.040625
1 0.31796875 0.36953125 0.0171875 0.040625
1 0.30625 0.2890625 0.0140625 0.0375
1 0.68046875 0.25703125 0.021875 0.0359375
1 0.275 0.35859375 0.01875 0.0421875
1 0.71796875 0.41953125 0.0203125 0.0421875
1 0.52890625 0.28046875 0.0171875 0.0375
2 0.59921875 0.271875 0.0140625 0.0328125
1 0.20859375 0.721875 0.046875 0.05625
1 0.5015625 0.35390625 0.021875 0.040625
1 0.4125 0.196875 0.01875 0.0359375
2 0.159375 0.1078125 0.01875 0.028125
0 0.52890625 0.303125 0.0140625 0.0125