1 0.73046875 0.4265625 0.021875 0.040625
1 0.53359375 0.21796875 0.015625 0.034375
1 0.37890625 0.44375 0.0140625 0.0453125
1 0.08125 0.2640625 0.0125 0.040625
1 0.31484375 0.19375 0.0125 0.0328125
1 0.04921875 0.15546875 0.0140625 0.034375
1 0.43359375 0.1546875 0.0109375 0.0296875
1 0.01875 0.36328125 0.0125 0.04375
1 0.728125 0.621875 0.03125 0.046875
1 0.34609375 0.18046875 0.0109375 0.03125
1 0.62734375 0.16796875 0.0140625 0.034375
1 0.21640625 0.234375 0.0125 0.0359375
1 0.35859375 0.1140625 0.009375 0.0296875
2 0.109375 0.09609375 0.009375 0.028125
1 0.403125 0.1375 0.0109375 0.0296875
2 0.48125 0.23984375 0.0109375 0.0359375
2 0.88984375 0.93359375 0.0328125 0.0609375
1 0.1453125 0.50234375 0.0234375 0.0546875
1 0.575 0.16328125 0.0109375 0.0328125
1 0.48359375 0.1171875 0.009375 0.028125
1 0.19140625 0.10703125 0.0125 0.025
1 0.18515625 0.1578125 0.0171875 0.0296875
0 0.2375 0.1203125 0.009375 0.0125