1 0.75078125 0.3515625 0.0484375 0.1171875
1 0.46015625 0.62578125 0.06875 0.1703125
1 0.4578125 0.2328125 0.040625 0.0953125
1 0.5234375 0.4234375 0.0609375 0.1390625
1 0.28828125 0.440625 0.0625 0.13125
1 0.95078125 0.615625 0.0796875 0.1703125
1 0.05625 0.5109375 0.0484375 0.13125
1 0.3734375 0.3859375 0.0421875 0.1140625
1 0.921875 0.48515625 0.0703125 0.1375
1 0.58359375 0.42890625 0.0640625 0.1140625
2 0.3703125 0.303125 0.034375 0.0875
1 0.0703125 0.38046875 0.0484375 0.1140625
0 0.69453125 0.44140625 0.021875 0.025