1 0.40078125 0.21953125 0.0125 0.034375
1 0.38125 0.46875 0.0171875 0.0484375
1 0.69921875 0.43671875 0.0171875 0.04375
1 0.10546875 0.25859375 0.0171875 0.0375
1 0.06953125 0.1625 0.0171875 0.03125
1 0.13671875 0.5140625 0.01875 0.0484375
1 0.04140625 0.3625 0.0171875 0.0421875
1 0.3328125 0.25546875 0.0125 0.0359375
1 0.6109375 0.1703125 0.0125 0.0328125
1 0.46875 0.12421875 0.009375 0.028125
1 0.56640625 0.16796875 0.0125 0.0328125
1 0.2390625 0.2546875 0.0140625 0.0359375
1 0.53359375 0.21875 0.0125 0.0328125
1 0.228125 0.16015625 0.0125 0.03125
1 0.38203125 0.15390625 0.0109375 0.028125
1 0.35859375 0.121875 0.0109375 0.028125
2 0.1515625 0.1015625 0.0109375 0.028125
2 0.89453125 0.9375 0.034375 0.0484375
1 0.38046875 0.14296875 0.0109375 0.0265625
1 0.7296875 0.69921875 0.03125 0.0546875
2 0.5375 0.24609375 0.0125 0.0359375
1 0.2296875 0.11171875 0.0078125 0.03125
0 0.2375 0.12578125 0.00625 0.00625