1 0.03046875 0.39609375 0.0140625 0.0421875
1 0.4453125 0.21328125 0.0109375 0.03125
1 0.5640625 0.24609375 0.0125 0.034375
1 0.596875 0.43828125 0.0140625 0.0453125
1 0.51015625 0.13671875 0.0109375 0.0265625
1 0.28671875 0.15625 0.0125 0.03125
1 0.41953125 0.159375 0.0125 0.0296875
1 0.3375 0.22734375 0.0140625 0.034375
1 0.740625 0.29453125 0.0125 0.0359375
1 0.39609375 0.40234375 0.0140625 0.04375
1 0.6390625 0.22421875 0.0140625 0.0328125
1 0.2171875 0.16953125 0.0125 0.034375
1 0.490625 0.140625 0.0125 0.0359375
1 0.0546875 0.5671875 0.0234375 0.05
2 0.503125 0.21796875 0.009375 0.0265625
1 0.609375 0.14296875 0.009375 0.028125
1 0.53828125 0.13828125 0.00625 0.0265625
1 0.5296875 0.11640625 0.0078125 0.0265625
1 0.4390625 0.12265625 0.0109375 0.025
1 0.1875 0.23203125 0.0140625 0.034375
1 0.5453125 0.1390625 0.0078125 0.0234375
0 0.565625 0.16171875 0.0078125 0.009375