1 0.62265625 0.28125 0.0203125 0.0328125
1 0.1359375 0.19609375 0.0140625 0.0359375
1 0.73671875 0.4875 0.03125 0.04375
1 0.221875 0.12421875 0.0125 0.03125
1 0.55234375 0.2046875 0.0125 0.034375
1 0.1078125 0.24140625 0.0125 0.03125
1 0.58359375 0.26875 0.01875 0.034375
1 0.98671875 0.58125 0.0265625 0.0515625
1 0.625 0.121875 0.0125 0.03125
1 0.56875 0.2109375 0.0140625 0.0328125
1 0.08671875 0.746875 0.0359375 0.05625
1 0.90703125 0.19296875 0.0140625 0.03125
1 0.446875 0.05625 0.0109375 0.025
1 0.50234375 0.225 0.0171875 0.034375
1 0.9453125 0.2640625 0.01875 0.034375
1 0.79296875 0.10234375 0.0140625 0.03125
2 0.6125 0.01484375 0.009375 0.0265625
0 0.9109375 0.2078125 0.00625 0.00625