1 0.8875 0.22109375 0.0125 0.0328125
1 0.83984375 0.72890625 0.0375 0.053125
1 0.13203125 0.29296875 0.0171875 0.0328125
1 0.628125 0.61328125 0.0234375 0.04375
1 0.0375 0.890625 0.0328125 0.0609375
1 0.2015625 0.528125 0.0234375 0.0421875
1 0.01953125 0.67421875 0.0265625 0.0484375
1 0.95703125 0.2875 0.0203125 0.03125
1 0.47734375 0.353125 0.015625 0.0359375
1 0.078125 0.3109375 0.01875 0.0375
1 0.790625 0.3515625 0.021875 0.0390625
1 0.03828125 0.43359375 0.0171875 0.040625
1 0.0828125 0.228125 0.0140625 0.0328125
1 0.2359375 0.49453125 0.01875 0.0421875
2 0.2609375 0.37109375 0.015625 0.040625
1 0.390625 0.19375 0.015625 0.0359375
1 0.503125 0.340625 0.01875 0.0390625
1 0.74375 0.36640625 0.015625 0.0375
0 0.98515625 0.3140625 0.009375 0.0140625
1 0.47265625 0.1359375 0.0109375 0.0265625
1 0.10078125 0.1515625 0.0109375 0.0328125
1 0.03515625 0.41171875 0.021875 0.0328125