1 0.4890625 0.36640625 0.0171875 0.040625
1 0.89296875 0.29140625 0.0171875 0.0390625
1 0.70703125 0.23046875 0.0140625 0.0328125
1 0.5140625 0.28125 0.0140625 0.0375
1 0.5375 0.3484375 0.015625 0.0359375
1 0.5328125 0.24765625 0.0140625 0.0328125
1 0.68359375 0.34609375 0.0171875 0.0390625
1 0.24296875 0.303125 0.0140625 0.0359375
1 0.19609375 0.34609375 0.0140625 0.0375
1 0.38125 0.2890625 0.0140625 0.034375
1 0.915625 0.50703125 0.0234375 0.0453125
1 0.3015625 0.5703125 0.0203125 0.0484375
2 0.44296875 0.321875 0.0140625 0.0359375
1 0.3984375 0.284375 0.0140625 0.0328125
1 0.2765625 0.55625 0.0234375 0.05
1 0.5203125 0.334375 0.0171875 0.0421875
1 0.2765625 0.3515625 0.015625 0.034375
1 0.725 0.41796875 0.01875 0.04375
1 0.05078125 0.25859375 0.0140625 0.0359375
1 0.303125 0.27734375 0.0109375 0.034375
1 0.43203125 0.19296875 0.0171875 0.0359375
0 0.6140625 0.3484375 0.009375 0.0078125