1 0.1265625 0.45390625 0.0234375 0.0390625
1 0.421875 0.228125 0.0140625 0.03125
1 0.56875 0.39375 0.0203125 0.0421875
1 0.33125 0.22578125 0.0140625 0.03125
1 0.16796875 0.25 0.01875 0.0359375
1 0.37578125 0.47421875 0.01875 0.040625
1 0.41953125 0.16640625 0.0125 0.03125
1 0.22578125 0.20078125 0.0140625 0.03125
1 0.65078125 0.2484375 0.0140625 0.034375
1 0.29765625 0.1765625 0.0109375 0.028125
1 0.4640625 0.146875 0.0109375 0.028125
1 0.62734375 0.23125 0.015625 0.0359375
1 0.59765625 0.16328125 0.0140625 0.028125
1 0.6984375 0.36328125 0.01875 0.040625
1 0.48359375 0.24921875 0.0125 0.0328125
2 0.6640625 0.1109375 0.0109375 0.0265625
1 0.61328125 0.15703125 0.0140625 0.0296875
2 0.54921875 0.271875 0.015625 0.034375
1 0.47578125 0.19140625 0.0140625 0.0328125
1 0.346875 0.13671875 0.0109375 0.028125
1 0.2734375 0.17265625 0.0171875 0.0296875
1 0.36640625 0.1609375 0.015625 0.028125