2 0.988281 0.267188 0.018750 0.054688
1 0.948437 0.461719 0.020312 0.020312
0 0.818750 0.343750 0.012500 0.017187
1 0.521875 0.250000 0.018750 0.062500
1 0.803906 0.455469 0.025000 0.032812
1 0.821875 0.453906 0.029687 0.035937
1 0.852344 0.352344 0.021875 0.056250
1 0.815625 0.627344 0.021875 0.067188
1 0.948438 0.485156 0.023438 0.064062
1 0.789062 0.513281 0.021875 0.060938
1 0.803906 0.471094 0.020312 0.060937
1 0.704688 0.561719 0.028125 0.067188
1 0.614062 0.553906 0.023438 0.064062
1 0.825781 0.469531 0.025000 0.068750
2 0.060938 0.525781 0.025000 0.060938
