1 0.822656 0.442969 0.026563 0.057813
1 0.660937 0.245312 0.018750 0.050000
1 0.679688 0.369531 0.021875 0.054688
1 0.653125 0.351562 0.018750 0.048437
1 0.707812 0.274219 0.020312 0.050000
1 0.578125 0.431250 0.021875 0.051562
1 0.771875 0.257031 0.015625 0.053125
1 0.737500 0.323438 0.017187 0.054688
1 0.748437 0.115625 0.018750 0.046875
1 0.563281 0.299219 0.032812 0.029688
1 0.924219 0.617188 0.029687 0.064062
1 0.773438 0.581250 0.028125 0.067188
1 0.667188 0.541406 0.023438 0.070312
1 0.733594 0.388281 0.018750 0.057813
2 0.045313 0.546094 0.026562 0.057812
0 0.574359 0.216422 0.009406 0.010844
