1 0.421875 0.29296875 0.0140625 0.0359375
1 0.33046875 0.6078125 0.0296875 0.05
1 0.13359375 0.290625 0.0171875 0.034375
1 0.73359375 0.134375 0.0109375 0.0265625
1 0.78125 0.3984375 0.0171875 0.040625
1 0.26328125 0.22421875 0.0140625 0.0328125
1 0.20390625 0.40546875 0.015625 0.0375
1 0.24375 0.24375 0.015625 0.0359375
1 0.12578125 0.384375 0.0234375 0.0421875
1 0.03203125 0.31484375 0.0171875 0.0375
1 0.60703125 0.30234375 0.015625 0.034375
1 0.63828125 0.353125 0.0140625 0.040625
1 0.478125 0.1109375 0.015625 0.03125
1 0.853125 0.190625 0.0140625 0.046875
0 0.79296875 0.178125 0.0125 0.0171875