1 0.4578125 0.18046875 0.01875 0.0328125
1 0.21796875 0.23203125 0.0109375 0.0359375
1 0.315625 0.2625 0.015625 0.0375
1 0.46953125 0.0796875 0.0109375 0.0296875
1 0.35703125 0.040625 0.009375 0.028125
1 0.19609375 0.21796875 0.0125 0.0453125
1 0.221875 0.16328125 0.0109375 0.0421875
1 0.56640625 0.31015625 0.0171875 0.0375
1 0.22265625 0.171875 0.0109375 0.046875
1 0.40546875 0.15078125 0.0140625 0.034375
2 0.30078125 0.178125 0.0109375 0.0359375
1 0.51328125 0.19609375 0.0125 0.0359375
1 0.52109375 0.19453125 0.0140625 0.0359375
1 0.209375 0.2140625 0.0125 0.0421875
1 0.33203125 0.209375 0.0109375 0.0390625
1 0.02734375 0.19140625 0.015625 0.034375
1 0.1140625 0.24609375 0.01875 0.040625
1 0.14765625 0.24609375 0.01875 0.040625
1 0.18359375 0.1859375 0.0125 0.0359375
1 0.253125 0.15234375 0.0203125 0.03125
2 0.4140625 0.19453125 0.0140625 0.0328125
0 0.49375 0.1265625 0.009375 0.0078125
1 0.22890625 0.196875 0.0140625 0.0375
1 0.23046875 0.2703125 0.0234375 0.0359375