1 0.4671875 0.15078125 0.0140625 0.028125
1 0.24375 0.3390625 0.0140625 0.040625
1 0.621875 0.215625 0.0140625 0.03125
1 0.61328125 0.35078125 0.015625 0.040625
1 0.534375 0.234375 0.0140625 0.0359375
1 0.290625 0.29375 0.015625 0.0375
1 0.565625 0.22421875 0.0140625 0.0328125
1 0.49140625 0.33046875 0.0140625 0.0390625
1 0.81875 0.23125 0.0140625 0.03125
1 0.15859375 0.50234375 0.0171875 0.0453125
1 0.4265625 0.3140625 0.0125 0.0359375
1 0.303125 0.24921875 0.0125 0.0375
1 0.21640625 0.44140625 0.015625 0.04375
1 0.484375 0.23046875 0.0140625 0.034375
2 0.98046875 0.14375 0.0140625 0.028125
1 0.284375 0.26953125 0.0140625 0.0375
1 0.8078125 0.43828125 0.01875 0.0453125
1 0.71875 0.28046875 0.01875 0.0359375
2 0.471875 0.28671875 0.0140625 0.0359375
1 0.31796875 0.3578125 0.015625 0.0375
1 0.45234375 0.26328125 0.0203125 0.034375
0 0.75390625 0.24765625 0.009375 0.0078125
1 0.58984375 0.1234375 0.01875 0.0265625
1 0.05859375 0.246875 0.0171875 0.0359375