1 0.4859375 0.56171875 0.01875 0.0484375
1 0.959375 0.52890625 0.01875 0.046875
1 0.78125 0.3171875 0.0140625 0.0375
1 0.59609375 0.25703125 0.0125 0.0375
2 0.715625 0.36953125 0.015625 0.0390625
1 0.97890625 0.42578125 0.01875 0.0375
1 0.49375 0.19921875 0.0125 0.0328125
1 0.97421875 0.38359375 0.01875 0.0359375
1 0.47421875 0.3296875 0.0125 0.0375
2 0.4625 0.10625 0.0109375 0.028125
1 0.98046875 0.39921875 0.0109375 0.025
1 0.99375 0.3859375 0.0125 0.04375
0 0.48828125 0.34765625 0.0109375 0.009375