1 0.290625 0.22734375 0.0140625 0.0328125
1 0.70078125 0.30546875 0.0125 0.0421875
1 0.2875 0.34765625 0.0140625 0.0421875
1 0.553125 0.22890625 0.015625 0.0328125
1 0.3890625 0.69140625 0.0171875 0.05625
1 0.478125 0.20546875 0.0125 0.03125
2 0.6109375 0.24296875 0.0125 0.034375
1 0.49140625 0.221875 0.0109375 0.0328125
1 0.990625 0.54609375 0.01875 0.046875
1 0.60859375 0.2921875 0.0125 0.034375
1 0.9875 0.7484375 0.025 0.053125
1 0.39453125 0.2734375 0.0125 0.0328125
1 0.23828125 0.23359375 0.0140625 0.0328125
1 0.14921875 0.42265625 0.0140625 0.046875
1 0.5859375 0.54140625 0.0171875 0.05
1 0.3921875 0.14765625 0.0171875 0.03125
1 0.5703125 0.146875 0.0125 0.0265625
1 0.76640625 0.23203125 0.0125 0.034375
1 0.77109375 0.215625 0.009375 0.0328125
1 0.36875 0.26953125 0.0109375 0.03125
0 0.3609375 0.24140625 0.00625 0.0078125
2 0.240625 0.11328125 0.0078125 0.028125
1 0.58125 0.11875 0.009375 0.0234375