1 0.7609375 0.3 0.034375 0.1
1 0.56171875 0.16328125 0.0296875 0.0734375
1 0.9875 0.6609375 0.025 0.115625
1 0.30390625 0.26484375 0.0703125 0.0828125
1 0.64140625 0.259375 0.0421875 0.0875
1 0.5078125 0.3765625 0.046875 0.10625
1 0.971875 0.32890625 0.040625 0.1109375
1 0.41171875 0.53125 0.0640625 0.109375
2 0.87734375 0.40234375 0.0453125 0.1109375
1 0.88984375 0.209375 0.0328125 0.08125
1 0.90234375 0.40625 0.0359375 0.096875
0 0.6984375 0.65703125 0.025 0.0265625
2 0.5984375 0.1015625 0.0328125 0.0671875