1 0.68984375 0.34609375 0.01875 0.040625
1 0.7765625 0.27734375 0.0171875 0.034375
1 0.3359375 0.37734375 0.0140625 0.0375
1 0.2203125 0.4359375 0.0140625 0.040625
1 0.83671875 0.44765625 0.01875 0.04375
1 0.29921875 0.30546875 0.0140625 0.0375
1 0.50703125 0.3265625 0.0140625 0.0375
1 0.59453125 0.23671875 0.0140625 0.03125
1 0.8390625 0.23046875 0.01875 0.0328125
1 0.3109375 0.26796875 0.0125 0.0359375
1 0.34453125 0.25390625 0.0140625 0.0359375
1 0.2625 0.34921875 0.0125 0.0359375
1 0.52890625 0.22890625 0.0125 0.0328125
2 0.503125 0.27890625 0.0078125 0.03125
1 0.72578125 0.21796875 0.01875 0.0328125
1 0.54921875 0.14375 0.015625 0.0265625
1 0.17421875 0.50703125 0.0171875 0.0421875
1 0.596875 0.2109375 0.0140625 0.028125
1 0.4578125 0.315625 0.0109375 0.0375
1 0.5125 0.26640625 0.009375 0.03125
1 0.0984375 0.246875 0.0140625 0.0375
1 0.67578125 0.128125 0.0140625 0.0203125