1 0.6828125 0.15390625 0.0234375 0.028125
1 0.2875 0.48046875 0.021875 0.0484375
1 0.5140625 0.20625 0.01875 0.034375
1 0.91171875 0.34765625 0.0265625 0.0375
1 0.13671875 0.30078125 0.0171875 0.04375
1 0.62578125 0.51796875 0.0265625 0.0515625
1 0.0625 0.3328125 0.015625 0.04375
1 0.95546875 0.29609375 0.0203125 0.0328125
1 0.67109375 0.40859375 0.0359375 0.0390625
1 0.80703125 0.38515625 0.025 0.0390625
1 0.7875 0.25390625 0.021875 0.034375
1 0.82578125 0.1890625 0.0171875 0.03125
1 0.971875 0.1796875 0.015625 0.0265625
1 0.56875 0.2890625 0.0171875 0.0296875
1 0.74453125 0.33125 0.0203125 0.0359375
1 0.584375 0.27578125 0.0234375 0.0328125
2 0.58359375 0.3046875 0.021875 0.0359375
1 0.1875 0.49609375 0.021875 0.05625
1 0.80859375 0.26015625 0.0140625 0.03125
1 0.9 0.2515625 0.01875 0.0375
2 0.5828125 0.0125 0.0140625 0.025
2 0.12734375 0.94375 0.0296875 0.053125
0 0.6078125 0.2984375 0.0078125 0.0078125