1 0.82109375 0.2671875 0.0234375 0.03125
1 0.66796875 0.14375 0.0234375 0.0375
1 0.46640625 0.13359375 0.015625 0.025
1 0.60546875 0.175 0.0171875 0.0296875
1 0.2859375 0.1953125 0.021875 0.0328125
1 0.503125 0.278125 0.028125 0.034375
1 0.7921875 0.19453125 0.0296875 0.0390625
1 0.0015574359375 0.00035445625 0.0000477578125000001 0.000054990625000000003
1 0.20546875 0.54296875 0.0234375 0.0484375
1 0.20625 0.378125 0.021875 0.0390625
1 0.52265625 0.20078125 0.01875 0.028125
1 0.0390625 0.36171875 0.025 0.0421875
1 0.078125 0.359375 0.0234375 0.040625
1 0.52109375 0.16328125 0.01875 0.028125
1 0.11953125 0.403125 0.0359375 0.046875
1 0.2359375 0.284375 0.0203125 0.0328125
1 0.89375 0.284375 0.0375 0.0390625