1 0.14921875 0.70234375 0.0828125 0.1953125
1 0.16640625 0.47734375 0.0921875 0.1765625
1 0.64140625 0.32890625 0.0484375 0.1265625
1 0.73984375 0.4109375 0.0515625 0.153125
1 0.334375 0.3671875 0.0625 0.140625
1 0.80703125 0.2484375 0.0421875 0.103125
2 0.37734375 0.553125 0.0671875 0.18125
1 0.24453125 0.35625 0.0484375 0.140625
1 0.13828125 0.40703125 0.0453125 0.1515625
2 0.2859375 0.1953125 0.0375 0.096875
1 0.2328125 0.27265625 0.059375 0.1140625
1 0.23515625 0.28515625 0.0359375 0.1046875
0 0.9296875 0.33203125 0.025 0.0265625