1 0.57265625 0.6078125 0.025 0.04375
1 0.2171875 0.521875 0.01875 0.0390625
1 0.015625 0.88671875 0.0265625 0.05625
1 0.31171875 0.478125 0.021875 0.0421875
1 0.828125 0.74765625 0.03125 0.05
1 0.0296875 0.64609375 0.01875 0.04375
1 0.04609375 0.40625 0.01875 0.0390625
1 0.83359375 0.3609375 0.01875 0.0421875
1 0.521875 0.34375 0.0140625 0.0359375
1 0.125 0.21640625 0.0125 0.0328125
1 0.78125 0.36796875 0.015625 0.0390625
1 0.44140625 0.1859375 0.0125 0.03125
1 0.1609375 0.28515625 0.0140625 0.0328125
1 0.934375 0.23671875 0.0171875 0.0328125
1 0.053125 0.4375 0.0265625 0.046875
2 0.30078125 0.37265625 0.0171875 0.0375
1 0.51875 0.13359375 0.0109375 0.028125
1 0.16171875 0.14453125 0.0125 0.0296875
1 0.94140625 0.2703125 0.0234375 0.028125