1 0.95546875 0.2515625 0.0234375 0.0296875
1 0.8234375 0.19921875 0.01875 0.028125
1 0.2484375 0.40078125 0.021875 0.0421875
1 0.33203125 0.29921875 0.0140625 0.0328125
1 0.21796875 0.27421875 0.0203125 0.0375
1 0.1734375 0.23671875 0.021875 0.0390625
1 0.903125 0.340625 0.0234375 0.0359375
1 0.63984375 0.1546875 0.0171875 0.0265625
1 0.18203125 0.38203125 0.0234375 0.0375
1 0.36875 0.396875 0.0265625 0.04375
1 0.88046875 0.33828125 0.0203125 0.0328125
1 0.72578125 0.20625 0.0203125 0.0296875
1 0.001562196875 0.0006188953125 0.00005701718749999973 0.00006303593750000003
1 0.64453125 0.221875 0.0328125 0.0296875
1 0.11953125 0.25390625 0.021875 0.034375
1 0.496875 0.21640625 0.021875 0.03125
1 0.64453125 0.321875 0.0234375 0.0359375
1 0.85859375 0.20546875 0.0203125 0.0296875
1 0.178125 0.5921875 0.040625 0.046875
1 0.13046875 0.2484375 0.01875 0.0296875
2 0.1390625 0.36015625 0.0140625 0.0390625
1 0.18671875 0.359375 0.015625 0.034375
0 0.82421875 0.25234375 0.009375 0.0125
2 0.05625 0.0609375 0.021875 0.0296875