1 0.26796875 0.4328125 0.01875 0.0421875
1 0.446875 0.29375 0.0140625 0.0359375
1 0.90703125 0.26640625 0.0171875 0.0359375
1 0.553125 0.29765625 0.0140625 0.0375
1 0.1953125 0.396875 0.01875 0.040625
1 0.79609375 0.1765625 0.0125 0.0296875
1 0.603125 0.18359375 0.0109375 0.028125
1 0.2140625 0.26640625 0.0140625 0.0375
2 0.60078125 0.28125 0.0109375 0.0328125
1 0.83359375 0.4515625 0.01875 0.040625
2 0.31171875 0.090625 0.0109375 0.025
1 0.65859375 0.51015625 0.0328125 0.0359375
1 0.2375 0.234375 0.0171875 0.040625
1 0.36640625 0.14453125 0.0140625 0.0328125
1 0.496875 0.17265625 0.015625 0.034375
1 0.67890625 0.175 0.0125 0.0265625
1 0.61796875 0.14375 0.0078125 0.0265625
1 0.68671875 0.1515625 0.015625 0.0328125
1 0.58046875 0.1265625 0.0078125 0.025
1 0.57109375 0.11875 0.0078125 0.028125
1 0.5921875 0.11875 0.0078125 0.0234375
1 0.58984375 0.13359375 0.009375 0.0234375
0 0.5296875 0.11796875 0.0046875 0.0078125