1 0.878125 0.21640625 0.0140625 0.034375
1 0.06875 0.2671875 0.015625 0.0375
1 0.990625 0.66171875 0.01875 0.046875
1 0.9359375 0.77265625 0.0375 0.0578125
1 0.74765625 0.1171875 0.0125 0.0296875
1 0.37421875 0.2859375 0.0140625 0.0375
1 0.25546875 0.4875 0.021875 0.0515625
1 0.49375 0.20390625 0.015625 0.0375
1 0.1671875 0.11171875 0.0109375 0.0265625
2 0.4640625 0.221875 0.0125 0.034375
1 0.85 0.1890625 0.0140625 0.0359375
1 0.06015625 0.1765625 0.015625 0.0328125
1 0.3671875 0.12109375 0.0125 0.0359375
1 0.54140625 0.0515625 0.015625 0.025
2 0.36015625 0.01484375 0.0109375 0.0265625
0 0.065625 0.19609375 0.0078125 0.0078125
1 0.38671875 0.27734375 0.0140625 0.0359375
1 0.4921875 0.21015625 0.015625 0.03125