1 0.440625 0.41328125 0.0203125 0.0359375
1 0.78203125 0.25859375 0.01875 0.034375
1 0.29296875 0.24765625 0.01875 0.034375
1 0.59375 0.48359375 0.0234375 0.04375
1 0.35703125 0.240625 0.0140625 0.03125
1 0.6109375 0.2484375 0.01875 0.0328125
1 0.640625 0.16953125 0.0140625 0.0265625
1 0.759375 0.365625 0.0203125 0.0421875
1 0.090625 0.73359375 0.028125 0.0578125
1 0.77578125 0.115625 0.0125 0.028125
1 0.49140625 0.16328125 0.0140625 0.028125
1 0.51875 0.1625 0.0125 0.0296875
1 0.1453125 0.4609375 0.028125 0.0375
2 0.334375 0.253125 0.015625 0.03125
1 0.50078125 0.22734375 0.0140625 0.03125
1 0.27890625 0.18046875 0.0109375 0.03125
1 0.4125 0.12578125 0.01875 0.025
1 0.56328125 0.11015625 0.0171875 0.0234375
1 0.6328125 0.13671875 0.0125 0.028125
1 0.67890625 0.17421875 0.015625 0.025
2 0.71640625 0.0953125 0.0140625 0.0265625
0 0.75546875 0.1296875 0.0078125 0.009375