2 0.3984375 0.19921875 0.0125 0.0390625
1 0.08515625 0.2640625 0.0125 0.0421875
1 0.56796875 0.13359375 0.0109375 0.0328125
1 0.42265625 0.16171875 0.0140625 0.0359375
1 0.49140625 0.3125 0.0125 0.0421875
1 0.240625 0.221875 0.015625 0.0390625
1 0.446875 0.1609375 0.0140625 0.0375
1 0.16953125 0.24453125 0.0125 0.0390625
1 0.15859375 0.1703125 0.0109375 0.040625
1 0.13359375 0.2171875 0.0140625 0.0390625
1 0.25078125 0.19375 0.0109375 0.0390625
1 0.3859375 0.121875 0.0125 0.0375
1 0.32890625 0.24765625 0.0109375 0.0421875
1 0.29375 0.22265625 0.0125 0.0375
1 0.0796875 0.2046875 0.009375 0.0375
1 0.16328125 0.1765625 0.0125 0.0359375
1 0.02890625 0.24453125 0.0125 0.0375
1 0.09453125 0.18671875 0.0125 0.04375
2 0.31953125 0.04453125 0.009375 0.028125
1 0.4046875 0.04140625 0.0140625 0.028125
1 0.0265625 0.19375 0.0125 0.0421875
1 0.08359375 0.19140625 0.0078125 0.0359375
1 0.1609375 0.1515625 0.0078125 0.0140625
2 0.82421875 0.98359375 0.028125 0.0328125