1 0.20078125 0.2390625 0.021875 0.03125
1 0.509375 0.25390625 0.015625 0.03125
1 0.1765625 0.35703125 0.028125 0.034375
1 0.14375 0.60390625 0.0359375 0.04375
1 0.02421875 0.50859375 0.028125 0.0421875
1 0.3375 0.30625 0.015625 0.034375
1 0.446875 0.265625 0.0140625 0.03125
1 0.30234375 0.38046875 0.01875 0.0375
1 0.9625 0.3375 0.021875 0.0359375
1 0.4359375 0.3796875 0.028125 0.034375
1 0.821875 0.496875 0.01875 0.0390625
1 0.30703125 0.20390625 0.0171875 0.028125
1 0.82890625 0.54140625 0.0359375 0.04375
1 0.5046875 0.36796875 0.0234375 0.034375
2 0.5828125 0.33203125 0.0140625 0.0328125
1 0.74140625 0.27578125 0.01875 0.034375
1 0.428125 0.26875 0.0140625 0.0328125
1 0.72109375 0.41796875 0.015625 0.0421875
1 0.740625 0.1875 0.0140625 0.0296875
1 0.61484375 0.27578125 0.01875 0.0359375
2 0.85390625 0.12421875 0.0125 0.028125