1 0.91640625 0.31328125 0.01875 0.0359375
1 0.078125 0.246875 0.0171875 0.0328125
1 0.50390625 0.50546875 0.0265625 0.0453125
1 0.57265625 0.2484375 0.01875 0.03125
1 0.1484375 0.38203125 0.0234375 0.04375
1 0.45703125 0.18046875 0.01875 0.03125
1 0.24921875 0.153125 0.021875 0.0265625
1 0.87890625 0.2125 0.0140625 0.028125
1 0.3890625 0.25703125 0.015625 0.028125
1 0.471875 0.09921875 0.0140625 0.025
1 0.13359375 0.3765625 0.01875 0.0375
1 0.2359375 0.40390625 0.0203125 0.0421875
1 0.2140625 0.3984375 0.0171875 0.0359375
1 0.40625 0.26015625 0.01875 0.034375
1 0.5921875 0.2875 0.0140625 0.040625
1 0.72265625 0.16015625 0.0203125 0.0375
1 0.06328125 0.246875 0.0171875 0.034375
1 0.89296875 0.57421875 0.01875 0.04375
0 0.53671875 0.12890625 0.0109375 0.0125