1 0.19453125 0.715625 0.021875 0.0484375
1 0.2640625 0.23828125 0.0140625 0.034375
1 0.6890625 0.203125 0.0125 0.0296875
1 0.8796875 0.55 0.021875 0.04375
1 0.8875 0.18203125 0.0125 0.03125
1 0.53828125 0.39453125 0.0171875 0.040625
1 0.03203125 0.50859375 0.0234375 0.0484375
2 0.309375 0.284375 0.0125 0.034375
1 0.60625 0.17890625 0.0140625 0.03125
1 0.015625 0.23046875 0.0171875 0.0359375
1 0.22578125 0.246875 0.015625 0.0328125
1 0.56328125 0.1140625 0.0109375 0.0265625
1 0.41484375 0.14921875 0.0171875 0.0265625
1 0.37109375 0.14140625 0.0171875 0.028125
1 0.765625 0.2625 0.015625 0.0359375
1 0.51640625 0.171875 0.0125 0.0296875
1 0.546875 0.1125 0.009375 0.03125
1 0.2765625 0.10859375 0.0125 0.021875
1 0.534375 0.0671875 0.0109375 0.01875
1 0.5609375 0.08359375 0.0140625 0.01875
1 0.3515625 0.08984375 0.0140625 0.021875
0 0.37421875 0.096875 0.0078125 0.009375