1 0.48984375 0.178125 0.0109375 0.0328125
1 0.246875 0.240625 0.0125 0.0359375
1 0.92109375 0.25 0.0125 0.0359375
1 0.2265625 0.43828125 0.01875 0.0453125
1 0.57421875 0.64921875 0.0171875 0.05
1 0.35859375 0.33046875 0.0125 0.0390625
1 0.28828125 0.371875 0.0171875 0.0421875
1 0.04140625 0.26875 0.015625 0.0359375
1 0.640625 0.6046875 0.0171875 0.0515625
1 0.60546875 0.4515625 0.015625 0.0453125
1 0.38046875 0.278125 0.0140625 0.0359375
1 0.40703125 0.3609375 0.0171875 0.0359375
1 0.46640625 0.30390625 0.0125 0.034375
1 0.60703125 0.33828125 0.0140625 0.04375
1 0.528125 0.36328125 0.0140625 0.0421875
2 0.51875 0.303125 0.0140625 0.0375
1 0.67421875 0.45390625 0.0171875 0.04375
1 0.3859375 0.1328125 0.0125 0.0265625
1 0.01328125 0.56015625 0.0265625 0.0546875
1 0.6078125 0.27421875 0.015625 0.034375
1 0.48203125 0.31640625 0.0140625 0.0375
0 0.396875 0.30625 0.015625 0.0171875