1 0.66328125 0.7640625 0.0328125 0.0515625
1 0.56015625 0.39609375 0.0171875 0.0375
1 0.65078125 0.50703125 0.021875 0.0421875
1 0.93671875 0.54375 0.01875 0.0484375
1 0.1765625 0.2515625 0.0125 0.0375
1 0.840625 0.28828125 0.0140625 0.0375
1 0.13828125 0.60859375 0.01875 0.04375
1 0.19375 0.83203125 0.025 0.0671875
1 0.42109375 0.28046875 0.0125 0.0359375
1 0.5078125 0.353125 0.0125 0.0375
2 0.35390625 0.42265625 0.0125 0.0390625
1 0.396875 0.6375 0.0140625 0.0484375
1 0.4796875 0.51328125 0.0140625 0.0421875
1 0.29296875 0.33828125 0.0140625 0.040625
1 0.62421875 0.16796875 0.0109375 0.0296875
1 0.271875 0.36328125 0.0171875 0.0390625
1 0.28125 0.47890625 0.01875 0.0453125
1 0.08203125 0.4125 0.0171875 0.0421875
1 0.12265625 0.32265625 0.01875 0.0390625
1 0.36484375 0.2859375 0.015625 0.040625
1 0.4109375 0.19609375 0.0140625 0.0375
2 0.18671875 0.11953125 0.0140625 0.0265625