2 0.28359375 0.38046875 0.0765625 0.1140625
1 0.12890625 0.571875 0.0859375 0.1375
1 0.396875 0.75625 0.109375 0.16875
1 0.703125 0.82265625 0.09375 0.1609375
1 0.14140625 0.2734375 0.0609375 0.096875
1 0.36640625 0.35546875 0.0453125 0.1140625
1 0.95390625 0.56875 0.0703125 0.153125
1 0.32578125 0.1546875 0.0390625 0.0625
1 0.5234375 0.265625 0.05 0.09375
1 0.1 0.209375 0.0375 0.078125
2 0.1125 0.10546875 0.03125 0.0703125
1 0.86484375 0.25703125 0.0390625 0.0828125
0 0.5109375 0.3015625 0.021875 0.021875