1 0.75703125 0.7484375 0.0546875 0.090625
1 0.7015625 0.5453125 0.0375 0.05625
1 0.209375 0.70390625 0.059375 0.0671875
1 0.53828125 0.52890625 0.0421875 0.0609375
1 0.2234375 0.571875 0.040625 0.0625
1 0.4703125 0.4390625 0.040625 0.0625
1 0.01171875 0.553125 0.0234375 0.0625
1 0.31328125 0.2984375 0.0203125 0.05625
1 0.284375 0.30234375 0.03125 0.0609375
1 0.28515625 0.6875 0.0453125 0.06875
1 0.00859375 0.51171875 0.0171875 0.053125
0 0.37265625 0.7046875 0.021875 0.0171875
1 0.36796875 0.41953125 0.040625 0.053125
1 0.14609375 0.34609375 0.0375 0.0515625