1 0.30859375 0.19453125 0.0125 0.0328125
1 0.28125 0.60859375 0.0265625 0.0484375
1 0.75390625 0.9 0.03125 0.053125
1 0.98359375 0.56953125 0.028125 0.0484375
1 0.0453125 0.41171875 0.0171875 0.04375
1 0.153125 0.2640625 0.0125 0.0328125
1 0.090625 0.36640625 0.0171875 0.04375
1 0.196875 0.85078125 0.028125 0.0515625
1 0.55703125 0.17109375 0.009375 0.0328125
1 0.49453125 0.63984375 0.0234375 0.0515625
1 0.39453125 0.59296875 0.0171875 0.04375
1 0.1609375 0.89609375 0.028125 0.05625
1 0.51953125 0.85859375 0.0359375 0.05625
1 0.40625 0.40625 0.0171875 0.0390625
2 0.134375 0.11796875 0.0125 0.0265625
1 0.48203125 0.4125 0.015625 0.046875
1 0.3046875 0.29609375 0.0125 0.0375
2 0.27421875 0.4671875 0.0203125 0.040625
1 0.2546875 0.365625 0.021875 0.0375
1 0.3203125 0.3046875 0.015625 0.0359375
1 0.8328125 0.32578125 0.0171875 0.0390625