1 0.69921875 0.35078125 0.015625 0.04375
1 0.72890625 0.22421875 0.0140625 0.034375
1 0.0703125 0.61640625 0.0328125 0.05
1 0.40078125 0.2765625 0.0140625 0.0328125
1 0.31484375 0.18359375 0.015625 0.0296875
1 0.74296875 0.24296875 0.0140625 0.03125
1 0.07421875 0.24375 0.015625 0.0359375
1 0.2640625 0.340625 0.0140625 0.0390625
1 0.07578125 0.33828125 0.0234375 0.0390625
1 0.58515625 0.44921875 0.0234375 0.0421875
1 0.54609375 0.575 0.028125 0.0390625
1 0.5671875 0.3265625 0.01875 0.040625
1 0.56640625 0.15390625 0.0125 0.0296875
1 0.421875 0.25859375 0.0140625 0.0375
1 0.4171875 0.20703125 0.0140625 0.0328125
2 0.52109375 0.2703125 0.0140625 0.034375
1 0.25703125 0.28125 0.0171875 0.0390625
1 0.3 0.325 0.0140625 0.0375
1 0.271875 0.1875 0.0125 0.028125
0 0.19296875 0.36953125 0.0125 0.0125
2 0.10234375 0.115625 0.0203125 0.0296875
1 0.43515625 0.2828125 0.0171875 0.0375