1 0.75859375 0.4265625 0.0234375 0.0421875
1 0.1828125 0.4609375 0.0234375 0.04375
1 0.6171875 0.15546875 0.015625 0.03125
1 0.309375 0.14921875 0.0109375 0.028125
1 0.47421875 0.17421875 0.0109375 0.0328125
1 0.37890625 0.190625 0.0125 0.028125
1 0.35625 0.49921875 0.021875 0.0515625
1 0.79140625 0.39296875 0.021875 0.0390625
2 0.39765625 0.28828125 0.0125 0.03125
1 0.3875 0.1328125 0.0109375 0.0265625
2 0.665625 0.09140625 0.0125 0.0265625
1 0.08671875 0.27421875 0.0125 0.0359375
1 0.0734375 0.278125 0.0171875 0.0375
1 0.540625 0.29453125 0.0171875 0.0375
1 0.29375 0.1734375 0.0125 0.03125
1 0.765625 0.2640625 0.0171875 0.0375
1 0.746875 0.234375 0.015625 0.034375
1 0.45078125 0.3 0.015625 0.0390625
1 0.1875 0.1765625 0.0109375 0.03125
1 0.3609375 0.146875 0.009375 0.025
1 0.3734375 0.12421875 0.009375 0.0296875
1 0.41015625 0.128125 0.0125 0.028125
1 0.396875 0.12265625 0.00625 0.0234375