1 0.93359375 0.20390625 0.0140625 0.03125
1 0.9109375 0.31328125 0.0140625 0.0359375
1 0.38125 0.7375 0.034375 0.0515625
1 0.99453125 0.3640625 0.0109375 0.04375
1 0.00390625 0.209375 0.0078125 0.0328125
1 0.92578125 0.7640625 0.025 0.05625
1 0.93359375 0.53828125 0.021875 0.05625
1 0.28515625 0.16796875 0.0125 0.03125
1 0.69296875 0.36953125 0.0140625 0.0390625
1 0.7734375 0.178125 0.0140625 0.0296875
1 0.79140625 0.25703125 0.0125 0.0359375
1 0.55078125 0.5390625 0.01875 0.0453125
2 0.65546875 0.2640625 0.0140625 0.0375
1 0.671875 0.19609375 0.0140625 0.03125
1 0.575 0.20078125 0.0125 0.028125
1 0.76171875 0.37421875 0.015625 0.040625
1 0.434375 0.353125 0.0140625 0.0375
1 0.45703125 0.23046875 0.0171875 0.0328125
1 0.3796875 0.103125 0.0109375 0.0234375
1 0.91875 0.275 0.015625 0.0359375
1 0.5921875 0.178125 0.0140625 0.028125
1 0.46015625 0.1171875 0.0125 0.0296875
2 0.965625 0.13828125 0.0140625 0.025