1 0.1171875 0.446875 0.025 0.046875
1 0.81953125 0.9390625 0.0234375 0.05625
1 0.86796875 0.35546875 0.0171875 0.0390625
1 0.31484375 0.20078125 0.0140625 0.03125
1 0.5796875 0.16015625 0.0140625 0.028125
1 0.4859375 0.45859375 0.0234375 0.046875
1 0.83203125 0.43828125 0.01875 0.0421875
2 0.75703125 0.29453125 0.0140625 0.0328125
1 0.62421875 0.115625 0.0125 0.0265625
1 0.70390625 0.215625 0.0125 0.0328125
1 0.10859375 0.71015625 0.0265625 0.04375
1 0.81484375 0.453125 0.0234375 0.0421875
1 0.7953125 0.21484375 0.0125 0.0328125
1 0.63828125 0.65859375 0.025 0.0515625
1 0.98671875 0.2296875 0.01875 0.0359375
0 0.13515625 0.71953125 0.0109375 0.0125