1 0.33359375 0.26171875 0.01875 0.0328125
1 0.68984375 0.1609375 0.0171875 0.028125
1 0.265625 0.44765625 0.0265625 0.0421875
1 0.3984375 0.4078125 0.025 0.0375
1 0.86953125 0.20546875 0.01875 0.028125
1 0.75859375 0.27421875 0.0171875 0.034375
1 0.93046875 0.29375 0.021875 0.0296875
1 0.95390625 0.29140625 0.021875 0.0328125
1 0.390625 0.17578125 0.015625 0.0296875
1 0.90390625 0.6890625 0.03125 0.0515625
1 0.603125 0.22734375 0.01875 0.03125
1 0.6 0.1234375 0.0140625 0.025
1 0.82734375 0.1625 0.0171875 0.025
1 0.61875 0.24609375 0.0171875 0.0296875
1 0.25078125 0.2078125 0.0140625 0.028125
1 0.34921875 0.284375 0.01875 0.03125
1 0.853125 0.26640625 0.01875 0.0359375
1 0.09609375 0.21328125 0.015625 0.0296875
1 0.809375 0.303125 0.01875 0.040625
2 0.628125 0.27890625 0.0140625 0.034375
1 0.7234375 0.20703125 0.0171875 0.034375
0 0.9625 0.3125 0.009375 0.0078125