1 0.671875 0.4359375 0.08125 0.140625
1 0.3015625 0.5265625 0.053125 0.14375
1 0.87265625 0.634375 0.0734375 0.146875
1 0.4203125 0.36953125 0.034375 0.1359375
1 0.0171875 0.47109375 0.034375 0.1265625
1 0.76328125 0.4671875 0.0609375 0.1375
1 0.54296875 0.41953125 0.0390625 0.1359375
1 0.82265625 0.53515625 0.0640625 0.1203125
1 0.06484375 0.47578125 0.0546875 0.1359375
1 0.13828125 0.41796875 0.0515625 0.1234375
1 0.259375 0.69375 0.090625 0.178125
0 0.0578125 0.5375 0.0296875 0.021875
1 0.1234375 0.47890625 0.06875 0.1359375