1 0.24375 0.49921875 0.0265625 0.05
1 0.03203125 0.1734375 0.0125 0.034375
1 0.534375 0.21953125 0.015625 0.0390625
1 0.978125 0.809375 0.0265625 0.05625
1 0.134375 0.2984375 0.01875 0.040625
1 0.96875 0.6578125 0.0265625 0.0484375
1 0.40625 0.29375 0.01875 0.0375
1 0.82109375 0.184375 0.0125 0.040625
1 0.12890625 0.13515625 0.0125 0.03125
1 0.85 0.2140625 0.0125 0.0359375
1 0.3703125 0.2890625 0.01875 0.0390625
2 0.33515625 0.01796875 0.0109375 0.0234375
1 0.534375 0.05625 0.0109375 0.0265625
1 0.70625 0.11953125 0.0125 0.0328125
2 0.40859375 0.22421875 0.0140625 0.0359375
1 0.36484375 0.12265625 0.0140625 0.0375
0 0.12734375 0.15390625 0.0078125 0.00625