1 0.115625 0.771875 0.0328125 0.0546875
1 0.9125 0.578125 0.021875 0.0453125
1 0.52265625 0.425 0.0171875 0.04375
1 0.025 0.16953125 0.0171875 0.028125
1 0.2390625 0.28828125 0.015625 0.0359375
1 0.55703125 0.21171875 0.0140625 0.0328125
1 0.5234375 0.20703125 0.0140625 0.0328125
1 0.690625 0.12578125 0.0125 0.021875
1 0.2171875 0.30546875 0.0171875 0.0390625
1 0.4875 0.09921875 0.0109375 0.025
2 0.134375 0.340625 0.0171875 0.0390625
1 0.3078125 0.18828125 0.0140625 0.034375
1 0.884375 0.19453125 0.0171875 0.0328125
1 0.76171875 0.21640625 0.0140625 0.0296875
1 0.8078125 0.2953125 0.01875 0.0421875
1 0.3453125 0.18828125 0.0140625 0.0328125
1 0.528125 0.078125 0.0078125 0.028125
0 0.5421875 0.08828125 0.00625 0.0078125
1 0.6796875 0.11171875 0.0125 0.0203125
1 0.146875 0.12421875 0.0125 0.03125