1 0.79921875 0.18046875 0.015625 0.03125
1 0.97578125 0.39453125 0.0171875 0.046875
1 0.47890625 0.565625 0.01875 0.0484375
1 0.715625 0.33203125 0.0140625 0.0375
1 0.7484375 0.36328125 0.01875 0.0375
1 0.48125 0.246875 0.0109375 0.0359375
1 0.48203125 0.203125 0.0125 0.0359375
1 0.81796875 0.39296875 0.0171875 0.0421875
1 0.82578125 0.34453125 0.0125 0.0390625
1 0.72265625 0.61875 0.0234375 0.0484375
2 0.48359375 0.3953125 0.0140625 0.0375
2 0.4234375 0.1109375 0.009375 0.025
1 0.71875 0.40703125 0.01875 0.0421875
1 0.7625 0.40625 0.01875 0.0390625
1 0.7515625 0.33515625 0.015625 0.0328125
1 0.45390625 0.3328125 0.009375 0.040625
1 0.94765625 0.26953125 0.0125 0.04375
1 0.76640625 0.3296875 0.0140625 0.0359375
1 0.78359375 0.35078125 0.009375 0.0375
1 0.77578125 0.38125 0.009375 0.0359375
1 0.7984375 0.37421875 0.0109375 0.0421875
1 0.80234375 0.359375 0.0125 0.034375
0 0.478125 0.35078125 0.00625 0.0125