1 0.9359375 0.19921875 0.0140625 0.03125
1 0.7125 0.6015625 0.0171875 0.0484375
1 0.02578125 0.17109375 0.0140625 0.028125
1 0.73125 0.3234375 0.0140625 0.0390625
1 0.303125 0.1609375 0.0109375 0.03125
1 0.8625 0.30625 0.0140625 0.0375
1 0.79765625 0.2828125 0.0140625 0.0359375
1 0.74140625 0.2015625 0.0109375 0.0296875
1 0.33984375 0.546875 0.01875 0.04375
1 0.81640625 0.48125 0.0171875 0.0421875
1 0.6703125 0.33359375 0.0125 0.0375
2 0.58046875 0.24609375 0.0125 0.034375
1 0.4921875 0.18125 0.0109375 0.03125
1 0.37421875 0.3015625 0.0140625 0.0359375
1 0.84140625 0.22421875 0.0125 0.0328125
1 0.3828125 0.50390625 0.0140625 0.04375
1 0.60390625 0.17421875 0.0109375 0.028125
2 0.8921875 0.13671875 0.0125 0.025
1 0.5375 0.146875 0.0109375 0.0265625
1 0.38828125 0.18125 0.0125 0.0328125
1 0.5609375 0.18046875 0.0109375 0.028125
1 0.0984375 0.31328125 0.0171875 0.0375
1 0.36484375 0.115625 0.0125 0.025
0 0.0390625 0.1875 0.0109375 0.009375