1 0.8734375 0.45390625 0.0234375 0.0390625
1 0.578125 0.228125 0.0140625 0.03125
1 0.43125 0.39375 0.0203125 0.0421875
1 0.66875 0.22578125 0.0140625 0.03125
1 0.83203125 0.25 0.01875 0.0359375
1 0.62421875 0.47421875 0.01875 0.040625
1 0.58046875 0.16640625 0.0125 0.03125
1 0.77421875 0.20078125 0.0140625 0.03125
1 0.34921875 0.2484375 0.0140625 0.034375
1 0.70234375 0.1765625 0.0109375 0.028125
1 0.5359375 0.146875 0.0109375 0.028125
1 0.37265625 0.23125 0.015625 0.0359375
1 0.40234375 0.16328125 0.0140625 0.028125
1 0.3015625 0.36328125 0.01875 0.040625
1 0.51640625 0.24921875 0.0125 0.0328125
2 0.3359375 0.1109375 0.0109375 0.0265625
1 0.38671875 0.15703125 0.0140625 0.0296875
2 0.45078125 0.271875 0.015625 0.034375
1 0.52421875 0.19140625 0.0140625 0.0328125
1 0.653125 0.13671875 0.0109375 0.028125
1 0.7265625 0.17265625 0.0171875 0.0296875
1 0.63359375 0.1609375 0.015625 0.028125