1 0.50859375 0.20859375 0.0125 0.0296875
1 0.78046875 0.36640625 0.015625 0.04375
1 0.33046875 0.29921875 0.015625 0.0421875
1 0.41796875 0.55078125 0.01875 0.0515625
1 0.0765625 0.54140625 0.0203125 0.05
1 0.66875 0.25703125 0.0109375 0.03125
1 0.26796875 0.21484375 0.0125 0.0359375
1 0.62109375 0.6640625 0.015625 0.0578125
1 0.84921875 0.3890625 0.0140625 0.0453125
1 0.5984375 0.21328125 0.0125 0.0328125
1 0.61875 0.1484375 0.0109375 0.0265625
1 0.09921875 0.70859375 0.03125 0.053125
2 0.3921875 0.25390625 0.0125 0.0359375
1 0.41953125 0.14453125 0.0109375 0.0265625
1 0.58203125 0.16484375 0.0125 0.025
1 0.4390625 0.2828125 0.0125 0.0390625
2 0.79609375 0.11796875 0.0125 0.0265625
1 0.8765625 0.2328125 0.01875 0.0359375
1 0.77109375 0.21953125 0.0171875 0.03125
1 0.5859375 0.2578125 0.0125 0.034375
1 0.2796875 0.203125 0.0078125 0.028125