1 0.43671875 0.65625 0.0703125 0.1296875
1 0.58671875 0.61875 0.0515625 0.134375
1 0.10625 0.65078125 0.0484375 0.1265625
1 0.3296875 0.31171875 0.0375 0.0875
1 0.178125 0.30859375 0.0328125 0.0828125
1 0.91953125 0.61171875 0.0359375 0.1203125
2 0.575 0.4109375 0.028125 0.1
1 0.31015625 0.64609375 0.0625 0.1359375
1 0.265625 0.3875 0.0328125 0.0921875
1 0.634375 0.2484375 0.021875 0.06875
1 0.29609375 0.4078125 0.04375 0.1015625
2 0.4578125 0.14296875 0.0265625 0.0609375
1 0.45859375 0.2453125 0.0390625 0.0765625