1 0.41796875 0.5453125 0.0203125 0.0484375
1 0.57890625 0.2515625 0.0140625 0.0328125
1 0.83515625 0.378125 0.0140625 0.0421875
1 0.78671875 0.21640625 0.0125 0.0359375
1 0.32890625 0.2875 0.0171875 0.0390625
1 0.0859375 0.53203125 0.01875 0.05
1 0.60859375 0.20546875 0.0140625 0.03125
1 0.51875 0.2015625 0.0125 0.03125
1 0.4328125 0.26953125 0.0140625 0.0375
1 0.2984375 0.2015625 0.0140625 0.03125
1 0.61875 0.63984375 0.0140625 0.0546875
1 0.78671875 0.36171875 0.0171875 0.04375
2 0.38984375 0.25390625 0.0125 0.0359375
1 0.0984375 0.68984375 0.0234375 0.053125
1 0.57421875 0.15703125 0.0109375 0.0265625
1 0.89453125 0.21640625 0.0140625 0.0359375
1 0.6734375 0.26875 0.015625 0.034375
2 0.80703125 0.1203125 0.015625 0.0265625
1 0.60625 0.14765625 0.0171875 0.021875
0 0.609375 0.1578125 0.0078125 0.0046875
1 0.38359375 0.14453125 0.009375 0.028125
1 0.28125 0.20390625 0.0109375 0.034375