1 0.521875 0.309375 0.0140625 0.0359375
1 0.5640625 0.50546875 0.0140625 0.0453125
1 0.834375 0.3015625 0.015625 0.0359375
2 0.578125 0.28515625 0.0125 0.0375
1 0.77265625 0.415625 0.015625 0.0453125
1 0.16328125 0.3515625 0.0140625 0.034375
1 0.715625 0.325 0.01875 0.0390625
1 0.403125 0.2796875 0.0125 0.040625
1 0.1515625 0.31875 0.0140625 0.0328125
1 0.6265625 0.23515625 0.0125 0.034375
1 0.06640625 0.23515625 0.0140625 0.03125
1 0.31640625 0.328125 0.0140625 0.0375
1 0.21796875 0.22109375 0.0125 0.03125
1 0.74140625 0.22734375 0.0140625 0.0359375
1 0.18125 0.30546875 0.0140625 0.0375
1 0.3625 0.39375 0.015625 0.0390625
1 0.67578125 0.378125 0.0140625 0.0421875
1 0.63828125 0.2390625 0.0125 0.025
1 0.28125 0.29375 0.0140625 0.0359375
1 0.32578125 0.2375 0.0140625 0.0359375
1 0.0359375 0.22421875 0.009375 0.028125
1 0.16953125 0.2796875 0.0109375 0.0421875