1 0.16015625 0.90078125 0.053125 0.065625
1 0.56640625 0.45546875 0.028125 0.0484375
1 0.97734375 0.66328125 0.034375 0.059375
1 0.26640625 0.6140625 0.0390625 0.06875
1 0.75078125 0.3875 0.025 0.059375
1 0.259375 0.48046875 0.0390625 0.0578125
1 0.44765625 0.98828125 0.053125 0.0234375
1 0.83984375 0.37890625 0.0265625 0.0515625
1 0.62890625 0.64921875 0.046875 0.0625
1 0.40546875 0.4671875 0.0328125 0.0625
1 0.9171875 0.38515625 0.0265625 0.0515625
1 0.99609375 0.43046875 0.00625 0.0578125
1 0.97265625 0.61875 0.028125 0.0390625
0 0.74609375 0.41875 0.0140625 0.0171875