1 0.575 0.23828125 0.0140625 0.0265625
1 0.08828125 0.37421875 0.021875 0.0328125
1 0.759375 0.3515625 0.021875 0.0390625
1 0.14609375 0.71796875 0.034375 0.046875
1 0.30078125 0.1734375 0.0171875 0.0265625
1 0.93828125 0.36328125 0.021875 0.0421875
1 0.80703125 0.23515625 0.0171875 0.0328125
1 0.4765625 0.13046875 0.0125 0.028125
1 0.81640625 0.203125 0.0171875 0.03125
1 0.978125 0.425 0.0328125 0.040625
1 0.83046875 0.515625 0.0234375 0.0390625
1 0.64609375 0.86796875 0.0375 0.053125
1 0.321875 0.43671875 0.028125 0.040625
1 0.1 0.27109375 0.01875 0.040625
2 0.66796875 0.36640625 0.0171875 0.0421875
1 0.22421875 0.6671875 0.0421875 0.0609375
1 0.89921875 0.69140625 0.0390625 0.046875
1 0.94296875 0.33046875 0.021875 0.0390625
1 0.36484375 0.29375 0.021875 0.0359375
1 0.51875 0.23671875 0.0203125 0.0328125
2 0.7890625 0.10703125 0.01875 0.0265625