1 0.02109375 0.21875 0.0171875 0.034375
1 0.39609375 0.56328125 0.0203125 0.046875
1 0.38125 0.30625 0.0140625 0.0375
1 0.25859375 0.38125 0.0171875 0.0390625
1 0.03828125 0.32109375 0.01875 0.0390625
1 0.86953125 0.19375 0.015625 0.034375
1 0.48828125 0.12109375 0.0125 0.0296875
1 0.7875 0.359375 0.0171875 0.0390625
1 0.1375 0.37421875 0.0234375 0.0484375
1 0.99453125 0.2609375 0.0109375 0.0359375
1 0.665625 0.3109375 0.015625 0.0359375
1 0.2734375 0.2109375 0.015625 0.0296875
1 0.6625 0.2859375 0.015625 0.0328125
1 0.18515625 0.290625 0.0140625 0.0359375
1 0.721875 0.13125 0.0171875 0.0296875
1 0.28125 0.23046875 0.0140625 0.0359375