1 0.06328125 0.22734375 0.021875 0.0296875
1 0.66796875 0.29140625 0.015625 0.034375
1 0.359375 0.303125 0.021875 0.0359375
1 0.8203125 0.28125 0.01875 0.0359375
1 0.35703125 0.21640625 0.01875 0.03125
1 0.08359375 0.31796875 0.0234375 0.03125
1 0.9984382234375 0.000554109375 0.000036168749999987425 0.00004629687500000007
1 0.2125 0.2015625 0.01875 0.028125
1 0.5359375 0.20625 0.01875 0.0328125
1 0.77421875 0.57421875 0.0359375 0.0421875
1 0.89296875 0.25390625 0.0171875 0.0359375
1 0.7671875 0.39296875 0.03125 0.0484375
1 0.86171875 0.240625 0.015625 0.0375
1 0.37421875 0.14453125 0.01875 0.028125
1 0.6546875 0.38828125 0.025 0.0421875
1 0.17421875 0.18203125 0.021875 0.0265625
1 0.31484375 0.1859375 0.015625 0.028125
2 0.88671875 0.35859375 0.0203125 0.040625
1 0.81796875 0.37109375 0.01875 0.0328125
1 0.83359375 0.359375 0.0328125 0.0375
0 0.0125 0.3125 0.0171875 0.0125