1 0.61953125 0.26640625 0.021875 0.0359375
1 0.828125 0.42578125 0.0234375 0.0390625
1 0.628125 0.39453125 0.0265625 0.0375
1 0.4609375 0.421875 0.0265625 0.0375
1 0.3734375 0.30703125 0.01875 0.0328125
1 0.26171875 0.3328125 0.0234375 0.034375
1 0.2515625 0.25078125 0.021875 0.0328125
1 0.39765625 0.2546875 0.0234375 0.0375
1 0.659375 0.175 0.0171875 0.03125
1 0.965625 0.61171875 0.0453125 0.0515625
1 0.3421875 0.21796875 0.025 0.0328125
1 0.85546875 0.35625 0.028125 0.0390625
1 0.34609375 0.40859375 0.0359375 0.04375
1 0.41953125 0.3453125 0.0296875 0.0359375
1 0.190625 0.384375 0.028125 0.0375
2 0.38671875 0.03984375 0.0125 0.0203125
1 0.94140625 0.2203125 0.0203125 0.0359375
2 0.39609375 0.3484375 0.021875 0.0359375
1 0.02890625 0.6015625 0.028125 0.046875
1 0.68046875 0.2640625 0.0171875 0.03125