1 0.528125 0.2390625 0.0171875 0.03125
1 0.8171875 0.24921875 0.0203125 0.034375
1 0.128125 0.7390625 0.0265625 0.0484375
1 0.26953125 0.259375 0.0140625 0.0359375
1 0.62734375 0.1765625 0.015625 0.028125
1 0.19375 0.48828125 0.0171875 0.0359375
1 0.74375 0.11875 0.0140625 0.0296875
1 0.515625 0.415625 0.0234375 0.0390625
1 0.76953125 0.3765625 0.021875 0.040625
1 0.61484375 0.2578125 0.0171875 0.0359375
1 0.48046875 0.16640625 0.0125 0.028125
2 0.6921875 0.0921875 0.0125 0.0265625
1 0.2390625 0.19140625 0.0140625 0.03125
1 0.61796875 0.51328125 0.01875 0.0390625
1 0.61171875 0.51796875 0.01875 0.0375
2 0.3125 0.26796875 0.015625 0.03125
1 0.1921875 0.196875 0.0171875 0.03125
2 0.09453125 0.98671875 0.0328125 0.0265625
1 0.31875 0.25546875 0.015625 0.0328125
1 0.65703125 0.19375 0.0203125 0.034375
1 0.45546875 0.16875 0.0109375 0.028125
1 0.4265625 0.125 0.0109375 0.028125
1 0.675 0.12578125 0.0125 0.021875
1 0.54453125 0.10625 0.0140625 0.0234375
0 0.75078125 0.13359375 0.0078125 0.009375