1 0.66640625 0.26171875 0.01875 0.0328125
1 0.31015625 0.1609375 0.0171875 0.028125
1 0.734375 0.44765625 0.0265625 0.0421875
1 0.6015625 0.4078125 0.025 0.0375
1 0.13046875 0.20546875 0.01875 0.028125
1 0.24140625 0.27421875 0.0171875 0.034375
1 0.06953125 0.29375 0.021875 0.0296875
1 0.04609375 0.29140625 0.021875 0.0328125
1 0.609375 0.17578125 0.015625 0.0296875
1 0.09609375 0.6890625 0.03125 0.0515625
1 0.396875 0.22734375 0.01875 0.03125
1 0.4 0.1234375 0.0140625 0.025
1 0.17265625 0.1625 0.0171875 0.025
1 0.38125 0.24609375 0.0171875 0.0296875
1 0.74921875 0.2078125 0.0140625 0.028125
1 0.65078125 0.284375 0.01875 0.03125
1 0.146875 0.26640625 0.01875 0.0359375
1 0.90390625 0.21328125 0.015625 0.0296875
1 0.190625 0.303125 0.01875 0.040625
2 0.371875 0.27890625 0.0140625 0.034375
1 0.2765625 0.20703125 0.0171875 0.034375
0 0.0375 0.3125 0.009375 0.0078125