1 0.66484375 0.65625 0.0171875 0.0484375
1 0.12421875 0.28828125 0.0140625 0.0390625
1 0.68984375 0.34296875 0.0125 0.040625
1 0.271875 0.365625 0.01875 0.0390625
1 0.8234375 0.27578125 0.0125 0.04375
1 0.17734375 0.2359375 0.0125 0.0359375
1 0.3890625 0.4703125 0.0140625 0.0421875
1 0.43515625 0.59296875 0.0203125 0.0484375
1 0.284375 0.446875 0.0171875 0.040625
1 0.22578125 0.3484375 0.0140625 0.040625
1 0.640625 0.41796875 0.0140625 0.0390625
1 0.46640625 0.253125 0.0109375 0.0375
1 0.34765625 0.30859375 0.0125 0.0421875
1 0.64140625 0.16015625 0.0125 0.0296875
2 0.4203125 0.409375 0.0140625 0.0421875
1 0.46171875 0.19140625 0.0125 0.034375
1 0.43828125 0.3390625 0.0125 0.0421875
1 0.484375 0.2765625 0.0125 0.0359375
1 0.89765625 0.471875 0.01875 0.046875
1 0.43984375 0.27734375 0.0125 0.0359375
1 0.39453125 0.4203125 0.015625 0.040625
2 0.1875 0.115625 0.015625 0.034375