1 0.35703125 0.2109375 0.015625 0.0375
1 0.13203125 0.16875 0.009375 0.034375
1 0.3859375 0.38125 0.0140625 0.0484375
1 0.48828125 0.1015625 0.0078125 0.034375
1 0.5609375 0.2125 0.0125 0.0359375
1 0.8203125 0.28671875 0.0140625 0.04375
1 0.65859375 0.17890625 0.0109375 0.0390625
1 0.7578125 0.15234375 0.0125 0.034375
1 0.81796875 0.18984375 0.0125 0.0390625
1 0.34765625 0.08984375 0.0078125 0.0359375
1 0.36875 0.11640625 0.009375 0.0390625
1 0.84921875 0.240625 0.021875 0.0359375
1 0.94921875 0.19453125 0.015625 0.0375
1 0.82109375 0.18203125 0.0109375 0.03125
1 0.6828125 0.26875 0.0140625 0.0375
1 0.590625 0.21328125 0.0109375 0.0359375
1 0.565625 0.19296875 0.0109375 0.021875
1 0.65078125 0.1390625 0.0125 0.0328125
1 0.59140625 0.14140625 0.0140625 0.0328125
1 0.65546875 0.09765625 0.0078125 0.028125
2 0.59140625 0.05390625 0.0140625 0.028125
1 0.5515625 0.05078125 0.0125 0.028125
1 0.46171875 0.08359375 0.009375 0.028125
2 0.146875 0.99140625 0.028125 0.0171875