1 0.42421875 0.17109375 0.0125 0.03125
1 0.83359375 0.26171875 0.015625 0.0359375
1 0.8859375 0.4515625 0.021875 0.0390625
1 0.36015625 0.29921875 0.01875 0.0390625
1 0.684375 0.18359375 0.015625 0.03125
1 0.56796875 0.19921875 0.0140625 0.028125
1 0.16953125 0.45234375 0.028125 0.0515625
1 0.45390625 0.47578125 0.0265625 0.0421875
1 0.49296875 0.15234375 0.0125 0.028125
1 0.77421875 0.61640625 0.0328125 0.0578125
1 0.12578125 0.31328125 0.01875 0.0359375
1 0.30390625 0.16875 0.0140625 0.03125
1 0.49453125 0.27578125 0.015625 0.0328125
1 0.653125 0.17578125 0.0125 0.028125
2 0.55234375 0.259375 0.0125 0.028125
1 0.48671875 0.12578125 0.0109375 0.0234375
1 0.1734375 0.240625 0.015625 0.0328125
1 0.43671875 0.1234375 0.0109375 0.0234375
1 0.54296875 0.13984375 0.0140625 0.028125
1 0.371875 0.11015625 0.0109375 0.0203125
1 0.2828125 0.10703125 0.009375 0.0296875
2 0.2125 0.10078125 0.0125 0.025
0 0.2890625 0.1171875 0.0078125 0.00625