1 0.95234375 0.2734375 0.0171875 0.0390625
1 0.834375 0.15703125 0.0125 0.0265625
1 0.684375 0.246875 0.0125 0.0359375
1 0.596875 0.41328125 0.0140625 0.046875
1 0.53125 0.13203125 0.0078125 0.025
1 0.315625 0.228125 0.0140625 0.034375
1 0.38515625 0.528125 0.015625 0.0453125
1 0.4484375 0.29765625 0.0125 0.0359375
1 0.825 0.3984375 0.0171875 0.04375
1 0.95078125 0.56640625 0.03125 0.053125
1 0.89375 0.20859375 0.0171875 0.0359375
1 0.8046875 0.42109375 0.01875 0.0421875
1 0.51640625 0.2734375 0.0125 0.0375
1 0.78828125 0.34453125 0.0171875 0.040625
1 0.58203125 0.21953125 0.0109375 0.0328125
2 0.0515625 0.94609375 0.028125 0.0484375
1 0.9375 0.55703125 0.0234375 0.0625
2 0.90546875 0.1109375 0.0140625 0.0265625
1 0.74453125 0.28125 0.0140625 0.040625
2 0.5859375 0.2765625 0.015625 0.0359375
0 0.45390625 0.309375 0.0046875 0.0078125