1 0.52890625 0.61015625 0.0296875 0.046875
1 0.86328125 0.28984375 0.01875 0.0359375
1 0.6921875 0.31875 0.015625 0.0375
1 0.434375 0.315625 0.0140625 0.0375
1 0.2109375 0.40078125 0.015625 0.0359375
1 0.8046875 0.2171875 0.0140625 0.0328125
1 0.509375 0.12421875 0.009375 0.0234375
2 0.74453125 0.3453125 0.015625 0.0390625
1 0.9171875 0.33671875 0.015625 0.0390625
1 0.67265625 0.52421875 0.025 0.0515625
1 0.94140625 0.3859375 0.021875 0.0390625
1 0.35546875 0.6859375 0.028125 0.0484375
1 0.284375 0.21328125 0.0125 0.03125
1 0.59453125 0.19375 0.0125 0.0328125
1 0.82890625 0.68046875 0.0359375 0.053125
1 0.45703125 0.540625 0.0140625 0.0421875
0 0.3609375 0.66015625 0.0109375 0.00625
1 0.71875 0.2578125 0.0171875 0.0359375
1 0.7703125 0.14921875 0.0125 0.0265625
2 0.7671875 0.11015625 0.0171875 0.025