1 0.68828125 0.90078125 0.03125 0.0671875
1 0.52734375 0.51796875 0.021875 0.059375
1 0.61484375 0.7015625 0.03125 0.0640625
1 0.2609375 0.85625 0.03125 0.0609375
1 0.6484375 0.3765625 0.0234375 0.0546875
1 0.73828125 0.36953125 0.0234375 0.065625
1 0.3125 0.6046875 0.0265625 0.059375
1 0.9015625 0.51015625 0.0203125 0.0625
1 0.98671875 0.53828125 0.021875 0.0609375
1 0.35625 0.60625 0.021875 0.059375
1 0.28515625 0.95078125 0.0359375 0.0703125
1 0.8453125 0.73671875 0.034375 0.0703125
0 0.30390625 0.96796875 0.0203125 0.01875
1 0.76875 0.47734375 0.0390625 0.0625
1 0.2546875 0.4140625 0.028125 0.065625