1 0.86875 0.2921875 0.0171875 0.0375
1 0.7515625 0.40703125 0.025 0.04375
1 0.16953125 0.41875 0.0140625 0.0421875
1 0.7015625 0.24609375 0.0140625 0.0328125
1 0.50703125 0.55390625 0.0171875 0.0484375
1 0.559375 0.32109375 0.015625 0.0375
1 0.40546875 0.49453125 0.015625 0.0453125
1 0.159375 0.290625 0.0140625 0.0375
1 0.35390625 0.3 0.0140625 0.040625
1 0.10703125 0.33828125 0.015625 0.0328125
1 0.26328125 0.265625 0.0125 0.0328125
2 0.3953125 0.37265625 0.0140625 0.0375
1 0.42421875 0.19921875 0.0171875 0.028125
2 0.43515625 0.08359375 0.0140625 0.0296875
1 0.39453125 0.25 0.015625 0.034375
1 0.6390625 0.26796875 0.0140625 0.034375
1 0.659375 0.26484375 0.0140625 0.0328125
1 0.240625 0.2734375 0.0125 0.034375
1 0.26953125 0.24375 0.0125 0.034375
1 0.09453125 0.23203125 0.0125 0.034375
1 0.49921875 0.1796875 0.0125 0.0296875
1 0.68046875 0.24453125 0.0125 0.0265625
0 0.68671875 0.228125 0.009375 0.009375