1 0.7109375 0.284375 0.015625 0.0328125
1 0.71171875 0.225 0.0171875 0.03125
1 0.95546875 0.66328125 0.03125 0.0515625
1 0.796875 0.3171875 0.0171875 0.0359375
1 0.246875 0.2203125 0.0140625 0.0328125
1 0.30390625 0.4390625 0.0234375 0.0359375
1 0.57890625 0.1375 0.015625 0.0265625
2 0.6 0.28359375 0.0140625 0.0359375
1 0.39765625 0.41640625 0.0203125 0.0421875
1 0.91640625 0.22109375 0.0171875 0.03125
1 0.04609375 0.22578125 0.0140625 0.028125
1 0.35390625 0.29375 0.0171875 0.0328125
1 0.684375 0.1734375 0.0171875 0.03125
1 0.840625 0.27578125 0.021875 0.034375
1 0.6421875 0.265625 0.0140625 0.03125
1 0.89453125 0.31328125 0.0203125 0.03125
1 0.65703125 0.25546875 0.0140625 0.0265625
1 0.384375 0.19296875 0.0171875 0.03125
1 0.63984375 0.24609375 0.0171875 0.03125
1 0.84765625 0.3046875 0.0390625 0.0265625
1 0.85234375 0.17265625 0.0140625 0.0328125
1 0.36953125 0.28203125 0.0171875 0.0375
0 0.99375 0.30390625 0.0125 0.0125