1 0.06484375 0.37421875 0.0171875 0.0421875
1 0.51328125 0.66875 0.0265625 0.0484375
1 0.74296875 0.55234375 0.0171875 0.046875
1 0.48828125 0.24296875 0.0125 0.0359375
1 0.95859375 0.759375 0.028125 0.0515625
1 0.4671875 0.13203125 0.009375 0.03125
1 0.16484375 0.64140625 0.0203125 0.0515625
1 0.478125 0.43046875 0.0203125 0.0421875
1 0.66328125 0.22109375 0.0125 0.0328125
1 0.83515625 0.340625 0.0140625 0.0359375
1 0.75859375 0.3109375 0.0140625 0.0359375
1 0.89375 0.70546875 0.0234375 0.05625
1 0.59296875 0.3890625 0.01875 0.0390625
1 0.5359375 0.5796875 0.025 0.046875
1 0.759375 0.52421875 0.0171875 0.0375
2 0.55546875 0.096875 0.0109375 0.028125
1 0.80625 0.290625 0.015625 0.0359375
1 0.56015625 0.221875 0.0125 0.0359375
1 0.4515625 0.6734375 0.01875 0.05
2 0.678125 0.39296875 0.015625 0.0390625
1 0.409375 0.421875 0.0203125 0.0453125
0 0.43046875 0.67421875 0.0125 0.0125