1 0.453125 0.49375 0.0328125 0.04375
1 0.884375 0.38359375 0.025 0.0375
1 0.1140625 0.34609375 0.01875 0.0390625
1 0.490625 0.1859375 0.015625 0.03125
1 0.603125 0.39921875 0.03125 0.0375
1 0.46171875 0.16171875 0.01875 0.0296875
1 0.80703125 0.33515625 0.025 0.034375
1 0.10625 0.184375 0.0140625 0.028125
1 0.6265625 0.25234375 0.021875 0.0328125
1 0.72578125 0.23828125 0.01875 0.034375
1 0.303125 0.13125 0.015625 0.0171875
1 0.71796875 0.21328125 0.01875 0.0328125
1 0.68359375 0.18828125 0.021875 0.0328125
2 0.5984375 0.08125 0.0140625 0.0265625
2 0.52890625 0.290625 0.01875 0.0328125
1 0.67890625 0.2765625 0.0234375 0.03125
1 0.04296875 0.13515625 0.0125 0.025
2 0.11015625 0.98671875 0.028125 0.0265625
1 0.19140625 0.1828125 0.0140625 0.03125
1 0.365625 0.1265625 0.0125 0.0234375
1 0.321875 0.12265625 0.009375 0.0265625
1 0.234375 0.13984375 0.0203125 0.025
1 0.42890625 0.1046875 0.01875 0.0203125
1 0.34296875 0.1078125 0.009375 0.0234375
0 0.29609375 0.1375 0.0046875 0.0046875