1 0.42265625 0.24375 0.0171875 0.034375
1 0.753125 0.3859375 0.0171875 0.0375
1 0.490625 0.49375 0.0203125 0.046875
1 0.53203125 0.17265625 0.0125 0.03125
1 0.5640625 0.2484375 0.0125 0.0359375
1 0.828125 0.371875 0.0171875 0.04375
1 0.90625 0.2390625 0.0171875 0.0328125
1 0.08359375 0.31640625 0.0140625 0.0375
1 0.39296875 0.2828125 0.0140625 0.0390625
1 0.88359375 0.2359375 0.0140625 0.0328125
1 0.08125 0.5828125 0.0140625 0.0421875
1 0.678125 0.13828125 0.0125 0.028125
1 0.5046875 0.10390625 0.0109375 0.0328125
1 0.27578125 0.1546875 0.0140625 0.0375
1 0.10078125 0.21328125 0.0109375 0.0375