1 0.9734375 0.2015625 0.01875 0.03125
1 0.32890625 0.30546875 0.0171875 0.0375
1 0.921875 0.265625 0.0203125 0.0375
1 0.196875 0.44296875 0.01875 0.046875
1 0.06796875 0.30859375 0.0171875 0.0390625
1 0.0484375 0.32578125 0.01875 0.040625
1 0.8890625 0.2765625 0.01875 0.034375
1 0.69140625 0.0796875 0.015625 0.0265625
1 0.4765625 0.1328125 0.0140625 0.0296875
2 0.01875 0.98046875 0.0375 0.0390625
1 0.4453125 0.565625 0.03125 0.0453125
1 0.18203125 0.434375 0.0171875 0.04375
2 0.5640625 0.28359375 0.0171875 0.0375
1 0.40078125 0.6015625 0.040625 0.0453125
1 0.83828125 0.37578125 0.01875 0.0359375
1 0.85 0.35625 0.015625 0.0359375
1 0.415625 0.24375 0.0109375 0.0390625
2 0.69140625 0.01796875 0.0109375 0.0296875