1 0.40234375 0.42265625 0.015625 0.040625
1 0.3765625 0.33671875 0.015625 0.0359375
1 0.775 0.425 0.015625 0.04375
1 0.5140625 0.50703125 0.0171875 0.04375
1 0.2 0.26875 0.0125 0.0328125
1 0.4328125 0.27109375 0.0140625 0.0375
1 0.83671875 0.3109375 0.0171875 0.0328125
1 0.6078125 0.24140625 0.0140625 0.034375
1 0.209375 0.21875 0.0125 0.0328125
1 0.16875 0.35703125 0.0140625 0.034375
1 0.64140625 0.24609375 0.015625 0.03125
1 0.73671875 0.3984375 0.0140625 0.0390625
1 0.29375 0.24609375 0.0125 0.0359375
1 0.18125 0.26875 0.0125 0.0328125
1 0.04140625 0.24609375 0.015625 0.034375
1 0.1140625 0.3265625 0.0140625 0.0375
1 0.7390625 0.23515625 0.0140625 0.034375
1 0.259375 0.28984375 0.0125 0.0359375
1 0.76953125 0.32890625 0.0203125 0.0390625
2 0.58515625 0.296875 0.0078125 0.034375
1 0.52578125 0.3234375 0.0140625 0.021875