1 0.82265625 0.31875 0.0171875 0.0421875
1 0.13515625 0.26328125 0.0140625 0.0359375
1 0.4265625 0.57578125 0.021875 0.0453125
1 0.334375 0.296875 0.015625 0.0359375
1 0.06796875 0.403125 0.021875 0.0421875
1 0.734375 0.88828125 0.025 0.0609375
1 0.94609375 0.56796875 0.0265625 0.0484375
1 0.0640625 0.3640625 0.0203125 0.040625
1 0.30390625 0.296875 0.0140625 0.0375
1 0.22890625 0.36796875 0.01875 0.0421875
1 0.2375 0.60390625 0.028125 0.05
1 0.41171875 0.84375 0.0328125 0.0515625
1 0.1828125 0.8859375 0.0375 0.046875
2 0.2828125 0.45859375 0.0171875 0.0375
1 0.43359375 0.63828125 0.0203125 0.040625
1 0.46015625 0.40546875 0.01875 0.04375
1 0.4171875 0.40625 0.0140625 0.0390625
1 0.1984375 0.8578125 0.028125 0.0453125
1 0.5625 0.16953125 0.0109375 0.0296875
1 0.3234375 0.19609375 0.0203125 0.0328125
2 0.14375 0.11875 0.015625 0.03125
0 0.55234375 0.89375 0.0203125 0.01875