1 0.7359375 0.31171875 0.0125 0.0375
1 0.68828125 0.4890625 0.01875 0.0484375
1 0.88828125 0.28671875 0.0140625 0.0375
1 0.15625 0.60546875 0.028125 0.0484375
1 0.51328125 0.18125 0.0125 0.03125
1 0.33203125 0.20390625 0.0140625 0.0328125
1 0.39296875 0.21953125 0.0140625 0.0375
1 0.55234375 0.16328125 0.0125 0.03125
1 0.41796875 0.14375 0.015625 0.03125
1 0.19453125 0.43359375 0.0171875 0.040625
1 0.15078125 0.3390625 0.01875 0.0359375
1 0.2703125 0.24609375 0.0140625 0.0328125
1 0.31640625 0.271875 0.0140625 0.0375
2 0.44765625 0.30703125 0.015625 0.0359375
1 0.70546875 0.1484375 0.0125 0.028125
1 0.23828125 0.290625 0.0171875 0.0375
1 0.65 0.16640625 0.0125 0.0359375
1 0.5203125 0.16171875 0.0140625 0.0328125
2 0.4046875 0.084375 0.0109375 0.028125
1 0.31796875 0.22890625 0.0171875 0.0328125
1 0.10078125 0.39140625 0.0140625 0.040625
1 0.51953125 0.1 0.0171875 0.025
0 0.62265625 0.15 0.00625 0.009375