1 0.91015625 0.51875 0.01875 0.046875
1 0.21875 0.3484375 0.015625 0.040625
1 0.4 0.15859375 0.0125 0.028125
1 0.08671875 0.19765625 0.0125 0.0328125
1 0.16015625 0.3515625 0.0171875 0.0421875
1 0.58203125 0.5296875 0.0171875 0.0484375
1 0.4234375 0.25546875 0.0125 0.034375
1 0.39140625 0.61015625 0.0140625 0.0484375
1 0.359375 0.20234375 0.0140625 0.03125
1 0.35390625 0.28046875 0.0109375 0.0328125
1 0.9140625 0.66328125 0.01875 0.0484375
1 0.5765625 0.25625 0.0109375 0.0359375
1 0.353125 0.153125 0.0109375 0.0234375
1 0.66796875 0.19296875 0.0125 0.0296875
1 0.69296875 0.19140625 0.0109375 0.03125
1 0.43984375 0.196875 0.0125 0.028125
1 0.18984375 0.2078125 0.0171875 0.03125
1 0.6765625 0.26484375 0.0140625 0.034375
1 0.678125 0.14609375 0.009375 0.03125
2 0.61640625 0.25390625 0.009375 0.03125
2 0.171875 0.12109375 0.0125 0.028125
0 0.34140625 0.16875 0.0078125 0.0078125