1 0.759375 0.49296875 0.0171875 0.040625
1 0.44921875 0.42734375 0.0171875 0.0421875
1 0.62265625 0.696875 0.021875 0.0484375
1 0.91015625 0.24609375 0.0109375 0.0359375
1 0.42109375 0.340625 0.0171875 0.0359375
1 0.22734375 0.47734375 0.0171875 0.04375
1 0.3515625 0.3609375 0.01875 0.0359375
1 0.56796875 0.22265625 0.0125 0.034375
1 0.69453125 0.63515625 0.0171875 0.05
1 0.2859375 0.278125 0.0125 0.0359375
1 0.69609375 0.39375 0.0140625 0.04375
1 0.61953125 0.26875 0.0140625 0.0390625
1 0.64921875 0.27109375 0.0125 0.0421875
2 0.48203125 0.30390625 0.0140625 0.0390625
1 0.6109375 0.3171875 0.0140625 0.0390625
1 0.63515625 0.50234375 0.0234375 0.0515625
1 0.6140625 0.41171875 0.015625 0.0390625
0 0.33359375 0.39296875 0.0125 0.015625
1 0.32421875 0.44140625 0.01875 0.04375
1 0.44921875 0.28125 0.01875 0.034375
1 0.3640625 0.1578125 0.0140625 0.028125
1 0.103125 0.3140625 0.015625 0.0390625