1 0.865625 0.721875 0.0265625 0.05
1 0.4453125 0.253125 0.0125 0.034375
1 0.24140625 0.19921875 0.0140625 0.0328125
1 0.08671875 0.92578125 0.0265625 0.0625
1 0.253125 0.39375 0.015625 0.0421875
1 0.13671875 0.30234375 0.0125 0.0375
1 0.51640625 0.4015625 0.0203125 0.0390625
1 0.4484375 0.11171875 0.0109375 0.0234375
1 0.184375 0.415625 0.0171875 0.04375
1 0.340625 0.19921875 0.0125 0.03125
1 0.00859375 0.61875 0.0171875 0.0578125
2 0.271875 0.27265625 0.0140625 0.0328125
1 0.36171875 0.603125 0.021875 0.05625
1 0.0578125 0.20078125 0.0140625 0.0265625
1 0.0078125 0.20859375 0.015625 0.034375
1 0.41484375 0.16171875 0.0109375 0.0265625
1 0.68046875 0.175 0.0140625 0.0296875
0 0.99453125 0.49453125 0.0109375 0.015625