1 0.73515625 0.2390625 0.01875 0.03125
1 0.3984375 0.42734375 0.01875 0.040625
1 0.221875 0.359375 0.0140625 0.0359375
1 0.465625 0.49140625 0.0234375 0.0390625
1 0.478125 0.29609375 0.015625 0.034375
1 0.91328125 0.22109375 0.0171875 0.0296875
1 0.30703125 0.26484375 0.0140625 0.0359375
1 0.221875 0.48359375 0.0140625 0.0421875
1 0.53828125 0.22421875 0.0140625 0.034375
1 0.68671875 0.16953125 0.0140625 0.03125
1 0.546875 0.328125 0.021875 0.0359375
1 0.67109375 0.1671875 0.0140625 0.03125
1 0.81640625 0.215625 0.0171875 0.028125
1 0.1390625 0.2328125 0.0140625 0.03125
1 0.571875 0.2390625 0.0140625 0.0359375
1 0.56640625 0.1359375 0.0125 0.03125
1 0.90078125 0.37265625 0.0203125 0.040625
1 0.7859375 0.3265625 0.0265625 0.0390625
1 0.809375 0.25078125 0.01875 0.028125
0 0.82265625 0.26640625 0.009375 0.0109375
2 0.5484375 0.26484375 0.0140625 0.034375
1 0.70703125 0.11640625 0.015625 0.028125
1 0.31640625 0.25625 0.0125 0.03125