1 0.03203125 0.425 0.01875 0.0421875
1 0.55703125 0.2015625 0.0109375 0.034375
1 0.33046875 0.23515625 0.0125 0.0359375
1 0.44375 0.26875 0.0125 0.0359375
1 0.578125 0.146875 0.0109375 0.03125
1 0.48046875 0.4015625 0.0125 0.0421875
1 0.2421875 0.23671875 0.0109375 0.0359375
1 0.59609375 0.2609375 0.0109375 0.0359375
2 0.48828125 0.265625 0.0125 0.0375
1 0.25234375 0.16640625 0.0109375 0.03125
2 0.621875 0.10546875 0.0109375 0.0296875
1 0.61875 0.3484375 0.0125 0.0390625
1 0.20234375 0.16640625 0.0125 0.0296875
1 0.47421875 0.16953125 0.0109375 0.0328125
1 0.2609375 0.51484375 0.0140625 0.040625
1 0.35859375 0.1625 0.0109375 0.03125
1 0.52265625 0.14765625 0.0125 0.03125
1 0.384375 0.1296875 0.0078125 0.0265625
1 0.28359375 0.15546875 0.0125 0.028125
1 0.23671875 0.13515625 0.0109375 0.0296875
1 0.103125 0.18125 0.0125 0.0328125
1 0.05625 0.25390625 0.0125 0.0375