1 0.43515625 0.20625 0.0125 0.034375
1 0.55390625 0.2640625 0.0125 0.0359375
1 0.92421875 0.24921875 0.0171875 0.0390625
1 0.79140625 0.16640625 0.0109375 0.0296875
1 0.42109375 0.15078125 0.009375 0.03125
1 0.52578125 0.1703125 0.0109375 0.0328125
1 0.94765625 0.4234375 0.01875 0.0390625
1 0.51640625 0.40078125 0.0125 0.0453125
1 0.60234375 0.13046875 0.009375 0.028125
1 0.4640625 0.146875 0.009375 0.028125
1 0.39296875 0.259375 0.0109375 0.0375
1 0.88203125 0.18046875 0.0125 0.034375
1 0.75234375 0.13046875 0.009375 0.0234375
1 0.703125 0.1546875 0.009375 0.0265625
1 0.3703125 0.3484375 0.0171875 0.0375
1 0.7171875 0.51015625 0.021875 0.0453125
2 0.49765625 0.26640625 0.0125 0.034375
1 0.6578125 0.23515625 0.0125 0.034375
1 0.7484375 0.1671875 0.0125 0.0296875
1 0.63046875 0.1640625 0.0078125 0.0359375
1 0.74296875 0.2359375 0.0125 0.034375
2 0.371875 0.1078125 0.0140625 0.025